711 1
528 
346 
62 
450 
26 
707 
121 
664 
538 
559 
97 
683 
220 
693 
71 
107 
164 
2 
190 
400 
111 
151 
132 
114 
93 
149 
395 
129 
641 
459 
2 
199 
243 
706 
358 
139 
508 
383 
188 
699 
628 
214 
216 
598 
107 
372 
503 
585 
134 
282 
414 
302 
402 
275 
529 
104 
138 
85 
4 
55 
287 
26 
0 
339 
559 
596 
128 
232 
62 
635 
451 
233 
614 
652 
254 
630 
409 
554 
123 
31 
2 
26 
423 
683 
109 
428 
101 
159 
613 
93 
427 
608 
338 
454 
97 
271 
631 
40 
568 
545 
3 
85 
502 
115 
317 
644 
602 
450 
240 
383 
45 
271 
593 
530 
613 
699 
47 
564 
130 
470 
598 
530 
196 
212 
196 
344 
547 
19 
668 
235 
31 
370 
334 
206 
642 
296 
85 
680 
585 
361 
19 
310 
527 
692 
465 
85 
421 
136 
48 
45 
564 
466 
241 
707 
463 
240 
575 
475 
664 
162 
619 
449 
206 
399 
333 
358 
19 
164 
545 
47 
276 
598 
159 
462 
545 
529 
508 
705 
395 
577 
593 
346 
435 
228 
336 
590 
254 
280 
459 
498 
275 
216 
486 
162 
20 
694 
567 
29 
318 
275 
196 
338 
97 
247 
473 
151 
486 
630 
184 
700 
300 
97 
7 
102 
317 
502 
700 
706 
199 
333 
663 
55 
107 
518 
128 
247 
129 
675 
486 
129 
356 
31 
97 
93 
89 
350 
55 
503 
533 
572 
502 
98 
693 
29 
129 
491 
70 
593 
149 
349 
390 
696 
71 
697 
152 
510 
52 
164 
630 
587 
518 
526 
215 
219 
707 
81 
404 
55 
184 
262 
450 
263 
97 
230 
93 
93 
333 
462 
428 
152 
394 
243 
486 
520 
344 
69 
126 
149 
344 
683 
706 
203 
312 
563 
458 
12 
210 
129 
296 
58 
488 
239 
509 
538 
31 
577 
395 
131 
344 
661 
301 
469 
451 
206 
12 
668 
458 
93 
309 
16 
662 
449 
189 
400 
30 
439 
666 
101 
565 
666 
80 
510 
618 
613 
530 
159 
212 
439 
603 
488 
424 
561 
424 
613 
17 
274 
402 
450 
530 
587 
309 
545 
71 
596 
361 
459 
339 
664 
177 
118 
40 
706 
390 
343 
280 
575 
109 
608 
601 
311 
523 
306 
339 
390 
564 
1 
569 
324 
472 
622 
355 
22 
89 
238 
706 
203 
617 
631 
109 
632 
333 
279 
47 
89 
705 
598 
529 
344 
699 
456 
40 
664 
128 
385 
572 
193 
177 
70 
93 
509 
306 
634 
192 
107 
503 
678 
301 
598 
93 
193 
679 
528 
591 
456 
497 
616 
208 
233 
401 
617 
699 
594 
428 
142 
545 
212 
97 
319 
268 
343 
663 
694 
301 
625 
268 
439 
483 
310 
212 
30 
569 
67 
241 
159 
489 
666 
673 
488 
241 
563 
529 
658 
692 
465 
255 
502 
2 
24 
282 
454 
664 
608 
309 
152 
98 
55 
199 
212 
680 
301 
334 
394 
152 
602 
230 
683 
8 
3 
690 
701 
451 
93 
561 
451 
70 
564 
354 
2 
613 
149 
564 
62 
281 
132 
683 
142 
625 
395 
370 
588 
97 
454 
49 
457 
151 
93 
520 
94 
356 
638 
188 
212 
664 
669 
123 
37 
98 
224 
239 
317 
115 
272 
449 
465 
159 
638 
518 
181 
304 
643 
707 
301 
37 
55 
296 
63 
545 
2 
194 
184 
206 
614 
358 
55 
95 
559 
679 
123 
486 
30 
401 
266 
142 
502 
193 
462 
668 
301 
563 
55 
12 
665 
529 
642 
334 
276 
212 
394 
212 
498 
71 
262 
564 
607 
705 
302 
126 
598 
259 
93 
31 
93 
346 
266 
598 
625 
93 
439 
214 
293 
449 
507 
446 
588 
240 
606 
307 
134 
216 
330 
312 
450 
658 
104 
285 
408 
400 
421 
563 
85 
400 
608 
465 
709 
103 
302 
296 
164 
197 
296 
132 
643 
240 
666 
152 
469 
345 
449 
642 
121 
520 
625 
197 
93 
575 
193 
588 
608 
157 
107 
465 
538 
266 
482 
55 
665 
331 
707 
598 
189 
530 
103 
52 
44 
615 
309 
444 
666 
93 
307 
611 
339 
31 
507 
301 
78 
300 
449 
177 
94 
402 
129 
240 
216 
22 
302 
463 
590 
61 
123 
428 
443 
450 
509 
316 
569 
317 
491 
93 
370 
454 
454 
129 
18 
200 
528 
212 
528 
486 
575 
31 
