165 1
55 
76 
164 
97 
83 
146 
17 
141 
15 
1 
93 
87 
145 
65 
140 
60 
12 
108 
4 
9 
42 
138 
9 
126 
49 
68 
74 
140 
103 
20 
51 
22 
30 
74 
2 
118 
83 
122 
116 
93 
62 
62 
87 
96 
24 
87 
73 
94 
28 
116 
107 
150 
24 
56 
114 
45 
120 
93 
146 
84 
48 
120 
154 
105 
138 
51 
107 
86 
57 
46 
47 
135 
141 
82 
69 
153 
163 
85 
46 
22 
73 
142 
69 
16 
140 
156 
37 
58 
134 
157 
63 
79 
155 
28 
132 
35 
154 
3 
22 
136 
157 
85 
65 
66 
145 
93 
66 
98 
72 
151 
69 
21 
88 
140 
138 
31 
103 
31 
60 
39 
90 
111 
161 
161 
27 
149 
75 
57 
144 
96 
56 
50 
55 
121 
146 
31 
120 
140 
39 
147 
79 
96 
10 
1 
121 
13 
36 
26 
7 
106 
84 
40 
155 
63 
43 
71 
144 
13 
37 
106 
106 
42 
27 
78 
120 
