45 11
9 22 39 35 18 7 22 12 13 22 16 
33 23 35 36 22 24 30 16 22 7 18 
4 29 23 13 34 40 10 22 37 5 7 
30 8 3 3 22 3 1 12 23 25 18 
37 37 40 7 13 17 15 14 30 2 37 
33 23 35 0 22 6 44 26 22 16 21 
20 7 14 28 0 37 23 10 1 11 31 
3 17 28 23 18 22 17 40 44 28 12 
5 33 9 35 36 37 23 10 42 12 18 
22 35 29 11 28 17 35 1 28 12 37 
22 28 30 41 28 17 35 1 28 11 37 
10 22 39 35 18 16 22 12 13 22 7 
9 22 27 35 21 16 22 0 13 22 7 
37 40 37 16 13 38 39 9 3 32 40 
22 35 29 36 35 24 28 5 35 12 40 
16 44 1 27 38 22 17 32 32 22 30 
29 38 35 23 31 22 38 37 44 28 41 
1 7 14 35 0 37 23 9 1 12 18 
30 33 14 33 27 27 38 15 15 9 7 
43 30 23 4 4 40 9 22 40 25 26 
26 23 28 0 22 24 44 33 22 26 18 
44 7 10 26 27 27 8 27 27 10 33 
24 23 22 0 6 11 4 41 2 4 18 
42 32 22 22 44 0 11 35 37 4 18 
5 16 14 28 36 40 23 10 25 11 18 
33 23 28 0 22 6 29 26 22 16 18 
29 6 28 23 18 22 8 40 44 28 0 
16 30 42 15 38 22 17 2 19 22 30 
40 18 35 15 26 22 19 40 31 17 24 
29 24 3 3 22 30 20 12 23 1 18 
29 17 3 29 22 3 25 11 23 42 18 
29 7 9 16 15 39 6 15 39 10 33 
4 30 23 34 4 40 10 22 37 20 16 
30 38 35 23 31 22 17 40 44 28 36 
40 37 40 26 43 38 39 14 3 32 37 
37 31 35 15 7 22 32 40 18 24 6 
14 22 27 28 21 7 22 0 4 22 16 
25 9 10 32 41 43 39 35 15 5 15 
25 26 14 28 11 37 23 14 5 41 18 
33 30 1 39 38 22 6 32 2 22 30 
42 10 9 32 11 43 27 28 27 42 15 
14 22 15 28 31 16 22 41 43 22 7 
33 23 35 0 22 8 44 7 22 26 18 
37 37 37 33 34 6 15 9 29 19 37 
30 38 30 3 22 29 1 41 23 25 31 
