697 15
109 139 259 146 141 312 65 415 310 427 267 368 485 196 46 
415 500 274 205 168 228 544 532 291 154 256 265 619 491 100 
597 298 168 316 127 467 142 311 205 372 678 429 342 692 626 
606 628 153 160 652 674 66 463 538 642 205 585 25 116 122 
154 647 375 251 186 669 351 102 3 529 598 388 124 88 598 
546 290 227 623 162 445 448 381 119 661 373 93 155 220 560 
89 565 168 415 39 289 261 125 122 196 53 366 220 677 170 
485 226 606 202 529 39 170 50 374 242 98 9 437 479 196 
359 385 600 672 177 239 380 482 292 29 467 68 551 96 534 
112 502 476 36 606 402 138 30 674 245 643 140 413 500 31 
184 438 309 75 221 132 479 146 100 220 430 150 318 512 517 
662 653 357 488 473 661 9 411 18 674 619 424 643 673 552 
167 46 206 528 221 132 246 2 47 191 634 537 688 454 278 
551 567 394 641 188 68 192 242 628 38 409 177 640 204 339 
168 529 610 524 290 531 317 616 658 37 645 443 343 533 323 
228 89 459 263 300 29 643 259 355 140 496 677 454 462 34 
554 382 0 366 532 516 301 556 52 409 196 140 306 294 430 
182 18 39 457 179 398 407 39 72 623 118 463 472 407 463 
410 696 254 482 267 575 318 231 120 249 347 693 200 3 87 
534 229 325 188 428 211 619 254 295 275 513 22 221 570 598 
168 529 682 576 621 606 317 372 639 351 219 250 538 403 124 
337 369 562 392 626 199 191 473 238 85 302 622 256 644 168 
257 200 570 141 79 309 553 441 261 251 95 97 205 329 100 
119 557 339 690 342 150 266 693 676 359 258 273 342 221 448 
463 531 631 456 648 62 652 364 192 239 184 430 491 159 689 
304 659 141 20 116 336 586 305 470 510 610 164 533 86 118 
401 656 598 403 141 523 9 619 181 141 467 511 249 418 184 
364 550 439 623 133 94 127 353 119 320 626 348 288 173 614 
415 429 316 205 168 261 69 190 291 154 183 454 619 491 542 
261 629 622 263 156 615 646 366 355 140 662 677 454 626 34 
97 170 584 619 193 639 125 533 205 571 172 460 202 339 612 
286 288 346 290 49 220 340 62 462 362 133 358 660 200 354 
18 47 674 672 260 41 586 626 573 269 433 235 449 481 25 
479 368 159 401 574 128 401 254 141 140 206 415 243 168 512 
463 165 394 340 64 61 121 319 192 295 438 57 342 667 689 
641 501 604 566 531 221 138 30 229 623 646 582 374 650 589 
136 463 221 596 626 263 47 537 374 228 168 299 150 97 1 
137 295 230 680 628 493 671 325 97 491 122 534 422 240 675 
186 286 11 423 402 197 594 482 47 495 584 110 42 454 237 
690 200 261 16 305 341 491 375 229 413 485 424 280 115 111 
327 200 580 563 200 3 619 326 632 329 289 316 373 218 599 
632 290 227 575 283 279 127 246 119 661 373 65 157 173 559 
549 330 91 563 653 661 65 606 654 641 622 154 97 309 470 
556 695 412 243 277 79 128 24 177 216 5 469 627 63 430 
404 369 108 183 418 98 253 307 171 580 601 238 324 411 217 
75 263 29 97 187 379 411 188 475 208 47 195 516 543 485 
485 103 649 249 60 586 208 575 576 361 170 294 285 275 458 
638 458 171 505 100 61 92 36 485 47 339 128 501 307 388 
438 184 309 75 402 104 479 126 414 220 57 588 311 512 166 
556 111 412 693 289 79 128 664 516 41 258 469 530 284 57 
438 184 567 59 221 132 660 126 100 32 57 348 311 501 338 
112 556 600 262 516 239 380 482 202 29 534 413 551 535 467 
304 509 141 652 116 336 586 231 36 336 161 164 403 610 118 
641 385 600 343 516 601 237 482 292 673 534 68 575 66 467 
606 340 636 332 25 654 256 301 462 514 464 329 383 171 89 
305 200 689 244 200 3 619 244 297 291 289 316 92 91 381 
652 291 674 286 389 350 249 24 668 401 497 572 634 608 311 
263 355 55 485 21 218 138 556 321 430 67 401 224 374 586 
539 650 120 181 71 350 25 205 386 273 211 519 316 240 642 
183 655 114 620 182 223 495 473 205 644 435 475 419 331 178 
248 200 109 442 438 619 356 20 479 142 232 614 195 67 13 
32 80 37 87 221 674 463 262 482 341 598 341 430 430 388 
173 224 351 170 402 674 463 343 406 328 598 180 57 430 388 
20 291 674 286 673 210 416 24 341 401 445 383 584 334 17 
687 249 619 18 304 554 332 544 582 415 168 73 318 211 359 
467 674 585 39 140 536 619 602 601 98 452 570 221 570 598 
144 330 151 507 412 410 620 304 671 556 619 213 200 24 422 
401 134 598 533 141 27 508 619 409 141 534 570 416 611 408 
50 131 275 251 411 147 511 308 606 291 188 230 47 516 497 
248 200 524 442 184 619 234 20 577 288 107 409 343 662 160 
631 464 264 658 167 116 430 619 359 334 271 266 422 221 174 
674 32 47 138 89 91 58 401 597 342 96 200 351 407 244 
248 200 71 563 200 598 619 186 137 110 102 316 462 567 353 
556 539 25 6 84 79 128 24 177 258 164 635 423 475 280 
359 556 228 538 516 426 237 406 519 615 467 413 575 66 534 
571 655 504 271 290 474 114 454 205 661 566 460 186 189 22 
555 355 615 97 139 192 585 188 56 520 47 262 516 644 485 
475 130 477 514 351 332 491 488 205 351 577 12 485 376 465 
677 1 339 258 60 274 87 427 204 411 431 266 90 352 204 
213 354 115 280 220 387 356 316 339 486 402 57 36 2 626 
401 337 598 403 141 216 595 619 560 141 534 511 416 549 574 
498 618 497 674 8 621 177 160 429 364 146 205 534 273 100 
600 629 601 174 300 673 643 366 263 583 224 677 454 462 34 
608 200 387 95 203 619 70 20 660 604 365 117 195 224 160 
291 564 415 298 641 361 683 6 177 52 258 475 334 107 293 
315 312 355 219 187 444 401 315 32 335 642 47 429 33 547 
48 116 156 237 674 97 64 510 339 290 85 3 334 460 200 
441 616 374 553 33 212 638 549 63 494 232 266 70 500 317 
533 271 261 521 193 480 89 359 458 564 282 278 687 406 39 
513 17 414 401 276 62 32 83 176 626 666 415 628 286 246 
91 406 200 586 221 188 584 141 601 180 636 102 49 205 586 
667 498 335 381 618 112 51 587 64 402 568 393 54 411 467 
154 476 458 562 228 169 646 429 316 551 677 269 355 154 187 
467 674 325 188 583 211 619 198 622 275 427 670 402 570 3 
479 319 236 401 408 128 401 680 141 140 278 415 693 168 502 
43 453 435 280 220 576 356 274 138 347 221 57 566 406 462 
318 592 13 452 25 378 271 379 71 385 619 431 200 664 18 
646 678 397 69 239 159 102 373 541 619 667 501 695 339 46 
229 271 193 471 394 231 467 195 535 601 221 558 567 430 467 
687 249 619 119 192 565 332 544 583 415 168 335 311 503 112 
238 125 650 693 15 3 180 485 47 622 50 294 339 280 607 
537 62 415 528 359 445 356 6 516 412 523 284 608 232 192 
329 564 415 541 641 497 70 6 177 447 5 284 327 349 293 
337 215 229 188 205 381 457 25 318 228 251 255 403 621 218 
467 162 607 539 452 646 411 356 222 304 79 15 294 261 584 
327 200 71 563 200 3 619 419 364 613 101 274 92 309 691 
326 549 624 465 418 388 108 344 358 580 239 517 396 325 540 
123 274 83 358 259 193 44 2 357 253 249 16 317 397 401 
516 586 591 151 407 611 401 485 684 174 104 97 111 71 473 
109 476 97 97 443 307 410 259 478 205 459 601 352 619 358 
641 429 557 674 246 289 344 112 622 451 233 473 368 233 372 
190 60 141 438 251 628 633 403 308 126 310 391 134 174 45 
307 373 605 278 671 450 533 256 323 485 324 267 416 159 610 
97 330 446 171 232 157 591 648 556 371 46 546 364 616 515 
124 463 151 304 460 316 201 429 688 490 177 600 21 34 543 
123 463 221 170 462 355 47 329 413 261 168 338 348 97 28 
633 31 632 598 262 141 98 465 306 370 317 249 267 463 112 
503 672 361 229 176 182 516 13 500 486 684 205 534 110 100 
197 529 101 298 339 558 411 615 168 403 650 47 508 583 250 
86 133 466 406 553 54 17 327 302 249 137 324 200 3 242 
218 2 200 586 402 188 634 141 239 75 636 289 685 205 586 
168 276 397 109 550 165 178 208 130 37 219 187 672 533 617 
4 55 309 419 603 644 421 606 306 359 426 154 97 218 115 
359 313 288 449 531 402 339 602 229 551 646 140 68 312 326 
106 423 47 96 692 408 236 141 465 619 467 62 337 529 10 
642 115 433 132 120 160 46 497 351 677 380 512 135 403 220 
109 443 366 126 141 500 150 415 250 427 267 364 485 669 46 
359 556 228 21 177 207 278 2 292 673 534 374 551 569 467 
565 665 108 197 390 160 286 303 37 677 11 247 695 533 173 
522 288 462 208 252 131 649 236 307 387 31 0 108 419 304 
230 647 471 514 37 332 342 488 205 351 660 12 485 605 571 
413 359 213 641 154 414 172 17 154 138 519 97 286 92 615 
467 129 24 638 346 646 325 233 501 379 442 673 89 228 634 
505 155 92 372 252 456 86 667 444 109 244 0 624 419 293 
645 249 619 119 379 642 100 60 428 415 168 73 17 498 359 
652 60 141 203 251 628 599 403 366 126 139 76 134 355 322 
641 247 604 566 606 402 138 680 229 623 643 582 374 312 404 
47 239 307 616 435 374 84 629 55 20 620 534 224 662 397 
500 512 610 96 352 390 46 34 40 351 304 39 151 47 585 
412 332 553 683 512 416 44 677 131 607 128 2 39 275 215 
422 672 32 79 220 551 678 73 584 94 94 322 116 218 120 
520 320 155 203 409 76 45 560 362 68 352 336 533 16 224 
423 429 355 219 450 444 401 446 173 73 484 47 312 279 258 
475 658 477 146 351 542 491 680 205 37 660 38 485 114 256 
550 18 39 609 158 398 407 188 105 245 654 463 300 624 463 
46 142 666 182 73 173 456 62 373 362 162 358 660 200 354 
214 187 106 0 141 363 150 415 250 625 267 347 485 669 46 
677 346 138 258 544 316 170 346 324 585 301 434 390 132 6 
677 1 138 5 83 274 242 346 6 325 335 313 120 197 270 
606 340 636 414 412 118 571 43 462 126 464 329 572 171 89 
467 674 585 39 140 189 619 30 601 388 666 670 221 22 3 
551 91 147 359 39 413 293 596 628 590 614 516 453 270 339 
537 246 690 37 362 528 282 163 472 555 206 658 205 268 402 
231 200 109 95 574 619 356 481 479 476 349 614 21 224 13 
67 202 111 17 123 16 72 527 248 640 131 401 253 600 444 
315 312 174 645 250 307 401 627 173 685 484 47 429 425 5 
219 416 619 18 293 484 100 69 140 415 168 49 144 536 641 
423 650 174 687 187 548 401 528 173 335 484 47 650 279 258 
18 637 339 690 342 93 266 204 232 641 258 329 491 402 176 
618 175 78 570 220 47 481 613 362 359 374 141 616 415 625 
575 91 78 359 39 374 304 170 628 227 117 516 640 204 138 
10 597 300 380 229 97 337 510 339 550 235 3 327 63 200 
179 476 92 208 488 131 682 667 344 109 145 126 108 404 304 
641 385 600 262 516 459 278 482 519 615 534 68 149 66 467 
368 290 540 623 282 33 51 353 18 88 462 581 235 173 117 
485 47 539 203 628 460 463 586 18 385 148 163 193 84 554 
273 599 108 37 125 315 696 163 99 180 380 143 205 469 221 
286 235 507 182 431 173 340 62 462 125 696 171 660 200 640 
463 561 676 132 179 198 620 675 155 245 61 307 261 135 34 
321 102 623 172 501 79 383 593 678 10 261 401 263 282 18 
441 208 68 267 279 123 539 360 460 594 521 434 233 650 570 
58 691 360 274 669 513 286 141 163 373 45 641 571 600 489 
542 415 177 111 69 593 548 115 606 154 677 585 134 301 228 
18 47 229 343 478 5 586 373 8 634 624 85 665 20 371 
351 457 574 271 98 358 327 653 516 674 263 265 463 95 275 
291 691 433 351 128 298 162 51 337 180 380 647 205 654 402 
641 385 228 538 177 622 206 406 292 82 467 374 551 66 534 
140 171 407 677 47 442 102 141 183 200 650 14 422 665 685 
302 200 22 141 79 309 553 85 228 131 79 97 205 613 542 
422 638 339 253 491 150 501 324 676 641 5 110 491 402 163 
256 10 400 620 58 655 376 473 205 357 435 63 419 211 22 
432 492 497 229 53 290 177 160 650 368 0 205 467 537 100 
638 650 257 559 671 322 447 205 640 291 432 202 274 631 642 
274 466 17 178 424 485 460 427 13 520 583 629 206 270 673 
97 55 528 358 349 288 158 648 385 52 286 137 319 520 663 
608 200 671 589 200 3 619 31 319 110 84 274 626 567 490 
46 155 513 290 73 32 456 62 462 128 129 358 577 200 612 
457 414 267 233 313 416 106 677 340 24 362 482 39 98 124 
433 200 261 386 248 668 342 219 229 68 485 424 280 566 557 
64 124 229 188 205 384 371 25 144 228 456 510 403 621 91 
168 525 610 109 290 458 287 208 477 37 375 310 492 403 124 
323 463 151 379 63 274 470 500 688 384 516 228 343 607 88 
302 168 171 116 640 287 451 406 17 18 92 228 171 643 465 
565 115 108 104 390 151 286 279 37 677 206 222 557 403 32 
168 525 610 109 290 606 511 372 130 37 645 250 21 533 124 
99 549 99 4 626 668 376 265 399 441 120 207 571 88 168 
283 582 119 501 553 20 292 583 157 250 556 385 264 666 37 
467 129 664 557 427 643 411 234 502 304 95 615 629 261 634 
97 596 634 619 362 639 125 403 205 571 601 56 202 339 612 
183 225 376 271 58 10 605 473 205 88 470 230 244 103 570 
356 354 311 271 450 34 150 118 537 553 553 366 565 25 660 
518 463 402 87 373 174 47 613 413 228 168 299 93 97 28 
508 143 653 684 8 351 121 319 324 162 39 200 629 485 122 
97 72 315 358 232 476 505 64 385 52 286 137 486 208 505 
629 565 168 415 39 277 228 193 383 226 573 106 32 677 87 
47 600 510 655 16 122 24 163 429 176 261 219 76 126 572 
662 493 499 602 265 357 508 585 18 229 619 424 646 673 245 
542 415 516 637 69 418 307 201 165 154 677 411 648 49 228 
576 619 229 402 231 516 516 619 252 142 665 509 344 570 620 
600 629 172 174 472 209 646 308 174 583 675 677 265 626 664 
180 174 209 97 310 304 325 39 284 520 47 672 177 543 485 
99 603 674 39 205 594 457 371 311 261 456 255 533 550 218 
112 502 155 201 606 402 138 488 229 552 646 582 68 429 419 
385 638 25 6 101 442 128 607 516 258 5 545 541 63 57 
387 155 97 97 450 548 682 366 260 205 295 459 104 619 358 
106 541 47 96 614 438 236 141 571 619 467 564 300 525 10 
297 550 540 245 162 497 53 691 18 543 626 93 476 173 692 
31 46 380 315 402 352 490 406 47 376 264 537 480 265 380 
159 331 73 246 618 641 163 420 337 402 521 394 54 585 534 
593 566 112 446 480 499 29 463 173 678 687 390 262 569 525 
18 47 229 343 478 5 586 92 53 269 407 155 36 481 371 
158 619 366 473 647 47 146 693 164 612 310 18 373 309 643 
66 83 171 695 57 551 1 398 401 373 103 520 90 491 406 
408 203 91 436 221 132 660 0 100 220 280 421 144 502 517 
401 648 3 533 141 547 35 619 117 141 534 178 416 296 408 
408 438 309 555 402 578 577 684 542 32 430 150 318 502 338 
133 583 119 501 678 532 292 583 604 250 385 556 264 346 351 
145 46 237 541 402 197 691 406 47 191 634 273 688 473 278 
173 112 423 168 314 133 188 5 556 183 351 3 39 15 58 
571 209 481 39 372 586 304 256 504 128 23 336 379 397 81 
481 613 229 46 615 76 416 664 180 401 686 122 558 241 17 
436 249 364 185 491 272 64 279 314 300 525 378 529 223 467 
136 274 69 171 366 193 259 2 88 108 416 386 670 682 401 
631 464 269 77 186 597 280 619 112 417 271 502 18 221 263 
148 272 269 639 563 597 57 619 641 231 620 512 18 402 263 
541 429 355 375 139 548 401 530 32 73 281 47 363 279 258 
343 345 393 287 32 47 14 273 193 359 374 141 616 415 28 
67 603 88 252 473 644 136 585 18 674 619 382 646 673 552 
537 246 690 351 128 587 696 53 656 75 206 477 205 306 221 
100 415 516 135 60 296 548 115 531 154 677 585 64 43 600 
677 1 138 164 69 316 170 666 693 411 73 502 390 104 204 
328 249 319 105 491 107 64 425 424 562 529 682 451 474 467 
85 208 68 267 361 9 111 4 460 246 676 501 234 312 317 
629 642 168 415 188 84 261 362 483 226 163 398 173 677 242 
286 395 507 58 43 220 251 564 373 193 129 358 660 200 16 
606 456 348 332 447 377 256 431 92 684 464 273 122 358 89 
605 351 592 26 91 2 131 673 46 98 450 696 91 465 63 
96 83 171 135 57 575 507 579 401 92 498 208 257 342 406 
75 416 368 592 342 232 337 686 314 562 451 378 525 659 467 
598 413 415 112 651 530 516 61 255 216 482 136 519 407 45 
457 100 678 233 501 249 44 677 340 24 362 406 188 275 653 
374 359 73 359 154 414 601 311 154 138 202 97 46 92 615 
97 242 558 619 128 130 362 533 205 256 207 284 519 138 386 
516 586 158 13 624 418 401 485 0 355 352 97 557 689 265 
97 170 269 619 128 143 128 403 205 183 239 56 519 138 386 
485 226 531 292 525 188 242 474 374 242 388 9 655 660 669 
274 254 17 511 314 485 475 346 151 616 140 89 237 396 389 
91 2 200 586 402 39 634 141 239 199 588 277 335 205 586 
486 621 590 552 282 425 573 633 18 499 462 19 157 32 409 
563 593 624 465 549 275 624 344 358 580 601 299 6 585 12 
189 454 303 332 172 65 442 415 661 370 182 316 612 454 629 
220 641 298 168 382 367 39 216 556 465 351 598 39 209 290 
656 369 472 593 462 668 376 265 238 395 120 207 183 357 168 
37 412 574 620 388 358 231 617 177 674 355 454 463 79 98 
598 634 157 4 367 469 51 139 467 694 404 202 88 501 584 
261 605 379 3 663 174 265 46 200 181 621 52 178 57 141 
535 69 358 638 57 575 28 259 401 373 503 372 390 491 406 
537 257 21 537 492 382 571 324 27 370 228 597 641 188 182 
197 525 101 446 138 264 585 673 168 533 363 47 518 428 443 
3 269 142 285 696 654 176 139 467 694 404 519 88 512 634 
629 281 168 415 39 277 228 128 455 669 448 398 220 677 242 
125 524 212 513 136 118 388 431 619 311 173 98 270 660 661 
518 274 153 358 106 125 308 482 320 253 249 354 178 682 401 
641 312 638 229 691 277 444 641 207 525 683 454 364 234 372 
12 684 70 557 619 586 97 362 444 151 284 406 463 302 430 
674 620 362 658 147 248 467 343 96 459 402 634 567 57 467 
32 265 535 606 463 1 110 244 12 128 661 494 249 586 621 
613 564 415 298 359 686 233 324 177 457 27 475 327 349 379 
80 617 644 254 454 357 123 325 18 674 619 478 643 29 551 
479 347 667 401 184 128 401 252 141 428 11 415 6 168 313 
263 263 55 485 262 218 339 556 71 430 224 401 675 374 586 
321 101 245 295 502 79 572 285 678 509 261 401 263 129 18 
663 155 92 372 254 456 86 236 548 576 419 146 690 563 304 
179 155 462 520 252 340 682 159 444 576 326 0 690 419 304 
194 329 229 46 29 76 416 34 555 401 279 383 264 248 17 
154 143 219 131 419 669 37 277 3 529 598 275 653 320 3 
485 440 378 249 69 586 372 575 109 94 242 294 369 275 606 
120 200 22 141 442 91 678 476 261 340 442 97 205 110 100 
627 500 174 219 443 444 401 530 173 685 642 47 500 279 523 
613 62 415 587 641 425 683 243 516 25 547 460 327 365 379 
557 363 90 692 671 76 52 205 453 110 536 292 316 631 554 
359 500 557 229 599 102 444 359 622 525 234 473 364 356 616 
518 471 215 684 127 351 121 297 270 282 39 200 89 485 480 
390 168 358 628 640 570 529 2 17 119 373 600 358 643 256 
1 318 542 401 525 61 173 69 53 462 346 415 597 46 384 
100 415 177 637 153 392 548 201 606 154 677 325 99 213 261 
154 130 375 251 244 226 37 289 598 529 598 388 493 499 598 
47 295 548 372 449 68 101 629 105 652 271 534 80 675 649 
329 585 203 416 440 462 188 272 478 10 50 434 175 292 519 
613 594 690 351 128 315 282 74 300 328 206 477 205 306 402 
687 249 619 119 379 554 100 69 428 415 168 213 144 536 112 
385 557 371 243 101 79 128 34 516 41 216 306 423 63 280 
91 406 200 586 402 39 558 141 459 668 581 277 49 205 586 
479 347 236 401 408 125 401 30 141 428 380 415 6 168 247 
257 168 358 597 386 22 451 406 17 119 373 228 171 643 571 
75 249 347 526 342 272 134 425 260 156 529 410 276 659 534 
132 451 277 627 138 584 325 615 168 403 650 47 508 140 187 
317 596 8 73 564 160 200 380 276 154 264 46 598 338 40 
186 360 253 465 611 388 407 548 171 321 295 238 6 411 590 
667 440 431 633 21 359 448 541 134 221 272 561 245 325 534 
468 542 553 683 502 249 579 677 340 34 125 2 39 388 493 
290 422 39 609 179 106 253 39 330 575 268 463 99 253 463 
89 415 2 244 695 174 268 253 586 693 196 32 605 608 228 
535 153 171 637 430 552 346 366 401 92 103 372 120 342 2 
536 265 303 332 426 19 95 415 644 334 290 316 386 265 629 
110 325 113 416 211 462 39 676 424 659 223 502 338 202 292 
217 514 233 557 619 586 97 193 307 13 56 2 463 302 430 
302 200 178 141 442 218 678 85 228 251 95 97 205 537 332 
182 422 39 447 527 44 108 188 185 623 654 463 656 433 463 
47 426 444 372 665 374 102 89 40 481 271 534 67 26 378 
533 271 261 107 128 455 294 112 531 61 283 206 219 482 39 
229 32 47 339 629 218 621 401 597 491 96 200 37 108 244 
328 355 29 97 250 293 411 39 475 616 47 195 177 88 485 
579 528 47 535 559 203 159 141 465 619 534 62 156 529 50 
629 169 168 415 39 101 261 362 383 226 74 366 32 677 87 
271 200 184 619 623 389 454 339 415 429 444 152 385 659 685 
286 157 625 550 49 173 340 61 92 128 506 358 479 200 640 
555 249 347 105 491 464 656 33 424 562 529 378 525 509 467 
465 437 191 620 621 10 376 473 205 320 665 56 31 189 178 
641 363 637 674 246 101 548 112 426 276 356 454 368 70 372 
608 200 689 589 200 598 619 186 297 329 289 316 373 567 633 
656 617 674 39 205 353 609 457 318 261 251 336 533 621 567 
152 362 312 243 615 598 59 485 47 622 437 294 138 430 664 
485 669 531 519 529 188 242 655 68 596 98 508 50 479 196 
436 416 319 185 491 272 337 425 478 656 529 682 525 474 534 
385 695 371 693 84 79 193 607 177 27 258 545 315 63 430 
485 226 606 519 276 188 596 10 68 242 388 508 509 660 226 
645 416 619 119 192 642 414 153 140 415 168 685 17 103 641 
110 353 407 37 362 298 133 163 562 199 206 143 205 377 402 
312 502 397 535 578 257 46 607 694 351 304 39 151 47 325 
68 641 685 112 154 414 239 17 154 138 519 97 286 92 82 
571 659 376 620 621 50 376 454 205 88 449 63 145 103 287 
342 677 510 175 690 677 298 292 233 556 233 261 677 545 514 
337 392 337 296 462 199 191 454 175 476 90 426 256 661 168 
178 596 127 335 564 13 200 278 451 154 584 286 3 175 526 
613 353 253 351 125 423 283 448 64 59 278 130 205 545 402 
415 429 274 205 168 600 153 532 613 154 183 473 619 491 542 
47 601 307 520 201 68 289 294 694 190 620 534 80 662 161 
534 674 585 188 582 536 619 488 295 98 427 287 402 317 598 
595 274 153 171 579 128 44 406 357 624 249 354 317 649 401 
75 174 82 97 310 293 411 39 230 208 47 262 516 357 485 
347 295 56 30 628 493 689 585 97 342 42 534 18 681 675 
534 129 607 637 28 646 325 233 501 304 95 673 294 261 584 
114 351 526 67 91 482 251 82 46 275 443 162 567 465 63 
554 424 126 398 481 177 43 385 447 559 669 582 306 89 430 
351 609 184 271 275 358 248 493 177 229 263 265 463 95 388 
240 464 584 658 31 628 280 619 112 327 620 502 119 221 174 
533 620 600 349 125 480 629 359 458 61 506 380 219 482 39 
550 381 4 316 196 507 46 141 127 626 651 359 465 261 489 
307 626 376 11 671 310 533 465 603 485 243 267 416 667 86 
154 77 687 131 404 226 351 277 3 525 3 98 215 499 3 
577 486 667 401 184 128 401 198 141 583 206 415 204 168 247 
484 115 624 132 257 160 46 279 351 677 278 512 695 533 220 
294 415 482 326 135 355 118 108 586 693 196 173 114 248 600 
47 172 444 208 201 413 277 294 185 532 620 467 675 662 86 
123 274 83 358 398 125 308 2 88 690 249 386 317 86 401 
186 593 690 183 285 388 433 344 171 689 426 152 243 325 439 
505 441 462 616 602 131 410 159 344 109 589 514 690 419 304 
47 172 548 616 665 413 102 629 526 532 271 467 662 26 161 
154 143 645 131 186 196 37 101 3 525 598 275 653 661 3 
59 249 297 526 342 365 64 361 314 337 276 397 276 225 534 
293 474 141 190 597 7 586 248 115 336 610 27 533 649 654 
109 619 674 221 305 177 516 619 488 288 449 225 548 670 620 
154 395 165 648 261 169 646 650 274 575 677 264 174 154 443 
474 251 388 251 325 561 287 366 606 613 39 63 47 177 686 
392 201 112 423 688 88 389 463 220 678 219 390 618 569 529 
323 463 160 293 56 274 201 312 42 599 516 261 21 664 499 
352 451 277 420 339 634 325 82 168 533 500 47 9 428 443 
225 116 648 380 229 97 648 510 138 621 142 3 248 460 200 
90 168 358 597 612 22 451 2 144 18 92 600 358 646 465 
67 653 357 602 265 357 136 325 18 229 619 478 646 389 623 
376 37 105 662 91 2 251 15 46 98 310 367 309 183 475 
432 473 94 100 239 636 442 415 320 327 182 316 16 454 89 
369 55 91 167 323 499 19 606 469 641 622 154 97 91 470 
495 37 72 224 218 2 251 673 286 275 187 506 567 183 63 
366 98 18 233 494 363 359 619 511 467 669 684 674 492 613 
554 478 514 366 20 516 685 385 412 117 226 140 268 629 57 
214 476 97 97 250 307 86 308 382 205 459 426 352 619 358 
674 271 128 471 148 370 467 538 96 239 402 264 91 280 534 
600 294 239 174 562 82 646 259 355 428 675 677 265 373 34 
309 406 200 586 221 39 558 141 426 341 421 84 685 205 586 
436 355 29 97 250 379 585 188 475 372 47 195 177 543 485 
154 639 375 456 145 226 37 277 598 525 598 275 603 357 3 
677 513 138 216 83 316 242 427 324 585 49 266 257 132 270 
677 346 339 216 83 274 87 1 204 411 335 313 257 104 270 
530 429 174 687 443 344 401 528 220 49 461 47 312 686 164 
294 461 168 415 188 289 261 125 483 226 176 259 173 677 596 
655 116 64 278 229 97 156 510 339 621 288 598 305 284 200 
145 296 433 256 296 98 253 344 171 689 459 345 693 325 540 
291 691 407 351 193 446 283 176 99 59 206 647 205 545 221 
603 463 13 304 284 274 115 650 480 490 177 600 343 664 661 
165 646 355 168 449 316 665 194 586 335 463 117 413 274 109 
179 619 398 265 658 47 514 693 547 16 450 119 92 309 646 
21 233 617 402 186 58 544 20 168 433 73 98 452 359 356 
286 155 513 290 301 173 340 61 373 125 133 358 577 200 386 
156 323 229 39 205 381 412 609 144 228 131 7 403 550 91 
628 627 168 316 51 534 155 311 205 208 553 312 491 181 92 
177 586 158 13 624 296 401 485 126 355 578 97 638 71 454 
97 526 315 171 107 142 179 656 385 457 286 347 347 520 23 
498 262 361 229 8 550 177 151 312 632 146 205 534 110 332 
659 116 156 206 674 97 337 333 339 621 142 598 305 63 200 
620 200 184 619 149 15 454 138 415 429 344 175 556 474 73 
379 225 141 481 597 336 586 248 435 7 161 216 533 682 306 
474 456 275 456 325 631 22 579 165 291 188 475 47 516 445 
166 193 363 270 29 3 668 485 47 239 50 629 339 280 664 
289 27 390 39 96 211 151 196 612 122 60 556 479 648 381 
598 413 415 112 322 420 516 564 7 523 482 212 292 433 487 
328 249 486 72 342 568 337 686 424 648 451 682 525 48 534 
154 477 687 251 244 226 37 102 3 525 598 275 493 88 598 
46 441 452 290 73 173 456 564 92 125 282 171 479 200 612 
110 411 203 416 189 92 39 107 478 509 10 502 517 519 202 
467 229 411 39 582 331 619 680 601 275 507 287 402 670 3 
410 282 198 406 678 552 318 248 390 249 297 6 200 3 242 
613 411 113 249 503 92 39 676 382 655 50 434 517 202 292 
331 473 33 100 207 581 95 415 543 231 182 274 386 473 629 
577 347 159 401 574 128 401 602 141 582 380 415 6 168 247 
414 415 177 695 153 549 307 449 458 154 677 325 156 49 261 
415 429 316 205 168 228 60 121 537 154 571 454 619 342 332 
422 21 32 79 173 575 678 73 269 425 279 45 116 567 302 
89 415 482 563 539 355 469 108 586 204 196 220 400 248 228 
174 263 105 485 262 91 138 385 689 280 67 401 80 374 586 
556 557 468 243 102 79 362 607 177 41 27 377 446 475 280 
134 617 229 39 205 599 371 609 144 261 456 255 403 621 91 
177 586 179 160 407 285 401 485 146 263 578 97 539 321 454 
535 153 358 111 430 623 346 44 401 373 432 372 90 491 406 
35 463 402 170 92 263 47 273 413 600 168 175 588 97 507 
465 225 400 271 290 223 605 454 205 543 449 460 563 189 570 
574 184 567 328 402 578 577 684 100 32 280 19 144 434 152 
97 40 541 171 365 604 23 472 385 371 46 319 137 372 515 
186 46 237 530 221 352 384 406 47 400 584 537 383 265 278 
99 493 229 188 205 490 412 447 311 261 131 7 533 550 218 
627 429 263 687 310 444 401 627 32 335 461 47 312 279 258 
49 16 665 430 173 524 233 316 339 546 221 280 449 2 626 
25 414 678 234 313 416 44 677 456 664 193 2 188 275 653 
317 170 51 73 62 151 200 11 525 154 269 46 598 152 40 
660 486 667 401 113 193 401 602 141 428 206 415 693 168 222 
613 585 113 249 498 92 39 107 382 437 474 501 152 292 519 
192 474 141 532 628 255 586 248 665 510 86 523 403 86 545 
359 385 600 618 177 601 11 406 202 29 467 68 551 535 534 
212 463 221 242 626 263 47 291 374 228 168 345 421 97 28 
457 100 267 683 434 416 579 677 131 664 362 482 39 275 617 
220 473 569 531 463 507 537 167 38 125 499 353 416 586 182 
415 650 316 205 168 600 83 190 537 154 256 454 619 342 100 
169 424 684 366 20 177 301 385 447 117 669 582 118 629 57 
228 191 304 3 522 263 454 46 200 409 621 609 178 57 141 
418 330 218 419 323 88 65 606 306 359 239 154 97 309 566 
374 112 213 641 154 100 172 311 154 339 292 97 46 92 209 
192 474 141 532 116 333 586 608 665 7 410 216 533 397 545 
485 47 135 574 628 230 463 586 422 385 393 53 128 102 642 
332 415 516 637 69 593 307 566 165 154 677 585 472 49 261 
652 329 674 46 389 76 416 664 436 401 686 455 264 241 311 
689 84 551 459 266 95 572 360 267 474 228 401 174 162 119 
154 395 531 472 600 169 643 650 274 54 677 264 263 154 187 
619 686 52 691 318 372 445 278 131 586 628 362 601 678 688 
595 316 83 171 106 193 106 2 357 433 416 354 287 410 401 
274 466 144 511 260 485 460 452 151 372 583 89 278 693 389 
97 170 634 619 125 639 128 403 205 183 459 460 202 138 612 
374 598 251 342 599 228 47 205 285 98 651 39 264 543 141 
304 223 141 481 597 510 586 305 470 336 397 547 533 649 635 
104 525 101 446 339 584 325 15 168 403 500 47 518 583 139 
136 463 221 87 626 174 47 110 413 261 168 489 93 97 28 
475 471 639 514 351 542 491 30 205 351 660 590 485 191 183 
645 416 619 119 293 461 332 153 428 415 168 685 144 189 641 
261 504 293 598 527 174 265 46 200 81 58 52 287 430 141 
184 438 567 668 402 197 577 126 414 32 430 93 311 502 399 
532 537 674 46 209 391 249 664 59 401 279 455 269 327 318 
530 650 355 375 250 444 401 528 173 685 484 47 500 303 547 
460 130 471 126 351 332 491 680 205 351 660 590 485 376 256 
331 454 361 542 239 581 95 415 499 241 290 274 640 265 629 
628 79 205 584 560 359 597 569 554 286 680 333 374 629 452 
418 526 91 326 603 661 348 606 545 112 601 154 97 91 36 
168 525 161 109 58 606 178 520 471 351 645 187 538 533 493 
597 528 168 274 163 467 288 311 205 208 678 312 342 181 373 
369 40 91 326 124 661 93 165 635 359 622 154 97 567 201 
671 289 149 601 502 79 688 593 267 50 228 401 355 129 422 
242 47 597 510 273 81 620 39 444 669 226 159 39 377 62 
47 426 548 372 449 374 277 294 72 121 620 534 67 224 378 
555 174 82 97 450 293 411 39 460 616 47 262 516 644 485 
97 242 264 619 128 639 125 533 205 256 172 284 202 339 354 
273 494 690 351 128 627 162 51 134 668 278 471 205 306 221 
376 351 105 675 567 482 251 29 46 388 443 367 309 571 475 
342 677 336 238 253 677 420 519 233 556 70 600 677 635 146 
300 369 134 593 626 180 114 454 338 85 302 239 256 661 168 
308 587 47 569 117 184 667 141 256 619 467 62 99 529 223 
495 351 526 662 91 482 456 15 286 98 139 283 567 256 460 
603 463 151 192 230 316 665 363 483 353 177 600 21 664 320 
401 562 598 403 141 5 9 619 559 141 534 511 416 4 438 
577 347 159 401 113 128 401 680 141 140 11 415 6 168 434 
134 215 674 188 205 599 609 25 318 600 340 7 403 58 567 
403 271 600 568 128 42 294 112 165 62 129 278 687 406 39 
294 415 482 31 135 174 268 433 586 396 196 32 114 327 228 
535 153 171 135 280 149 452 366 401 626 498 372 257 491 406 
96 69 358 637 280 245 513 106 401 373 440 520 302 342 406 
472 124 229 39 205 494 447 25 311 261 131 510 403 621 309 
323 463 151 304 230 316 435 363 42 594 177 600 492 607 543 
18 638 138 433 342 588 501 324 521 112 258 110 491 221 573 
591 604 373 372 602 251 649 236 444 524 167 146 253 186 379 
415 429 274 205 168 261 69 652 613 154 256 265 619 342 414 
641 502 395 36 606 402 138 198 229 245 643 583 68 650 404 
408 184 309 59 402 197 479 126 542 220 57 65 17 222 166 
485 669 165 202 529 39 596 225 68 596 98 123 10 660 226 
90 200 317 141 95 309 678 288 228 251 79 97 205 291 414 
96 69 171 637 280 245 28 579 401 626 536 616 120 342 406 
415 650 274 205 168 261 153 14 537 154 465 473 619 491 100 
214 250 579 126 141 650 19 415 310 28 267 368 485 226 286 
119 111 138 433 491 581 222 324 365 359 523 329 342 221 573 
583 358 253 677 47 95 102 141 256 200 650 121 119 566 49 
291 246 433 351 128 528 367 8 300 668 206 639 205 469 402 
359 313 441 566 531 221 339 466 229 245 646 583 68 363 563 
123 658 493 514 127 37 121 319 270 283 39 200 629 485 122 
524 619 674 221 231 516 516 619 252 157 201 10 444 317 271 
9 316 153 358 308 128 366 482 499 433 249 16 178 86 401 
18 135 138 108 491 348 502 324 232 112 27 110 491 402 127 
364 58 12 54 162 445 51 490 422 644 373 93 142 32 81 
524 288 97 97 310 344 610 106 382 205 172 459 578 619 171 
173 473 96 606 463 625 329 167 439 193 88 594 249 586 58 
608 200 671 404 200 598 619 589 137 537 277 274 92 567 246 
18 638 339 690 342 150 502 204 568 112 258 273 491 221 176 
291 585 184 416 440 373 39 107 478 10 437 222 399 202 292 
32 454 535 165 463 1 110 419 217 362 543 633 416 586 290 
273 411 203 416 103 92 188 464 314 474 659 434 517 292 519 
485 47 637 113 628 56 463 586 119 556 393 8 128 102 281 
168 525 86 524 621 458 670 372 143 37 219 310 538 533 323 
538 233 603 221 145 621 83 20 168 433 43 98 427 112 233 
413 598 131 342 594 261 47 205 549 388 651 39 269 543 141 
311 185 13 427 447 610 620 304 580 556 619 213 200 607 422 
472 603 674 39 205 490 447 371 318 600 131 7 403 182 567 
112 312 539 674 384 102 344 359 426 276 234 473 347 683 372 
134 4 472 611 92 341 495 454 299 85 120 622 183 543 168 
532 83 141 408 131 116 494 533 44 0 443 630 472 355 651 
145 46 237 627 402 197 490 482 47 504 558 329 483 473 206 
613 325 184 249 331 92 188 349 382 10 437 512 238 292 519 
166 125 429 324 29 598 59 485 47 426 659 629 339 430 664 
403 271 600 365 128 688 89 112 531 62 367 206 219 482 39 
370 200 214 442 113 619 356 194 577 441 349 117 618 662 151 
578 525 102 528 339 584 325 82 168 533 500 47 518 140 443 
47 622 344 520 470 374 289 629 330 652 620 534 26 26 410 
297 621 38 575 129 445 448 381 18 661 92 65 85 32 181 
317 170 8 335 61 151 200 206 276 154 634 286 3 345 330 
154 639 645 131 167 226 37 277 3 276 598 275 323 357 3 
557 363 390 692 689 322 25 205 453 291 189 519 316 561 281 
606 456 150 332 412 118 256 431 462 684 232 110 122 171 294 
606 340 581 332 371 635 465 73 373 126 272 329 572 171 294 
613 302 262 110 343 424 183 270 523 608 261 116 359 188 290 
689 277 551 207 266 95 122 549 678 437 228 401 355 282 422 
465 223 504 271 58 659 504 454 205 88 566 63 589 405 287 
366 388 119 356 594 363 359 619 287 467 226 684 674 492 110 
194 153 141 438 251 597 353 403 106 126 250 651 134 263 487 
598 584 395 369 282 306 448 187 467 40 589 292 644 501 558 
211 492 445 229 127 550 516 160 650 364 0 205 534 291 100 
331 21 497 674 573 182 516 160 363 319 146 205 534 329 542 
677 452 339 523 544 316 242 513 6 585 685 266 257 104 6 
687 249 619 422 379 565 332 544 428 415 168 43 311 498 112 
286 395 507 550 335 220 340 61 462 362 129 171 479 200 640 
220 80 351 596 402 674 463 672 482 436 3 59 57 57 98 
580 102 245 172 501 79 483 418 267 223 261 401 355 696 18 
136 463 221 170 373 263 47 273 413 228 168 152 19 97 427 
667 189 335 246 195 359 573 420 562 221 568 148 551 585 467 
595 274 69 171 308 125 579 2 357 690 249 354 570 410 401 
17 40 160 507 447 682 620 304 689 385 619 335 200 24 422 
257 200 22 141 79 91 553 288 228 340 442 97 205 329 414 
274 254 144 670 424 485 56 666 151 208 428 294 11 396 209 
549 592 218 589 617 499 588 458 469 641 622 154 97 91 470 
641 385 261 618 177 207 206 2 292 29 534 413 623 96 534 
97 526 423 171 676 604 527 300 385 468 46 364 632 372 505 
165 340 93 542 25 377 571 213 92 126 521 273 483 171 294 
387 157 97 97 187 344 86 398 260 205 426 426 578 619 358 
628 95 205 264 692 641 597 66 554 286 252 510 413 294 1 
467 133 607 637 346 646 585 233 247 379 442 615 89 261 634 
589 285 253 256 593 275 433 307 358 689 426 238 243 411 12 
229 32 47 138 89 218 58 401 628 491 535 200 351 624 186 
467 229 411 39 140 440 619 602 172 275 28 22 221 570 3 
18 21 173 79 173 551 553 301 269 33 94 210 628 309 302 
119 21 32 79 220 575 267 213 558 497 686 651 597 91 302 
3 264 157 360 282 469 74 443 467 105 404 202 320 502 584 
620 200 438 619 575 15 454 339 415 312 548 175 385 655 335 
340 205 161 407 545 17 641 634 679 369 83 690 169 171 442 
329 325 574 249 211 462 188 676 424 223 225 434 175 202 519 
467 229 585 39 140 498 619 198 172 275 625 22 221 178 598 
286 157 346 182 43 32 131 61 92 193 129 358 479 200 386 
186 46 206 315 221 132 246 482 47 495 584 273 42 454 237 
119 638 138 624 342 581 313 396 521 359 216 613 491 221 8 
370 200 71 326 200 3 619 167 486 273 289 316 462 91 381 
154 658 219 340 244 196 351 277 3 276 3 275 215 88 598 
376 37 105 26 567 482 340 29 286 275 187 696 218 465 230 
641 247 604 470 531 221 138 680 674 575 643 140 68 429 404 
288 208 68 267 303 595 637 418 460 384 521 222 234 363 570 
599 419 319 598 618 141 388 571 469 248 287 416 267 463 359 
458 597 544 151 481 229 569 463 492 461 205 325 52 116 383 
191 37 40 662 567 2 340 389 46 275 187 367 309 571 56 
220 359 627 168 382 133 188 27 385 571 351 3 188 29 621 
542 415 177 638 83 549 548 665 165 154 677 411 134 73 228 
97 596 264 619 125 658 128 403 205 465 601 284 519 138 16 
398 298 47 569 614 438 159 141 183 619 534 62 64 529 655 
587 312 263 375 139 444 401 420 173 43 484 47 429 497 216 
603 463 160 293 56 316 470 500 122 691 177 600 343 664 543 
485 47 135 408 597 475 463 586 18 556 561 176 125 277 642 
463 458 148 340 656 61 194 137 379 207 574 57 491 159 580 
75 416 546 55 491 676 64 279 382 337 451 397 276 659 534 
192 655 141 20 628 336 586 417 36 336 610 164 403 410 469 
48 597 156 380 229 97 156 510 138 58 142 598 370 460 200 
154 77 219 456 419 226 37 289 598 529 3 275 493 661 3 
281 424 146 579 194 177 43 385 412 409 226 140 635 629 280 
359 312 539 674 353 277 344 359 622 451 234 473 632 683 520 
331 672 361 229 53 621 177 13 500 632 146 205 467 110 414 
228 629 426 174 562 82 643 366 355 428 67 677 473 626 24 
387 619 674 402 241 516 177 619 602 235 449 10 307 670 271 
259 627 47 535 117 574 159 141 571 619 534 62 300 529 10 
134 369 648 4 626 328 191 454 238 476 90 426 465 357 168 
567 669 121 304 639 168 667 397 270 34 248 482 234 95 649 
193 109 9 427 508 469 98 213 619 318 32 275 270 577 499 
135 312 120 117 71 45 52 205 640 537 536 292 316 393 484 
542 415 177 695 69 392 307 115 165 154 677 325 656 335 600 
606 340 150 100 52 118 183 301 462 0 365 613 122 358 629 
177 586 179 160 433 296 401 485 684 355 197 97 135 689 473 
415 312 274 205 168 600 153 20 291 154 465 454 619 491 542 
154 395 531 64 228 642 643 429 274 551 677 269 263 154 187 
273 325 113 249 331 373 39 365 478 225 659 501 399 292 519 
594 589 319 598 195 141 98 256 635 241 22 249 267 463 359 
452 144 100 401 451 61 220 544 74 373 452 415 628 286 599 
75 174 389 97 310 192 325 39 230 520 47 262 516 543 485 
677 507 339 5 153 316 87 625 204 325 43 512 90 352 693 
47 459 344 520 470 374 289 629 72 121 271 467 26 662 86 
191 351 55 662 91 482 456 29 46 98 187 367 218 256 475 
3 584 441 611 696 377 53 139 534 185 326 292 320 247 558 
104 451 289 530 339 558 411 82 168 533 500 47 136 583 187 
467 229 325 39 428 405 619 680 207 98 427 570 402 22 598 
481 153 141 574 340 628 353 533 308 684 250 350 562 355 630 
481 60 141 408 340 116 246 533 106 0 310 630 656 174 350 
475 471 647 0 351 542 491 488 205 351 660 227 485 400 571 
554 382 684 398 532 177 685 385 468 560 196 428 118 89 57 
344 462 191 380 671 310 403 571 323 485 204 678 249 667 610 
580 101 54 459 222 442 455 4 678 509 261 401 263 282 422 
141 165 18 130 332 258 654 533 555 569 286 523 430 620 252 
533 271 261 676 128 455 629 359 165 62 283 206 687 2 188 
593 201 359 528 455 320 15 463 173 678 645 120 21 96 276 
141 606 18 658 414 216 469 403 436 66 46 27 57 620 198 
56 143 647 126 351 542 342 488 205 37 577 227 485 114 183 
219 416 619 119 304 461 414 83 140 415 168 301 311 432 641 
223 116 648 237 674 97 99 7 138 58 441 3 334 230 200 
629 415 406 563 637 174 118 624 586 396 196 220 400 417 228 
436 174 615 97 443 192 325 188 475 372 47 21 177 644 485 
168 451 649 524 550 165 287 520 658 351 645 310 262 533 603 
398 315 47 66 692 113 236 141 183 619 534 61 648 525 225 
197 525 277 541 138 264 325 673 168 533 500 47 508 583 250 
574 574 309 199 402 578 577 126 414 220 430 636 144 512 517 
375 416 619 119 293 679 332 83 582 415 168 49 311 503 359 
677 427 138 41 60 274 87 1 270 325 49 313 257 352 693 
475 658 471 514 351 542 491 254 205 351 577 439 485 376 183 
113 113 567 436 221 104 577 146 100 220 280 581 318 502 345 
116 79 205 264 692 359 628 96 642 286 30 7 413 629 346 
403 620 261 521 128 122 89 112 606 62 162 206 687 482 39 
401 300 3 533 141 41 508 619 560 141 534 22 249 392 113 
18 695 339 624 342 19 434 396 464 641 27 613 491 402 163 
463 165 631 251 156 61 121 368 293 459 203 430 491 667 321 
212 463 402 170 92 355 47 273 68 228 168 238 636 97 625 
415 500 316 205 168 261 544 20 110 154 571 265 619 491 100 
21 489 631 670 173 47 190 110 193 641 68 141 372 415 1 
256 50 114 271 58 437 400 265 205 357 201 230 31 405 317 
133 582 422 512 267 481 292 582 157 139 556 385 558 1 351 
390 200 287 141 79 309 553 476 600 456 79 97 205 110 100 
674 32 47 138 294 309 290 401 597 342 569 200 37 624 589 
64 392 156 392 626 436 605 454 175 288 90 172 465 661 168 
600 294 622 355 472 29 646 308 174 428 496 677 454 92 24 
465 15 20 39 372 586 304 256 114 125 23 255 379 86 181 
401 562 3 533 141 258 212 619 559 141 467 22 416 285 203 
136 316 153 171 106 193 44 482 357 253 416 386 570 397 401 
661 174 662 274 177 502 237 598 106 13 95 643 340 171 272 
613 90 195 291 618 314 183 693 216 608 228 116 112 188 182 
671 277 54 207 502 79 483 296 678 474 261 401 263 506 18 
97 170 558 619 125 639 128 533 205 256 295 284 519 138 612 
677 507 138 216 69 274 170 452 243 411 685 501 120 197 396 
474 116 300 278 674 97 472 510 138 58 441 3 241 284 200 
681 568 584 143 145 597 430 619 359 241 271 266 18 221 355 
387 187 308 126 141 500 588 415 443 666 553 632 485 226 286 
556 637 447 6 84 442 193 24 177 41 258 306 627 460 430 
479 319 236 401 438 128 401 602 141 140 380 415 324 168 247 
418 449 359 420 483 543 82 463 32 553 219 257 618 66 529 
418 526 567 404 653 644 636 458 377 112 295 154 97 567 115 
674 32 47 339 294 567 58 401 628 342 535 200 351 624 404 
177 586 591 151 624 611 401 485 514 355 352 97 557 671 473 
114 351 72 80 567 406 456 82 286 98 450 162 309 256 230 
498 21 445 674 176 58 177 151 429 137 146 205 534 110 332 
89 642 168 415 188 102 228 128 455 226 127 106 32 677 596 
231 200 71 419 200 598 619 244 347 613 277 274 92 567 494 
481 60 141 203 456 597 490 533 44 514 310 651 648 174 210 
591 157 462 520 252 131 161 667 548 576 167 514 433 31 192 
