34 7
3 18 32 1 7 24 16 
17 4 20 10 18 5 18 
17 27 30 3 2 11 21 
26 18 29 19 14 24 26 
4 18 27 2 22 10 26 
9 8 32 25 18 27 10 
2 8 17 22 1 25 11 
16 10 5 7 32 31 29 
33 16 18 10 22 10 18 
25 24 5 7 32 31 30 
5 16 18 10 6 8 18 
4 18 1 20 9 8 13 
21 18 23 13 14 24 12 
5 23 11 4 25 27 3 
19 10 17 14 1 2 29 
4 18 27 16 14 8 12 
5 27 23 21 13 30 15 
7 8 20 31 18 30 24 
2 5 32 12 27 5 14 
5 30 30 21 13 27 4 
5 15 32 10 18 17 18 
4 18 0 2 6 24 12 
13 24 17 7 1 25 27 
4 18 1 1 9 24 16 
33 16 18 24 9 8 18 
33 30 23 12 25 29 26 
12 18 30 16 28 10 26 
4 18 20 20 22 10 13 
2 8 33 22 32 31 29 
15 18 1 20 7 8 19 
26 18 20 1 28 24 16 
17 0 11 3 2 29 21 
17 15 32 8 18 5 18 
6 8 1 2 18 23 8 
