180 1
148 
114 
133 
114 
73 
154 
73 
17 
88 
92 
3 
47 
58 
8 
17 
74 
165 
33 
80 
154 
17 
75 
148 
168 
53 
21 
44 
111 
36 
143 
12 
150 
59 
62 
110 
73 
103 
162 
140 
136 
106 
36 
52 
59 
131 
159 
140 
103 
156 
81 
113 
17 
136 
41 
71 
88 
176 
157 
35 
51 
75 
172 
94 
100 
154 
108 
46 
74 
61 
111 
79 
146 
11 
41 
137 
154 
118 
62 
111 
87 
120 
0 
154 
103 
79 
25 
83 
61 
137 
118 
88 
65 
93 
113 
54 
157 
122 
45 
9 
174 
63 
81 
68 
53 
76 
16 
138 
16 
89 
100 
35 
108 
60 
146 
142 
148 
62 
3 
103 
76 
118 
35 
89 
125 
141 
18 
164 
150 
175 
64 
53 
174 
148 
131 
46 
25 
79 
146 
125 
18 
154 
127 
110 
25 
3 
106 
60 
106 
161 
30 
73 
143 
159 
127 
176 
53 
165 
136 
148 
157 
54 
57 
80 
15 
83 
74 
122 
125 
25 
64 
83 
86 
36 
57 
146 
114 
62 
62 
152 
145 
