358 21
236 326 138 47 293 195 292 93 291 118 336 180 146 291 54 141 158 41 141 348 21 
211 160 281 228 113 253 301 189 275 66 158 244 167 60 166 110 118 279 346 237 296 
324 288 118 159 297 228 293 253 109 272 191 39 38 47 224 273 229 326 106 341 166 
137 205 54 102 46 121 159 242 303 184 294 64 211 93 276 54 162 343 83 102 20 
107 84 284 309 202 210 184 306 226 315 205 334 133 105 196 212 229 42 292 155 172 
191 113 89 95 204 348 343 89 78 282 325 54 229 51 154 5 287 108 105 124 218 
179 238 78 143 275 287 94 297 238 277 14 113 313 304 40 340 81 164 353 26 299 
167 267 299 168 283 335 229 328 189 231 56 228 260 89 297 107 116 199 267 306 69 
330 99 193 188 41 89 162 136 134 16 23 235 215 212 45 87 294 146 262 203 111 
86 228 240 346 202 113 183 327 81 28 165 109 184 287 83 336 116 315 301 316 262 
249 244 195 238 258 100 301 185 146 141 342 328 164 281 343 157 102 169 303 286 99 
241 325 238 208 313 101 198 300 104 41 89 345 183 75 139 211 242 37 153 34 187 
139 114 341 229 211 152 328 110 306 94 123 256 316 211 245 180 102 343 231 139 10 
107 39 284 345 202 305 184 306 226 315 205 334 129 105 196 225 229 230 98 115 172 
2 209 355 164 177 252 280 88 58 160 223 131 287 217 126 77 48 30 245 66 262 
48 220 244 91 116 288 345 308 152 283 77 7 314 253 84 55 13 328 61 81 301 
99 272 201 31 164 303 216 76 319 297 186 57 164 103 315 16 346 351 306 262 227 
70 206 215 183 154 197 265 353 253 56 224 128 29 145 0 320 292 311 100 162 353 
102 119 156 274 245 120 47 92 271 342 75 199 170 9 301 137 89 77 136 37 100 
39 0 97 260 275 139 169 113 25 211 108 196 289 46 26 318 8 51 194 156 7 
266 18 118 197 319 333 132 254 199 104 281 63 287 311 193 52 107 31 24 26 88 
312 128 197 11 192 50 199 86 111 171 259 239 308 340 234 203 281 202 172 61 262 
182 260 193 280 41 89 162 249 201 16 23 92 215 225 223 48 294 146 262 203 111 
205 262 135 292 269 297 326 9 86 208 257 212 119 200 335 218 231 352 163 181 266 
324 149 319 15 226 41 286 304 168 0 184 93 262 118 158 244 170 237 168 139 102 
275 16 301 262 98 9 57 47 214 168 244 346 257 289 237 66 26 257 296 45 297 
23 261 105 155 214 303 344 92 348 9 6 184 128 36 130 127 109 153 330 93 293 
279 88 12 148 309 116 230 289 9 177 171 158 282 297 50 155 61 159 166 199 133 
279 88 305 314 345 116 42 289 356 57 233 158 282 297 208 155 61 159 166 199 129 
319 241 200 72 105 218 271 342 304 214 89 158 319 294 315 343 217 187 73 64 332 
86 70 20 22 169 191 321 254 31 298 132 139 97 108 25 252 79 49 325 208 33 
324 288 118 159 297 228 293 253 109 272 191 263 73 47 95 273 229 326 106 341 166 
268 286 8 326 190 329 253 189 205 339 324 252 196 237 348 209 213 167 168 301 201 
25 149 239 342 282 284 111 261 222 239 159 61 9 88 8 96 61 215 58 295 333 
324 346 118 159 297 232 293 253 109 272 24 39 73 47 224 60 229 271 256 213 166 
238 59 145 298 42 285 291 166 182 203 296 15 0 42 118 271 44 312 293 61 248 
318 73 3 114 77 0 21 115 165 135 201 313 51 277 181 81 303 87 319 225 25 
352 243 314 304 175 0 132 119 297 92 240 146 187 253 146 63 25 129 247 304 275 
26 184 116 322 215 329 14 257 170 350 184 335 308 74 228 261 80 196 158 70 182 
322 111 26 217 298 168 248 114 115 50 15 137 54 105 236 66 303 286 107 142 284 
236 209 241 47 63 17 292 93 291 118 336 180 146 291 54 141 158 41 69 90 21 
317 154 202 284 95 76 177 106 282 174 226 23 251 278 166 226 175 118 303 97 351 
28 274 129 297 39 262 170 353 260 220 155 262 266 16 41 289 308 159 60 91 269 
222 284 83 216 287 232 131 37 266 335 64 186 109 52 163 275 105 199 140 203 275 
121 186 349 255 290 116 29 319 331 90 307 223 245 47 343 232 81 160 185 343 138 
341 202 14 240 66 0 287 326 145 316 209 229 111 147 186 54 212 287 31 22 135 
203 310 270 162 272 40 296 285 75 36 123 89 125 11 275 253 148 315 118 60 16 
328 77 226 105 142 72 281 262 7 197 297 322 300 32 272 186 107 184 338 353 122 
135 220 12 164 21 193 198 31 64 258 113 98 278 228 209 46 81 243 253 312 26 
272 215 0 124 87 337 53 272 201 234 26 304 351 97 209 193 290 286 29 149 125 
261 218 46 4 116 97 244 215 304 144 140 212 118 330 235 141 25 329 70 182 89 
121 186 216 142 290 116 29 103 234 90 307 327 245 47 343 232 81 125 334 343 285 
120 1 101 74 93 239 314 107 316 239 193 193 158 203 241 303 267 286 350 81 202 
116 228 321 210 97 192 124 248 105 185 11 299 254 244 40 203 113 26 71 331 142 
224 225 166 184 302 239 208 105 210 329 289 49 304 284 277 160 339 289 280 80 207 
85 281 238 336 254 162 96 215 205 350 100 52 347 294 88 334 285 116 303 302 101 
196 320 204 164 343 196 286 142 193 145 286 195 9 90 351 335 233 2 152 88 279 
128 97 58 347 111 343 345 95 296 257 103 102 135 289 239 202 169 229 287 52 201 
166 288 283 128 163 196 212 277 347 91 318 33 5 324 59 10 229 223 12 256 158 
126 270 345 54 286 102 260 89 161 304 335 69 176 166 135 221 281 140 85 50 9 
197 238 259 303 261 197 94 25 21 353 9 298 160 164 74 306 1 253 275 70 269 
279 267 167 326 15 329 194 232 220 314 124 267 275 16 240 179 318 347 281 283 264 
4 98 23 252 93 303 262 265 122 306 100 330 245 79 140 323 81 196 195 328 211 
7 111 50 340 40 281 346 341 186 89 100 289 47 11 321 335 297 303 184 257 312 
136 244 151 176 258 302 301 185 146 141 342 312 164 281 343 157 102 163 303 286 99 
44 94 39 113 191 282 346 289 111 219 214 73 330 230 308 195 47 166 238 58 265 
52 71 138 197 118 337 357 277 346 251 171 89 11 349 306 202 130 204 303 316 81 
307 326 139 11 44 187 88 37 257 137 251 152 11 284 270 111 354 71 281 124 204 
267 321 248 253 344 284 237 15 264 88 119 107 347 196 239 119 332 197 5 184 287 
102 106 272 169 134 167 173 316 61 14 102 63 76 252 313 52 213 173 287 218 119 
296 93 31 300 295 80 129 33 304 345 325 162 337 180 97 332 199 204 274 228 259 
166 346 62 128 169 196 212 320 347 67 157 33 5 273 59 64 229 45 12 214 158 
318 73 3 114 77 0 274 155 67 135 201 278 51 320 48 81 303 48 103 212 280 
26 184 116 56 215 292 14 257 170 350 184 257 338 74 232 261 119 196 158 104 330 
44 154 263 113 191 294 288 289 111 150 256 73 182 230 347 195 47 166 176 58 300 
88 109 81 312 301 33 29 3 50 228 192 132 324 149 88 52 272 116 168 243 321 
97 166 143 146 62 337 229 150 286 14 107 102 357 209 41 106 182 320 323 205 340 
239 312 239 291 343 17 6 298 25 271 108 182 222 232 151 272 189 115 148 232 204 
59 240 307 153 180 287 47 158 166 262 146 352 256 66 39 115 119 352 221 310 61 
276 205 242 102 46 278 159 54 303 184 294 10 211 93 137 242 162 343 83 102 288 
191 113 89 95 204 90 343 89 78 282 197 242 229 44 94 119 287 9 105 133 218 
160 285 160 74 26 115 199 146 282 63 213 111 121 77 321 203 340 173 222 221 272 
185 215 80 204 158 18 252 69 252 303 254 12 127 85 107 224 267 48 6 159 177 
85 281 176 336 254 251 189 215 205 317 100 52 308 282 88 185 241 116 303 100 101 
56 111 26 217 298 168 248 310 155 50 302 276 54 105 194 66 303 286 107 156 284 
261 84 268 52 159 67 65 261 180 297 52 296 212 198 140 226 197 256 31 332 313 
211 125 281 232 113 253 301 96 275 66 158 149 167 60 166 110 118 279 346 237 296 
135 72 210 164 21 193 206 34 64 258 113 329 278 228 326 46 81 243 253 312 26 
146 243 194 214 301 106 0 349 254 149 71 219 44 239 301 203 314 149 183 27 60 
314 236 115 315 1 27 146 87 287 46 194 45 100 68 258 67 235 327 20 221 129 
89 122 247 349 124 295 274 282 184 70 133 336 107 220 236 107 276 357 307 63 157 
192 326 139 11 44 300 88 37 257 276 251 152 11 284 270 111 264 58 281 129 204 
238 174 145 298 230 285 291 166 330 203 296 15 40 230 118 326 51 328 63 61 248 
289 195 99 256 282 50 201 172 74 261 112 133 245 244 227 187 104 129 54 202 232 
1 147 159 342 61 31 355 344 113 249 95 259 129 251 105 61 163 286 275 218 306 
102 126 236 324 169 97 228 215 57 305 248 176 47 62 152 319 41 1 296 26 34 
144 238 126 143 275 287 94 297 238 254 349 113 121 304 0 340 81 164 193 26 344 
86 315 61 117 50 335 238 28 175 15 105 319 8 289 235 11 296 266 323 183 83 
173 223 224 281 353 49 337 320 259 189 80 332 349 210 148 183 304 301 279 341 11 
209 42 41 47 289 61 125 64 222 97 316 31 211 342 1 47 61 179 207 282 265 
181 72 244 91 116 288 345 338 246 283 77 7 314 253 39 83 173 328 61 81 301 
263 0 97 99 275 139 169 113 25 211 9 196 289 46 26 157 123 51 194 255 219 
61 247 88 64 87 292 51 345 289 289 243 191 301 161 355 10 244 183 307 127 50 
251 237 287 107 296 267 113 136 9 248 109 88 257 202 157 229 210 354 220 88 330 
296 93 2 187 295 80 129 170 304 345 325 251 337 291 97 332 199 204 21 228 174 
50 171 251 119 176 267 252 239 296 267 318 211 89 246 310 335 265 118 18 264 21 
284 61 328 281 14 154 23 202 77 123 103 261 194 252 252 301 221 258 222 48 266 
11 123 11 152 73 302 303 261 155 217 128 34 59 333 336 220 274 158 154 184 178 
86 232 70 346 202 113 122 327 81 110 91 268 184 287 55 336 116 315 301 316 262 
297 319 196 264 317 69 1 304 326 243 102 234 26 247 199 113 272 267 6 270 114 
279 88 210 314 309 116 230 289 356 333 233 158 282 297 50 155 61 159 166 199 129 
93 203 109 165 262 139 116 187 205 244 76 199 170 16 63 4 284 77 26 27 193 
97 166 143 146 311 337 229 7 286 14 107 102 357 326 41 256 182 277 323 205 340 
22 14 205 224 284 321 239 304 62 64 64 225 300 187 130 314 320 230 264 211 59 
232 61 296 279 226 57 44 17 207 18 173 295 262 265 304 267 106 162 344 306 209 
307 156 303 8 107 83 144 183 263 116 332 187 83 284 86 75 289 94 200 281 85 
319 8 326 36 201 300 68 111 159 304 229 73 21 272 222 222 108 43 57 232 206 
266 23 8 226 105 241 290 177 23 329 198 297 290 296 279 20 321 217 72 240 333 
224 320 244 174 237 357 341 156 168 146 192 134 340 192 328 331 147 336 39 203 110 
24 113 89 224 58 90 343 89 126 282 197 54 229 51 154 119 287 356 105 129 218 
85 281 238 336 254 252 189 215 205 350 100 52 347 282 88 185 285 116 303 302 19 
289 246 28 261 80 46 62 284 164 262 199 318 294 46 241 25 288 36 229 50 217 
7 267 149 339 229 116 115 151 87 187 42 61 267 239 314 343 299 184 191 271 203 
330 260 353 280 41 89 162 136 134 16 23 35 215 225 223 87 294 146 262 203 111 
343 24 340 150 82 20 333 214 321 250 67 240 155 316 47 300 324 198 68 151 65 
158 291 38 255 159 76 88 61 52 287 106 226 345 102 97 3 187 246 18 300 87 
59 104 192 258 180 287 47 158 166 262 146 355 106 66 263 115 5 355 221 310 61 
38 231 116 282 257 329 269 122 57 184 159 87 105 290 72 5 353 275 101 10 299 
135 196 178 27 180 237 118 275 125 297 194 328 41 17 215 219 278 97 196 88 182 
343 24 340 150 82 346 57 256 321 250 67 70 155 46 47 300 324 206 68 195 221 
25 244 239 342 282 284 111 261 218 239 159 61 9 88 22 189 61 215 58 135 177 
153 205 335 210 306 201 232 345 129 290 202 91 211 115 160 187 208 107 110 46 158 
266 167 342 230 297 58 168 26 250 110 222 94 111 321 6 260 193 287 97 11 146 
343 191 340 219 82 346 57 106 321 250 165 104 115 46 47 300 273 198 178 195 221 
254 203 21 113 237 331 234 301 159 261 168 164 166 334 26 343 273 126 320 168 139 
136 259 103 49 88 89 321 164 291 306 146 108 177 208 77 193 155 282 168 51 31 
132 284 55 216 287 228 258 37 307 335 10 200 109 52 169 275 105 199 140 203 275 
298 200 127 86 164 229 146 26 334 179 313 336 203 343 63 216 133 215 345 11 314 
63 215 119 156 282 176 46 79 165 296 93 322 79 294 345 301 316 278 299 164 92 
183 77 284 149 191 303 93 197 102 154 227 242 301 224 270 27 306 247 224 67 230 
116 232 321 210 97 266 133 85 105 334 11 299 277 149 40 203 113 26 204 82 156 
102 214 272 163 201 114 4 316 61 349 102 63 112 251 278 52 341 4 287 218 119 
141 226 255 290 15 94 126 305 131 238 224 150 340 93 65 353 88 219 232 88 287 
267 321 85 253 344 284 237 302 354 88 80 107 308 196 239 119 247 325 119 184 287 
192 23 123 226 105 241 290 57 23 292 30 297 290 296 279 346 321 217 72 104 177 
320 203 21 113 237 234 234 301 159 261 168 164 166 185 26 343 60 126 254 168 139 
294 64 16 343 278 76 38 258 4 78 241 221 160 113 164 139 304 263 334 23 226 
123 304 69 168 217 158 158 271 169 158 317 208 6 25 345 275 203 100 239 269 345 
108 206 159 333 101 82 90 109 267 268 48 148 111 104 333 258 236 93 288 57 122 
180 306 278 66 237 221 336 61 191 340 23 356 137 281 253 268 199 142 3 20 139 
114 267 344 168 62 335 229 328 96 147 56 232 99 89 297 107 116 199 267 306 141 
240 30 215 122 154 197 300 353 253 322 224 350 186 145 40 277 292 62 15 252 193 
39 55 155 340 53 68 226 336 37 275 108 258 224 237 332 313 203 284 267 164 83 
258 205 335 12 306 145 232 345 129 3 202 67 211 115 125 187 208 107 28 46 158 
86 147 159 342 61 2 355 344 113 136 224 259 124 162 105 61 163 286 275 222 306 
266 142 303 22 107 83 179 122 39 116 247 187 83 284 86 279 289 94 200 281 248 
141 226 142 3 15 94 78 210 131 238 95 150 340 93 221 353 88 7 232 88 287 
73 231 116 294 257 292 270 122 177 184 159 87 105 290 220 119 193 275 19 64 299 
193 99 9 147 346 124 350 136 139 284 20 97 284 185 134 239 341 52 255 289 12 
159 311 354 127 267 105 164 42 206 61 334 226 304 151 285 198 111 106 56 49 111 
158 180 73 156 159 112 88 61 52 287 256 226 309 102 97 290 300 152 175 187 181 
159 164 346 61 111 107 143 267 193 124 173 296 32 206 303 324 79 212 183 93 165 
221 227 73 76 164 226 247 89 340 343 304 237 334 136 234 318 334 61 166 278 226 
330 115 321 127 253 297 46 260 278 163 27 18 102 194 27 10 339 4 215 332 193 
275 90 226 294 130 78 252 352 174 226 147 120 47 352 92 147 122 6 179 306 55 
192 326 139 11 51 265 88 37 335 276 252 246 11 284 270 111 264 58 281 133 58 
111 275 121 324 184 5 52 244 325 211 339 287 345 137 124 180 109 33 76 110 169 
228 61 296 279 226 177 44 151 299 18 13 351 262 187 304 267 256 251 299 306 326 
239 149 151 116 10 306 101 196 223 86 51 181 77 107 342 143 0 304 267 84 37 
182 155 321 157 253 297 316 339 313 169 27 18 102 236 27 10 260 173 215 247 193 
188 149 239 342 294 284 111 261 222 239 159 61 9 88 123 96 61 215 204 351 177 
123 96 180 90 156 77 296 267 226 41 274 33 101 162 196 330 342 66 182 66 120 
95 212 166 184 302 239 208 105 210 292 289 49 304 284 320 160 339 289 280 5 299 
107 39 284 345 202 12 184 306 226 315 205 334 129 105 196 225 229 42 329 115 54 
78 270 309 54 286 102 339 89 161 304 335 141 176 166 135 65 281 53 248 50 108 
102 119 156 274 337 83 47 92 326 342 279 199 33 108 301 276 89 77 43 37 15 
261 20 321 52 190 192 127 247 196 306 138 122 38 249 122 22 167 253 304 46 138 
128 97 58 308 111 343 309 224 296 257 319 102 351 289 239 202 169 229 287 52 134 
267 321 248 253 344 284 237 15 264 88 119 107 308 196 239 119 247 325 5 184 287 
266 23 8 226 105 138 3 57 23 292 198 297 79 296 75 346 321 217 220 70 333 
97 292 88 309 284 203 243 139 187 191 48 281 88 64 41 67 203 166 116 164 66 
295 72 305 164 21 193 198 31 64 258 113 292 278 228 326 46 81 231 253 328 26 
313 322 146 111 31 95 334 297 336 160 203 321 32 262 357 185 10 11 23 11 175 
7 267 244 99 229 116 115 151 87 265 230 61 267 239 148 343 344 184 24 209 203 
23 156 119 303 268 234 291 102 141 155 165 250 315 139 107 267 301 339 88 239 175 
267 343 268 197 70 49 275 128 12 186 215 89 116 275 201 215 354 189 239 89 64 
103 241 29 72 105 132 271 342 304 106 89 158 319 294 315 343 217 265 73 10 332 
57 239 23 264 242 19 4 321 308 267 162 322 90 275 305 85 247 36 53 224 206 
275 16 301 262 329 356 57 47 214 168 244 20 335 289 237 66 26 257 296 45 297 
179 238 78 178 275 287 94 297 176 320 14 113 121 304 40 340 81 164 193 26 207 
196 254 71 164 343 196 286 156 353 145 286 17 108 90 295 257 233 34 246 88 75 
324 244 319 302 226 41 286 304 168 0 184 93 262 118 158 149 33 237 168 139 102 
286 70 36 272 214 73 77 73 346 211 27 56 238 203 200 16 237 99 339 294 309 
202 262 191 215 97 11 221 271 206 61 114 336 134 175 346 72 232 27 152 48 189 
159 321 222 169 63 267 32 249 245 189 226 301 237 342 321 279 229 147 164 218 85 
104 30 215 122 154 197 187 353 253 190 95 128 29 145 40 320 292 62 15 251 193 
346 105 301 46 342 289 344 208 150 16 163 28 284 17 117 267 284 276 153 65 109 
166 330 270 63 183 276 58 137 158 7 296 193 76 167 211 262 337 183 228 115 32 
86 240 288 123 169 191 321 320 2 140 218 139 97 356 188 162 290 49 325 50 33 
293 253 137 253 351 142 349 343 139 93 296 272 15 8 160 159 231 340 215 312 175 
319 138 29 72 105 222 209 342 304 214 89 158 103 294 315 343 217 187 38 10 332 
277 203 21 113 237 234 82 301 159 261 168 164 166 185 26 343 273 78 277 168 139 
145 159 46 86 199 196 81 286 128 37 196 46 315 310 348 219 121 61 313 303 316 
339 342 93 238 340 291 262 211 77 140 219 288 353 30 262 246 133 287 330 260 243 
166 346 283 317 163 196 225 320 347 91 157 33 119 273 259 64 229 223 12 106 158 
7 116 283 44 20 334 325 215 343 207 16 347 271 194 232 261 9 342 173 10 291 
86 70 346 22 163 191 321 320 34 298 132 139 97 9 188 251 3 49 197 208 130 
186 306 276 257 49 136 267 93 347 297 182 301 36 286 139 222 191 247 236 229 58 
261 132 316 13 116 97 149 215 304 179 53 212 118 330 235 141 25 98 70 182 89 
49 168 135 297 159 25 107 22 304 286 264 1 253 25 182 185 216 171 327 291 112 
139 114 341 229 211 152 328 28 306 94 22 256 46 211 337 291 102 343 147 139 64 
301 0 23 244 116 139 166 55 259 269 7 343 10 255 89 183 171 337 218 184 61 
30 41 155 92 311 231 336 152 222 255 175 232 272 164 237 59 140 287 277 211 62 
150 118 13 321 209 309 264 26 98 222 262 160 257 296 69 142 38 275 282 329 41 
284 61 328 281 216 94 23 202 77 22 103 261 194 251 252 301 74 131 222 181 192 
62 160 311 111 187 272 116 126 255 247 336 100 343 107 257 222 86 38 86 92 66 
2 271 355 164 57 162 188 88 204 125 223 258 287 217 357 77 87 198 245 66 262 
16 354 249 105 289 184 102 88 221 5 264 303 49 11 60 259 12 101 263 107 349 
266 310 342 230 297 58 168 26 250 27 218 94 111 321 96 260 353 287 97 11 146 
167 267 207 168 62 335 229 328 6 147 190 228 99 89 297 107 116 199 267 306 69 
127 73 3 167 77 0 21 115 67 295 145 313 44 254 181 81 303 181 103 225 25 
51 94 39 113 24 282 288 289 111 219 214 73 330 230 308 195 47 166 238 58 187 
307 114 342 230 297 58 168 26 19 27 222 154 111 321 6 339 353 287 97 11 146 
213 202 216 240 66 0 287 326 134 316 209 229 111 243 186 242 212 287 34 123 135 
102 126 194 60 163 97 228 215 57 210 248 238 47 311 246 319 41 86 296 26 31 
198 41 155 235 311 231 336 152 132 156 18 232 272 164 237 259 53 287 254 211 283 
250 277 76 301 220 89 343 336 320 165 211 13 94 226 161 107 353 352 19 245 290 
159 164 20 61 111 107 68 267 193 129 13 296 269 206 303 273 79 225 122 93 67 
313 214 336 168 313 144 327 158 80 17 113 102 6 217 178 221 184 23 145 331 300 
311 81 57 287 342 248 315 137 93 289 127 26 343 246 32 44 43 171 7 211 33 
28 274 124 297 263 262 33 193 99 36 115 262 192 16 41 289 308 159 60 165 269 
123 304 141 168 217 158 158 209 163 158 128 208 189 188 345 275 203 100 239 32 345 
121 256 336 168 278 179 223 158 5 195 113 102 6 217 178 74 184 23 145 234 300 
8 6 180 348 142 77 296 267 226 41 274 33 19 251 196 182 342 66 330 66 55 
334 215 80 58 158 175 162 141 252 303 320 12 127 248 107 95 267 48 6 159 177 
176 259 145 140 230 138 180 166 182 203 296 15 40 230 118 271 44 328 63 61 248 
159 321 132 163 63 267 32 136 245 189 226 301 237 342 321 279 229 243 164 132 85 
26 102 150 178 106 227 144 196 116 343 37 49 46 256 146 166 215 236 286 178 209 
261 20 321 52 190 192 318 247 196 306 285 122 38 43 122 123 114 253 304 46 241 
256 75 235 313 0 80 316 342 142 301 44 274 39 146 192 27 139 105 350 26 116 
296 93 2 187 135 80 124 130 304 309 197 162 337 180 97 247 199 71 21 232 259 
63 215 5 156 282 176 316 290 67 296 93 322 79 294 345 301 316 278 299 164 92 
95 212 166 184 100 239 50 105 305 292 289 49 304 284 277 160 339 289 280 5 207 
123 304 141 168 217 158 158 209 169 158 317 50 96 280 345 275 203 100 239 270 309 
180 306 121 66 237 74 336 61 24 340 23 108 137 281 253 268 199 142 3 346 139 
211 85 47 329 322 194 301 263 334 267 35 265 229 356 199 296 352 184 46 284 107 
39 55 115 340 140 68 226 336 37 275 356 153 95 237 332 278 203 284 267 164 55 
49 116 45 16 72 72 114 314 152 289 324 142 240 309 270 326 353 275 0 184 163 
261 39 109 52 159 91 221 261 180 297 52 296 225 206 298 226 325 256 2 332 121 
132 284 83 349 287 228 131 37 307 257 64 186 268 52 169 275 105 199 298 203 275 
263 40 97 339 275 139 169 113 25 211 356 196 289 46 26 157 22 51 194 142 219 
221 161 73 76 164 226 247 89 340 343 304 237 334 43 82 157 334 61 166 121 226 
65 227 73 76 164 226 332 89 340 343 304 237 334 43 234 127 185 61 166 121 226 
105 85 14 212 113 306 300 113 141 115 107 166 196 88 337 45 217 206 98 286 97 
31 252 152 5 124 166 93 11 321 127 113 80 311 107 266 346 77 327 281 47 25 
69 226 255 290 15 94 357 12 258 176 224 7 340 93 221 353 88 219 232 88 287 
284 61 328 281 349 94 23 202 77 123 319 261 194 252 162 301 74 153 222 48 192 
81 262 290 197 284 78 203 89 329 146 198 185 304 159 272 163 217 345 166 116 161 
258 205 257 12 306 145 232 345 129 79 202 67 211 155 160 300 208 107 110 46 158 
357 270 345 54 286 102 99 89 323 304 257 141 238 166 351 65 281 140 85 50 108 
326 42 41 47 289 61 125 10 132 97 46 31 211 342 86 47 61 117 207 282 300 
232 244 57 291 50 47 289 45 137 340 307 118 208 106 62 304 52 214 221 170 107 
116 334 237 339 345 286 127 232 53 315 113 280 7 166 352 32 197 280 310 9 345 
190 111 26 217 140 168 85 310 155 208 302 276 242 105 194 66 303 286 107 142 284 
69 309 11 102 303 165 108 37 150 303 282 257 149 2 192 66 313 342 16 293 262 
177 239 23 264 242 250 13 321 347 267 251 322 90 275 210 85 332 72 298 95 198 
286 70 220 272 256 73 77 73 346 211 110 190 176 203 29 16 237 260 260 294 309 
50 196 103 30 240 260 26 115 15 200 244 279 93 304 236 353 240 5 247 10 95 
297 319 196 264 350 141 86 304 271 147 102 234 26 332 199 113 272 267 6 269 114 
109 286 22 326 322 329 253 189 205 99 324 162 196 237 90 271 341 114 168 301 201 
268 286 8 209 56 98 253 96 205 260 60 162 196 237 90 271 341 310 168 301 201 
49 168 351 297 159 188 107 8 304 286 264 1 253 25 182 185 349 171 45 291 76 
282 123 3 281 271 214 307 315 212 64 238 18 10 19 105 247 6 253 223 47 289 
325 176 259 303 261 197 154 25 21 353 9 53 125 164 221 306 86 253 275 70 270 
312 317 325 11 266 50 199 86 111 171 174 239 308 340 234 203 281 202 242 61 262 
301 303 313 244 230 59 195 75 193 19 215 352 93 65 11 245 116 260 94 338 279 
298 200 157 86 164 229 146 26 185 179 313 336 203 343 63 349 124 215 345 11 314 
34 162 152 119 124 166 93 11 321 157 113 119 283 107 266 288 77 223 281 47 25 
289 152 27 261 5 46 311 284 164 262 199 318 294 316 138 25 288 72 229 50 217 
88 109 81 312 301 33 29 3 50 228 266 132 60 244 88 52 272 116 168 231 321 
275 16 301 262 98 9 177 47 214 168 149 288 257 289 237 66 26 335 296 327 297 
33 340 56 161 27 298 146 187 95 238 34 261 167 63 185 261 237 341 63 22 131 
133 156 326 349 41 124 243 109 23 44 86 301 341 319 312 296 253 351 229 99 103 
13 329 23 162 93 303 262 300 122 306 15 182 245 3 140 323 81 196 151 328 211 
296 300 248 184 275 248 226 220 229 66 205 65 315 328 155 275 245 47 9 44 308 
293 215 5 255 294 176 316 3 91 296 93 322 3 282 345 301 46 278 344 164 92 
14 193 313 199 288 156 128 142 16 43 227 192 184 233 330 342 199 6 297 219 49 
222 284 193 95 81 193 266 139 255 108 201 23 23 178 186 67 61 184 238 267 119 
307 18 118 325 319 177 222 254 199 104 281 63 287 62 353 52 107 34 191 26 88 
109 247 197 104 346 158 175 257 292 137 92 193 202 67 107 222 73 323 310 112 116 
276 205 172 102 46 313 159 54 303 184 282 10 211 93 137 172 252 343 83 102 20 
97 329 88 309 284 203 231 139 187 191 181 281 88 64 41 91 203 166 116 164 66 
173 327 95 281 353 49 337 254 59 189 119 332 216 305 148 183 304 301 75 213 11 
219 111 50 340 0 281 20 341 186 89 100 289 47 11 321 335 297 303 184 257 328 
133 255 209 14 41 129 147 268 23 44 86 301 213 319 312 296 253 351 229 260 103 
136 59 319 49 88 89 321 164 291 306 146 108 57 50 77 193 115 282 168 51 31 
344 357 88 146 345 175 80 285 114 110 57 355 188 334 357 295 237 268 164 129 144 
318 272 301 282 11 100 266 211 252 153 342 297 160 284 194 95 229 219 207 229 154 
116 232 321 305 97 266 129 248 105 334 11 299 254 244 40 203 113 26 71 331 156 
186 306 276 335 49 249 267 93 308 297 182 301 36 286 139 218 24 332 194 229 204 
177 239 23 264 54 101 4 321 308 267 252 322 348 275 12 85 332 220 298 95 198 
151 166 8 323 4 304 287 182 177 116 225 34 328 169 222 168 343 268 58 107 296 
87 36 244 91 116 20 309 347 246 283 77 150 314 253 263 120 173 312 61 81 301 
199 228 76 202 125 152 184 283 346 74 185 166 158 42 169 107 225 237 66 230 70 
243 24 166 175 28 113 219 184 192 205 290 61 271 315 66 18 340 58 100 32 355 
139 114 341 229 211 152 328 28 306 94 8 214 316 211 245 291 102 343 231 139 10 
79 158 51 356 238 14 8 248 245 139 300 208 169 200 117 103 251 289 118 202 27 
286 240 72 272 106 38 77 38 288 211 27 56 176 203 200 16 237 339 99 282 309 
22 185 37 287 11 236 11 111 255 328 190 202 11 151 323 109 46 337 304 229 318 
144 275 203 246 330 258 62 15 4 89 214 171 99 203 101 286 60 160 205 160 283 
232 61 296 279 226 333 51 195 344 18 4 295 262 265 304 267 106 252 344 306 209 
173 329 23 252 93 303 262 265 122 306 100 330 337 3 53 227 81 196 17 312 211 
76 46 27 109 356 122 217 355 312 123 306 12 225 255 319 108 336 254 91 66 312 
289 246 110 261 80 316 283 284 164 262 199 127 294 316 285 188 288 36 229 50 217 
9 30 159 57 250 331 90 109 267 109 48 148 111 70 333 131 194 93 346 333 183 
335 239 201 111 28 348 81 147 317 14 103 73 120 325 319 102 279 43 51 261 125 
203 167 32 162 272 0 296 138 75 72 8 89 125 11 275 253 314 315 118 60 16 
351 196 143 28 291 237 118 275 160 297 194 312 41 195 215 7 313 97 196 88 330 
38 243 116 282 257 292 269 183 177 184 159 48 105 290 220 119 353 275 250 10 207 
162 237 287 107 296 267 113 43 108 85 109 88 257 202 127 229 12 264 220 88 182 
31 251 246 5 129 166 93 11 321 127 113 119 283 107 192 288 77 45 281 47 280 
23 84 209 230 207 230 315 97 321 250 334 66 154 68 228 105 326 47 293 193 24 
196 254 204 164 343 196 286 142 353 145 286 195 9 90 351 257 171 34 246 88 279 
159 164 346 61 111 107 143 267 353 133 4 296 269 198 303 273 290 212 122 93 91 
325 176 259 303 261 325 94 188 274 193 108 140 125 164 221 306 86 253 275 240 269 
166 182 270 293 122 276 58 137 158 219 296 193 76 114 211 262 245 183 228 115 32 
49 168 135 297 159 280 107 123 304 286 264 1 253 188 330 185 14 233 327 291 112 
213 202 216 240 66 0 287 326 201 46 209 229 111 147 186 54 225 287 31 22 351 
76 46 28 109 108 183 217 355 312 123 306 305 225 142 103 356 336 320 67 66 328 
173 223 224 281 353 49 245 254 59 96 5 332 14 210 148 183 304 301 75 341 11 
313 322 146 111 34 224 185 297 336 125 203 321 269 262 78 334 64 11 23 11 18 
185 215 119 71 158 18 251 69 252 303 320 210 127 85 107 95 267 48 96 159 177 
49 116 223 16 72 36 167 314 246 289 273 156 240 345 32 271 353 275 40 184 169 
350 97 71 308 111 343 309 95 296 335 319 102 295 289 239 202 163 229 287 52 145 
267 343 109 325 104 49 275 350 305 200 215 89 116 275 201 215 354 6 239 89 10 
81 262 79 325 284 126 203 89 292 146 198 185 304 159 272 169 217 309 166 116 227 
104 282 156 233 47 40 59 21 287 245 101 285 301 220 182 221 38 271 13 146 176 
211 248 47 98 56 236 301 263 334 267 235 265 229 356 199 296 355 184 316 284 107 
22 185 37 287 11 236 11 111 142 328 190 202 11 195 161 109 316 245 304 229 127 
209 42 41 47 289 61 125 64 222 97 316 2 211 342 1 47 61 144 207 294 300 
72 295 87 115 286 217 91 276 44 65 227 289 319 211 300 122 6 264 16 321 327 
7 118 4 321 271 345 264 26 292 218 262 125 257 296 141 156 38 275 294 98 41 
129 265 41 55 284 188 64 116 88 258 212 49 292 169 213 340 24 111 164 284 77 
154 128 153 328 278 70 217 303 189 217 11 118 318 166 30 129 178 200 142 48 166 
200 306 276 335 49 136 267 93 308 297 330 301 36 286 139 222 191 332 236 229 71 
144 275 203 152 182 258 283 15 173 89 106 171 339 203 19 286 60 160 205 125 311 
307 175 118 325 319 333 222 277 199 70 281 293 287 311 193 52 107 31 191 26 88 
8 334 37 287 11 236 11 111 142 328 190 202 11 151 323 109 46 337 304 229 157 
89 122 332 14 129 351 21 294 184 104 129 336 107 72 194 107 276 357 307 63 127 
31 209 355 164 177 252 280 88 71 125 327 153 287 217 78 77 181 198 337 66 262 
351 196 178 28 180 237 118 275 125 297 236 312 41 17 215 7 121 97 196 88 330 
43 174 319 49 88 89 321 164 291 306 146 356 333 50 77 353 115 282 168 44 2 
53 139 51 211 203 166 203 264 237 47 43 123 231 85 41 201 272 236 47 194 11 
202 262 24 215 97 11 74 271 198 61 114 336 145 175 346 36 228 27 152 87 96 
141 309 11 102 303 91 108 37 150 303 282 257 244 34 266 66 278 342 16 63 262 
298 139 44 211 203 166 203 264 237 47 249 8 243 85 41 145 272 236 47 236 11 
86 228 70 288 202 113 122 45 81 28 91 109 184 287 55 336 116 315 301 46 262 
174 70 307 131 180 287 47 158 166 262 146 352 106 66 39 155 119 352 74 167 61 
