136 1
130 
92 
110 
5 
93 
113 
102 
83 
57 
113 
63 
130 
101 
8 
49 
72 
105 
60 
38 
75 
135 
12 
118 
1 
56 
54 
87 
99 
100 
126 
28 
80 
132 
105 
111 
73 
131 
52 
15 
69 
50 
0 
127 
0 
56 
126 
82 
16 
50 
123 
46 
71 
3 
100 
92 
113 
7 
27 
118 
100 
14 
100 
72 
52 
73 
31 
72 
81 
91 
44 
125 
99 
15 
38 
26 
105 
52 
107 
25 
6 
2 
99 
53 
52 
70 
133 
120 
19 
15 
135 
100 
20 
16 
38 
98 
74 
122 
81 
18 
119 
50 
104 
50 
42 
94 
124 
40 
84 
9 
25 
108 
65 
63 
73 
37 
17 
102 
113 
130 
10 
22 
120 
16 
8 
116 
24 
83 
88 
113 
76 
95 
117 
85 
9 
92 
70 
