545 1
414 
442 
46 
436 
540 
497 
184 
177 
128 
514 
343 
372 
93 
181 
278 
361 
28 
192 
179 
323 
169 
47 
46 
412 
197 
438 
127 
287 
46 
451 
241 
234 
369 
45 
390 
417 
114 
177 
283 
488 
252 
413 
467 
344 
58 
12 
412 
215 
350 
516 
434 
273 
458 
514 
412 
312 
459 
177 
333 
33 
25 
522 
169 
185 
91 
375 
285 
110 
290 
106 
231 
155 
458 
93 
383 
40 
106 
463 
474 
278 
124 
38 
469 
489 
212 
361 
128 
32 
373 
442 
46 
181 
527 
337 
254 
412 
106 
373 
374 
192 
135 
278 
202 
181 
158 
24 
58 
192 
84 
541 
200 
366 
368 
92 
162 
126 
128 
245 
312 
270 
17 
72 
257 
411 
361 
93 
477 
414 
320 
489 
231 
146 
474 
70 
307 
239 
47 
404 
112 
382 
330 
375 
541 
112 
312 
394 
3 
408 
181 
106 
158 
424 
516 
489 
126 
106 
110 
52 
452 
177 
290 
174 
451 
449 
25 
206 
516 
483 
329 
254 
307 
26 
283 
278 
451 
278 
90 
59 
424 
46 
544 
253 
278 
99 
232 
421 
184 
161 
248 
254 
110 
17 
162 
12 
12 
361 
72 
25 
442 
200 
227 
283 
442 
329 
361 
125 
125 
44 
197 
46 
255 
283 
451 
57 
97 
390 
381 
418 
527 
343 
202 
13 
390 
255 
200 
122 
541 
184 
227 
234 
40 
128 
451 
382 
398 
416 
358 
29 
343 
485 
362 
312 
499 
307 
3 
106 
169 
412 
215 
161 
44 
261 
414 
496 
85 
390 
169 
489 
394 
37 
198 
430 
334 
403 
24 
274 
32 
443 
135 
43 
12 
126 
336 
436 
365 
278 
408 
193 
369 
487 
181 
343 
418 
493 
112 
99 
489 
249 
394 
449 
249 
47 
193 
208 
42 
47 
270 
0 
93 
417 
263 
489 
544 
42 
227 
24 
331 
254 
184 
336 
47 
205 
215 
99 
514 
66 
93 
54 
268 
390 
390 
412 
198 
70 
541 
283 
531 
374 
24 
119 
144 
187 
251 
329 
285 
373 
522 
343 
459 
128 
24 
312 
260 
40 
479 
432 
65 
158 
32 
237 
479 
124 
370 
290 
97 
44 
283 
434 
382 
442 
270 
192 
153 
28 
30 
112 
63 
342 
212 
35 
459 
353 
438 
184 
474 
172 
23 
235 
390 
141 
116 
45 
438 
400 
52 
353 
84 
448 
290 
522 
403 
408 
100 
497 
463 
44 
169 
77 
361 
330 
114 
150 
227 
361 
73 
205 
480 
412 
520 
376 
448 
377 
320 
192 
471 
481 
12 
233 
286 
169 
343 
518 
32 
169 
187 
44 
434 
413 
362 
77 
452 
527 
376 
443 
93 
328 
43 
483 
414 
485 
155 
400 
518 
135 
479 
85 
242 
181 
463 
81 
350 
395 
174 
343 
32 
424 
46 
523 
431 
514 
340 
342 
113 
24 
435 
343 
77 
430 
516 
215 
366 
17 
463 
242 
73 
270 
97 
185 
442 
132 
438 
197 
110 
333 
1 
73 
28 
12 
474 
203 
469 
99 
523 
270 
251 
214 
215 
361 
254 
436 
401 
342 
244 
242 
336 
343 
181 
184 
106 
390 
498 
181 
72 
51 
192 
234 
522 
193 
541 
128 
483 
390 
174 
232 
234 
334 
430 
144 
59 
46 
184 
489 
448 
541 
274 
278 
336 
434 
24 
169 
430 
421 
263 
269 
208 
