212 1
48 
47 
163 
47 
184 
100 
16 
167 
192 
105 
38 
52 
172 
83 
59 
72 
47 
158 
83 
122 
162 
158 
210 
196 
20 
120 
146 
96 
88 
127 
79 
92 
123 
115 
73 
111 
73 
184 
118 
3 
169 
210 
55 
83 
171 
184 
14 
208 
83 
64 
48 
55 
114 
6 
131 
164 
122 
47 
29 
109 
27 
20 
93 
209 
118 
0 
25 
100 
26 
104 
48 
82 
30 
154 
191 
86 
155 
163 
161 
162 
71 
78 
93 
145 
157 
172 
90 
10 
0 
82 
155 
163 
30 
155 
26 
100 
78 
161 
161 
1 
164 
57 
164 
158 
135 
81 
162 
20 
11 
24 
189 
202 
102 
59 
90 
41 
39 
48 
103 
134 
157 
131 
16 
92 
117 
95 
158 
78 
78 
55 
158 
26 
98 
192 
158 
97 
163 
104 
157 
170 
163 
175 
195 
114 
1 
158 
47 
25 
79 
186 
82 
175 
103 
30 
94 
146 
114 
147 
158 
88 
122 
85 
95 
66 
6 
25 
7 
196 
33 
72 
114 
167 
41 
104 
1 
68 
20 
24 
49 
152 
65 
172 
92 
122 
155 
30 
6 
15 
48 
47 
11 
64 
94 
100 
163 
205 
26 
143 
161 
174 
163 
95 
188 
20 
29 
117 
210 
121 
96 
127 
6 
206 
