441 1
228 
163 
7 
431 
250 
196 
149 
17 
410 
90 
47 
335 
109 
416 
268 
248 
331 
242 
162 
178 
9 
68 
148 
203 
187 
76 
383 
104 
292 
33 
416 
187 
378 
298 
334 
311 
70 
234 
179 
306 
435 
391 
275 
67 
98 
8 
393 
157 
419 
302 
7 
342 
182 
401 
98 
15 
273 
68 
68 
173 
8 
427 
78 
38 
0 
424 
132 
431 
7 
378 
248 
395 
212 
86 
109 
404 
248 
72 
393 
202 
0 
115 
302 
382 
338 
435 
242 
50 
306 
39 
57 
96 
270 
265 
215 
347 
121 
341 
120 
433 
292 
265 
410 
290 
205 
265 
427 
243 
48 
179 
98 
404 
121 
342 
259 
85 
151 
302 
155 
238 
104 
171 
424 
35 
254 
249 
263 
419 
75 
427 
308 
180 
303 
246 
179 
143 
356 
139 
250 
427 
52 
421 
86 
424 
338 
398 
179 
18 
266 
427 
80 
30 
3 
38 
49 
324 
81 
265 
121 
23 
342 
342 
212 
416 
10 
164 
436 
206 
296 
408 
348 
100 
118 
220 
9 
431 
342 
361 
331 
306 
0 
182 
82 
378 
133 
204 
299 
424 
339 
213 
195 
78 
238 
325 
191 
283 
346 
75 
115 
426 
365 
315 
416 
438 
121 
391 
425 
330 
191 
225 
392 
151 
345 
257 
288 
123 
263 
393 
420 
117 
149 
15 
102 
180 
123 
174 
121 
7 
435 
121 
432 
382 
52 
142 
201 
183 
418 
75 
395 
413 
75 
23 
6 
56 
306 
202 
302 
75 
241 
271 
52 
429 
62 
17 
187 
410 
0 
299 
139 
279 
80 
253 
77 
203 
426 
253 
226 
68 
9 
288 
73 
291 
104 
393 
156 
48 
236 
234 
268 
274 
172 
346 
38 
143 
156 
335 
253 
127 
261 
383 
220 
156 
173 
417 
33 
265 
299 
148 
428 
38 
49 
327 
117 
261 
33 
249 
10 
186 
296 
369 
335 
343 
416 
236 
146 
395 
401 
2 
338 
38 
416 
9 
303 
0 
365 
30 
366 
395 
6 
315 
284 
78 
212 
307 
46 
296 
67 
395 
88 
13 
38 
146 
46 
115 
75 
18 
59 
82 
428 
31 
342 
68 
433 
410 
349 
22 
345 
98 
140 
28 
155 
249 
7 
248 
416 
149 
10 
433 
123 
142 
234 
1 
417 
155 
236 
15 
6 
356 
274 
75 
340 
287 
426 
248 
75 
292 
2 
266 
378 
81 
392 
6 
39 
47 
342 
381 
6 
428 
416 
75 
365 
431 
428 
259 
38 
68 
402 
104 
13 
320 
90 
334 
250 
266 
153 
75 
432 
334 
395 
46 
337 
342 
315 
148 
188 
121 
120 
248 
416 
179 
346 
347 
429 
334 
134 
115 
273 
115 
96 
62 
432 
