80 17
75 66 58 15 35 77 26 6 53 74 79 18 13 34 52 11 44 
56 67 17 59 70 14 32 58 32 49 23 58 71 49 58 28 50 
62 35 50 4 21 22 22 64 11 3 26 17 78 22 29 52 41 
23 66 30 29 4 63 37 47 14 25 38 41 79 11 68 14 3 
50 9 28 45 55 76 3 58 3 43 11 58 59 49 58 50 28 
62 5 17 62 21 50 56 26 46 32 33 17 61 56 29 39 26 
50 21 58 34 33 56 17 79 66 42 48 13 68 3 19 23 58 
12 61 50 64 21 56 17 64 46 3 62 17 5 22 30 52 1 
56 77 58 34 12 22 56 43 66 45 19 13 23 3 16 68 58 
60 36 60 29 79 57 11 59 0 70 2 66 34 14 37 21 5 
58 10 29 25 26 23 33 10 77 26 45 39 19 55 58 3 60 
17 40 35 70 49 8 9 54 28 79 23 74 70 48 68 32 3 
28 9 22 75 55 36 3 58 3 74 46 58 59 43 58 50 56 
38 76 55 8 74 36 46 42 51 6 52 51 21 14 0 47 78 
9 64 32 46 48 73 41 74 36 46 39 59 62 32 72 8 11 
58 10 30 10 33 23 64 10 20 1 45 72 16 38 58 3 70 
8 36 6 38 49 14 68 71 51 6 39 51 34 36 37 47 78 
49 3 46 18 51 53 27 70 50 58 19 50 30 34 21 5 51 
53 76 69 64 23 11 55 49 71 3 50 69 56 36 64 32 59 
38 57 60 55 74 76 11 24 51 55 72 66 18 14 0 21 35 
71 14 16 41 11 11 55 49 75 3 56 40 17 76 4 3 75 
24 36 40 64 23 11 60 43 31 3 28 67 50 76 41 32 45 
74 32 23 34 0 71 15 60 22 58 16 56 30 20 65 35 66 
17 9 7 38 79 6 9 25 28 49 23 49 60 13 11 3 3 
20 31 21 27 51 11 19 49 58 74 41 25 3 9 70 58 76 
58 15 55 25 26 68 63 10 34 33 53 39 48 6 58 3 38 
50 69 56 24 70 76 32 58 32 74 11 58 24 49 58 50 56 
58 25 70 73 62 46 26 27 34 1 71 35 69 30 58 32 30 
79 3 23 65 0 71 44 38 28 58 48 50 38 47 34 72 37 
50 20 58 34 4 22 22 79 51 59 67 19 46 32 13 46 58 
56 47 58 65 63 56 56 49 66 45 9 13 46 32 13 23 58 
18 59 47 15 37 11 67 49 58 74 33 10 3 40 6 58 14 
11 66 55 38 1 26 51 65 76 25 8 41 79 46 23 57 3 
28 40 17 75 6 36 3 58 32 79 68 58 31 74 58 28 28 
75 14 69 62 23 23 70 74 75 3 22 19 22 14 4 32 42 
1 35 22 12 21 17 17 26 11 32 63 22 35 22 60 2 1 
9 33 3 46 67 44 63 74 76 23 7 53 63 3 7 70 23 
71 37 58 10 72 18 33 8 42 49 43 65 69 34 52 46 73 
50 21 58 34 12 17 50 43 37 45 48 13 46 32 9 23 58 
26 35 56 62 34 28 28 4 68 32 26 22 39 28 38 78 12 
30 36 38 6 49 36 23 59 37 8 61 0 21 36 0 77 52 
22 67 28 24 60 57 3 58 3 74 11 58 24 79 58 22 50 
21 53 77 73 0 23 40 43 58 79 64 73 32 16 29 58 76 
58 31 33 25 12 9 43 2 17 40 44 32 15 17 15 36 22 
58 15 55 27 12 23 63 15 21 64 42 52 69 70 58 32 70 
34 45 21 25 37 68 40 43 58 43 62 15 3 67 70 58 57 
28 16 2 70 49 60 48 27 17 79 46 49 29 40 46 32 32 
71 57 16 12 23 23 29 49 42 32 56 19 17 57 33 3 53 
70 14 29 38 43 36 68 31 0 6 78 37 18 76 66 21 78 
58 59 41 25 41 9 74 35 22 16 73 32 54 50 73 36 50 
43 3 23 34 51 24 27 70 28 58 16 22 70 77 65 61 51 
31 66 58 25 7 77 41 6 45 43 79 20 16 65 61 46 10 
62 35 56 1 34 17 56 1 23 32 1 28 78 22 8 39 12 
34 53 34 73 66 11 9 43 58 43 62 25 3 19 8 58 14 
58 54 55 25 4 23 41 54 34 4 31 78 19 6 58 3 70 
50 21 58 21 12 56 56 49 66 53 19 13 68 3 9 23 58 
74 3 23 18 0 42 54 38 56 58 19 17 6 34 21 7 37 
19 26 3 11 40 10 64 79 76 11 35 31 33 3 78 60 11 
6 16 57 64 78 54 3 17 18 32 43 57 79 3 39 64 3 
47 45 47 10 37 46 9 74 58 49 1 25 32 67 6 58 57 
50 34 58 65 63 22 28 49 0 59 9 69 68 3 19 11 58 
26 5 50 12 21 28 28 33 23 32 64 17 2 22 38 2 4 
17 40 50 71 55 36 32 58 32 74 23 58 42 79 58 28 50 
56 13 22 24 55 36 3 58 3 49 68 58 24 49 58 17 56 
56 19 56 75 55 36 32 58 32 74 68 58 24 49 58 56 22 
53 36 67 63 46 46 6 79 45 32 56 40 50 14 12 32 53 
42 37 58 25 52 20 41 8 53 79 43 21 69 77 35 23 15 
30 14 29 29 74 76 11 45 66 70 39 37 65 57 66 47 39 
56 19 39 30 43 6 13 54 50 74 46 49 29 69 46 32 32 
8 76 30 60 43 57 23 45 66 60 52 0 21 57 37 34 5 
17 65 58 21 64 22 56 43 66 24 48 13 23 3 40 23 58 
18 53 65 54 66 23 69 74 58 49 41 73 32 40 55 58 76 
1 61 17 63 65 56 56 62 11 32 62 17 7 17 30 78 33 
58 44 70 73 26 23 4 27 20 64 59 39 19 70 58 32 29 
58 53 62 10 41 48 79 72 17 48 54 3 10 28 44 76 17 
65 59 20 25 37 46 48 43 58 79 41 27 3 69 6 58 57 
69 41 32 23 67 44 1 49 14 46 39 75 64 32 61 38 11 
59 14 9 62 11 68 8 74 75 3 28 19 22 36 12 3 59 
26 72 17 1 65 50 17 62 11 32 63 17 5 22 60 39 4 
58 53 4 54 4 19 49 78 28 67 54 3 73 28 10 76 22 
