190 18
104 174 6 0 100 147 53 120 168 36 38 120 86 57 0 3 78 181 
1 134 150 173 20 99 98 145 96 25 81 158 182 63 81 168 50 177 
154 151 155 86 117 159 156 107 131 146 16 151 53 80 139 48 137 35 
108 147 13 81 51 155 144 48 10 17 143 139 149 22 81 187 164 144 
181 135 51 31 17 94 164 38 104 24 117 153 38 51 93 33 60 81 
46 115 75 22 49 143 58 70 157 48 12 20 40 184 47 79 51 187 
116 57 124 27 125 48 70 61 110 187 48 92 68 76 2 178 173 175 
171 96 185 159 81 143 106 131 188 48 35 81 155 128 9 162 12 31 
105 116 169 100 103 63 31 63 70 155 48 48 68 113 181 67 160 30 
100 91 5 149 1 183 6 175 93 80 152 144 136 56 114 97 94 138 
40 3 103 18 139 115 52 89 79 148 15 13 76 97 178 85 142 67 
60 113 6 45 158 147 103 79 143 7 31 16 25 57 166 137 187 181 
137 68 20 171 70 76 81 151 144 16 104 100 3 125 179 129 101 134 
181 42 89 38 17 142 168 31 60 93 72 168 38 51 4 26 60 97 
51 153 52 89 18 71 15 81 81 179 48 156 51 62 111 41 79 185 
129 179 96 163 147 179 81 34 78 174 164 164 32 164 41 98 110 148 
17 158 34 11 47 17 83 116 22 48 41 139 146 76 62 49 17 166 
143 26 147 177 135 90 2 33 43 17 19 100 39 122 87 146 120 120 
88 143 183 74 129 20 63 97 81 70 48 130 148 140 59 24 16 169 
158 91 102 5 171 136 69 175 13 140 152 144 33 3 68 81 142 42 
89 153 183 55 159 20 15 97 97 179 48 53 74 184 96 4 57 185 
33 19 75 170 74 143 29 70 185 48 51 159 108 80 24 120 12 160 
14 91 85 100 152 30 31 30 179 67 48 48 76 160 181 8 174 30 
100 167 5 121 1 183 54 83 4 84 77 139 52 177 114 81 107 42 
181 138 12 38 17 142 153 31 36 47 117 153 38 165 41 26 7 97 
45 144 4 81 89 32 139 48 183 17 168 144 180 155 97 113 153 144 
0 137 156 105 147 75 183 89 120 55 30 93 76 97 29 182 107 170 
81 140 48 62 36 179 17 19 114 164 66 134 155 64 153 42 39 66 
73 16 8 118 101 48 70 149 39 174 48 92 114 114 2 58 15 131 
30 1 175 96 4 98 96 31 64 48 131 127 166 184 109 83 121 48 
20 179 54 84 139 179 81 99 174 78 143 168 145 168 41 98 146 88 
120 173 115 39 36 132 23 44 73 4 45 0 81 38 31 114 150 10 
14 2 182 100 130 63 38 63 179 8 48 48 114 174 181 124 95 63 
82 56 103 20 147 189 10 89 57 74 30 13 114 81 178 185 154 155 
128 46 7 46 70 140 147 157 68 106 140 179 26 130 55 164 73 158 
4 26 175 115 48 17 30 158 23 22 106 95 48 172 114 70 81 120 
1 112 85 105 97 153 151 83 107 48 151 81 22 128 189 137 165 38 
66 6 176 129 97 153 106 83 154 48 106 97 155 184 23 3 88 31 
120 63 189 110 43 118 189 10 73 41 166 166 81 31 31 68 150 33 
128 44 104 33 70 128 139 157 127 151 163 179 44 133 55 164 91 158 
104 113 6 108 100 144 53 57 153 104 31 57 177 120 45 177 78 64 
181 132 49 31 17 142 143 31 60 47 72 153 31 12 47 44 104 81 
97 80 48 184 36 179 17 75 127 164 1 121 67 181 143 42 39 171 
1 6 169 129 97 153 35 175 142 48 151 97 67 140 122 56 55 38 
166 141 126 159 139 65 10 12 79 49 173 93 114 81 161 85 188 67 
37 78 112 45 158 147 77 16 164 37 31 16 137 120 108 162 174 72 
108 162 53 20 139 150 46 49 57 51 15 13 127 97 29 85 188 170 
181 135 148 38 17 188 153 31 36 41 64 153 38 12 93 46 37 97 
140 177 97 103 1 81 17 73 151 74 18 17 45 131 170 26 155 38 
56 68 20 92 179 76 97 35 144 16 104 100 162 123 70 129 101 21 
179 35 38 89 118 53 21 73 176 79 25 96 15 105 145 158 52 61 
87 76 105 66 70 76 81 106 139 79 104 100 177 85 179 18 123 5 
82 86 130 129 139 23 44 51 16 51 15 24 114 81 58 185 107 155 
179 151 38 89 119 152 21 116 123 79 162 112 30 129 22 100 26 102 
116 16 32 42 157 48 70 21 39 113 48 66 127 68 167 161 30 83 
87 114 18 66 70 68 81 106 139 16 43 100 141 85 70 20 125 21 
98 144 47 97 12 67 144 48 44 17 168 139 21 8 97 187 164 147 
17 100 146 40 4 17 131 2 145 48 4 144 146 76 80 88 17 45 
15 1 83 59 13 82 54 31 117 48 131 68 45 163 163 83 121 48 
73 57 32 118 85 48 179 61 34 95 48 171 76 76 2 29 30 131 
1 59 169 18 81 153 151 83 188 48 35 81 8 84 122 87 12 38 
136 65 150 124 49 143 172 179 182 48 148 71 45 62 47 79 89 160 
49 81 48 3 64 81 122 81 90 164 112 3 48 111 83 86 107 129 
159 179 54 163 144 70 97 146 113 113 153 143 32 153 4 108 146 88 
144 170 179 68 18 181 86 38 143 97 35 151 114 180 146 47 81 178 
158 73 61 61 171 52 96 131 24 62 53 147 10 137 76 97 188 138 
1 149 75 173 71 39 82 8 96 177 81 158 176 173 81 143 133 162 
159 167 123 100 77 173 38 30 179 155 48 48 127 160 117 124 113 30 
175 48 27 97 105 119 160 119 20 66 153 83 182 13 7 41 122 48 
167 79 155 27 157 48 70 180 39 160 48 171 76 127 73 58 15 175 
161 30 145 60 35 136 14 164 76 148 132 104 64 58 53 17 49 161 
74 153 46 74 20 71 63 81 81 179 48 126 51 109 59 93 57 101 
139 155 70 127 20 181 162 38 164 81 106 106 114 149 99 24 81 172 
142 151 67 3 181 20 50 154 83 110 120 106 53 62 147 48 25 151 
56 127 18 1 70 114 81 151 144 16 36 158 177 157 70 18 169 134 
158 116 149 21 66 183 69 131 4 128 77 144 52 177 114 81 188 119 
175 48 132 81 14 42 174 119 71 171 143 83 85 41 36 47 9 48 
70 35 31 74 42 126 149 73 182 16 86 96 30 105 32 158 33 149 
93 22 75 1 80 35 114 94 74 131 20 144 180 162 29 22 38 48 
17 100 34 0 41 17 175 90 8 48 4 139 34 114 128 49 17 108 
74 97 48 87 64 81 115 81 2 164 6 162 48 6 131 137 154 14 
12 144 187 110 131 4 158 74 100 134 92 31 17 106 19 31 35 36 
37 113 111 0 100 147 103 57 143 7 31 57 137 57 11 56 174 64 
124 48 35 80 17 187 1 175 8 81 17 151 38 149 64 46 79 132 
89 97 48 56 117 81 189 97 167 164 28 56 48 54 175 86 142 159 
17 8 169 140 173 104 78 21 68 17 72 35 133 48 17 17 113 57 
166 139 41 81 74 124 147 48 26 17 168 139 134 145 81 174 168 147 
98 147 41 97 55 145 144 48 52 17 168 147 149 67 97 187 143 144 
56 68 20 1 179 68 81 106 147 120 43 158 56 123 70 20 125 149 
141 68 14 92 70 68 81 106 139 79 7 100 177 101 179 159 85 5 
188 106 67 177 72 129 156 94 83 99 16 35 50 140 139 48 56 151 
142 35 145 25 117 71 152 94 83 110 120 106 103 163 139 48 162 35 
66 134 23 30 129 34 45 32 54 3 81 158 176 30 81 153 152 56 
64 138 12 31 17 188 153 31 36 47 64 153 38 49 13 10 36 97 
152 106 56 64 10 8 164 68 126 56 147 146 51 113 181 145 132 99 
13 22 189 66 80 35 127 154 12 175 14 147 134 25 172 145 38 48 
91 120 67 135 123 48 70 149 39 113 48 92 76 114 2 172 30 131 
74 144 160 146 83 93 100 89 158 61 1 38 17 35 115 31 106 37 
7 174 186 45 158 147 133 120 143 7 38 120 56 57 108 86 78 117 
109 44 37 33 179 140 147 157 114 106 62 179 26 103 12 153 116 158 
178 56 185 167 24 97 181 131 17 7 149 48 31 179 110 103 63 186 
17 145 85 184 63 104 187 102 68 17 181 106 156 48 17 17 187 16 
183 23 65 22 55 168 29 70 169 48 49 71 108 84 24 79 165 174 
70 151 31 55 132 126 180 90 185 120 177 112 63 14 170 158 46 134 
1 28 125 20 81 164 151 175 154 48 106 97 22 128 189 56 55 31 
165 168 46 55 20 18 30 81 97 179 48 156 49 184 69 93 57 125 
4 46 175 75 48 17 63 158 122 155 106 113 48 161 114 179 81 79 
130 151 177 181 52 67 153 114 156 141 139 34 88 174 181 155 118 99 
7 78 59 45 158 147 152 57 153 104 38 16 141 57 98 137 113 64 
51 81 48 177 117 97 23 97 116 164 69 3 48 59 131 162 142 18 
184 10 104 183 179 84 147 185 114 151 80 179 26 50 165 153 167 158 
167 16 155 119 182 48 179 149 110 187 48 66 127 68 167 161 173 131 
91 79 170 119 125 48 70 5 99 95 48 92 114 68 91 58 30 175 
24 8 122 92 140 151 127 188 89 83 71 139 21 56 178 145 31 48 
131 48 27 81 14 132 174 138 71 1 168 83 169 93 104 4 150 48 
158 2 61 21 92 183 6 175 93 84 133 139 26 87 127 81 188 132 
107 106 8 25 64 18 133 142 175 99 57 151 133 184 144 48 25 106 
139 155 70 68 71 117 3 38 164 97 106 35 114 149 34 41 81 58 
97 62 48 184 7 179 17 189 114 164 1 180 155 117 143 132 99 92 
81 84 48 163 104 70 17 189 114 164 66 61 170 64 143 119 110 92 
17 100 34 98 24 17 131 116 155 48 13 147 110 76 84 51 17 166 
52 189 23 67 51 168 172 179 85 48 148 129 0 128 93 16 89 113 
100 90 149 180 1 183 59 131 13 80 152 139 26 56 127 97 94 118 
17 155 125 84 173 7 78 102 68 17 72 106 50 48 17 17 113 57 
18 90 123 158 53 30 31 30 70 124 48 48 68 95 64 22 174 173 
17 145 157 163 63 7 174 121 68 17 72 106 77 48 17 17 113 16 
70 151 31 49 138 50 21 90 125 79 56 59 15 18 124 158 183 134 
83 48 119 81 129 138 78 119 71 1 143 83 169 93 7 93 189 48 
51 81 48 137 181 97 150 81 116 143 59 162 48 59 131 86 188 71 
49 153 183 55 18 20 30 81 97 70 48 126 148 109 111 13 79 101 
179 106 31 89 138 130 21 2 85 57 25 111 15 18 124 158 26 134 
67 48 151 109 17 95 171 131 67 97 17 35 38 21 117 136 16 132 
97 163 48 84 37 179 17 9 76 143 1 121 67 117 164 119 146 1 
70 35 31 88 135 152 134 91 182 120 56 96 63 105 145 158 46 121 
46 150 122 155 49 153 58 179 182 48 89 14 40 80 93 79 89 78 
97 109 48 140 43 70 17 122 114 164 171 180 145 181 143 118 39 171 
98 162 103 129 139 19 44 165 57 148 173 47 68 97 58 157 142 155 
45 147 13 97 165 170 147 48 136 17 168 144 134 124 97 174 168 147 
81 84 48 80 43 70 17 122 76 153 1 102 145 117 153 27 110 66 
70 100 152 175 33 175 188 43 108 57 52 154 114 70 131 81 34 61 
49 81 48 87 181 97 65 81 2 143 28 25 48 69 131 177 107 20 
108 139 47 81 55 8 139 48 26 17 164 144 5 67 97 187 164 147 
103 151 87 181 183 145 143 68 156 86 139 39 88 174 72 8 132 34 
136 173 79 7 97 110 150 10 147 138 70 20 120 84 175 39 159 70 
70 158 77 83 136 83 107 7 166 16 10 107 127 179 131 81 110 149 
20 167 123 158 152 173 31 173 70 22 48 48 76 95 64 8 187 173 
62 183 43 26 70 184 147 176 114 106 62 179 26 77 49 168 2 100 
70 158 133 83 10 175 154 37 11 120 33 188 114 179 131 97 110 61 
25 76 159 171 70 68 97 35 147 79 60 100 3 185 179 71 185 102 
26 122 115 170 55 168 161 179 182 48 89 20 40 184 47 79 55 174 
158 2 102 102 92 33 186 83 47 140 53 144 26 87 114 97 107 135 
93 26 175 122 48 17 15 158 115 67 151 95 48 29 114 70 81 79 
70 151 38 89 138 77 21 116 123 79 141 54 63 105 22 100 33 21 
26 15 16 60 81 110 9 183 147 138 70 14 79 80 83 39 71 70 
53 106 177 117 52 155 153 114 130 137 147 99 12 113 64 32 138 110 
71 2 169 158 77 15 38 15 70 145 48 48 127 187 72 124 174 30 
70 106 31 12 132 156 21 116 85 16 3 112 173 71 170 100 46 5 
17 170 157 80 15 60 187 134 76 17 181 35 77 48 17 17 95 57 
172 3 85 116 13 81 72 83 17 37 5 48 38 179 99 53 30 54 
74 168 44 148 105 159 30 97 81 70 48 50 89 163 111 24 16 125 
24 8 75 171 140 151 76 107 88 175 71 144 5 162 161 32 31 48 
15 92 131 28 47 82 28 38 181 48 175 76 82 80 163 131 134 48 
45 139 93 81 148 124 139 48 10 17 168 139 121 32 97 187 164 139 
51 97 48 87 64 97 9 81 90 143 69 141 48 59 83 25 94 105 
44 173 57 37 81 99 23 183 139 27 70 159 16 128 175 146 159 70 
162 127 71 1 179 127 97 106 147 79 43 100 137 85 70 159 157 5 
104 95 28 40 100 139 130 57 168 104 38 16 25 16 82 86 174 64 
188 151 22 177 72 129 77 142 175 146 120 151 152 80 147 48 162 151 
26 173 120 37 81 34 9 10 139 42 179 105 120 184 131 39 129 179 
17 22 157 140 173 7 113 180 68 17 117 106 156 48 17 17 113 120 
129 116 85 100 156 15 38 173 70 32 48 48 114 174 117 67 78 63 
1 5 9 15 20 39 98 32 54 137 81 100 125 63 81 164 130 162 
63 66 131 111 24 45 96 31 64 48 131 68 0 140 109 83 5 48 
14 70 111 109 144 70 97 99 95 95 153 164 22 164 13 0 99 51 
13 32 23 1 140 106 68 142 49 83 129 147 102 87 161 8 38 48 
170 48 151 62 17 95 92 83 124 97 17 106 31 134 72 10 16 135 
17 145 85 80 63 60 187 149 68 17 181 106 77 48 17 17 95 16 
11 147 47 97 74 124 147 48 136 17 153 147 21 124 81 95 143 147 
173 92 83 28 13 11 54 31 72 48 175 127 0 62 80 83 121 48 
178 63 170 7 35 44 71 153 68 74 118 7 117 29 133 17 89 161 
183 19 9 155 55 143 161 70 176 48 74 20 82 84 93 57 88 160 
139 22 70 127 71 117 141 38 164 97 151 151 68 180 146 13 97 29 
17 22 101 84 63 37 187 149 76 17 72 151 103 48 17 17 95 120 
11 86 77 71 147 65 33 88 16 51 63 24 114 97 58 101 188 155 
165 81 48 87 64 81 23 97 167 153 59 86 48 96 83 87 188 159 
17 8 85 84 173 7 78 149 68 17 117 35 133 48 17 17 160 79 
2 16 124 42 182 48 179 61 34 187 48 1 68 127 116 161 63 131 
47 22 189 66 109 151 114 142 89 175 105 147 121 141 178 170 38 48 
53 106 177 181 26 8 168 68 126 162 139 39 88 160 72 124 118 39 
100 167 21 102 92 52 112 175 93 84 126 147 136 162 127 81 94 132 
