97 10
7 40 94 84 95 11 21 16 27 76 
73 18 94 33 43 86 87 50 8 22 
57 42 30 83 86 23 13 61 23 63 
61 74 36 33 48 51 88 60 91 0 
67 6 8 8 86 90 40 65 20 55 
75 54 19 52 8 90 12 22 6 13 
49 79 36 10 74 76 61 55 1 69 
65 87 94 50 43 17 30 48 47 30 
72 93 87 77 39 53 85 43 26 17 
40 18 78 31 11 28 8 38 38 42 
46 47 41 45 16 9 53 24 40 49 
55 49 94 48 46 78 35 71 55 48 
27 78 15 89 7 93 42 52 41 57 
52 52 92 91 81 66 18 87 78 90 
0 6 78 27 24 42 86 1 32 57 
76 34 69 82 6 34 39 80 57 48 
66 39 34 90 17 49 83 65 44 59 
53 14 36 85 18 49 37 76 19 33 
30 36 34 54 22 65 90 12 7 51 
34 39 40 82 47 43 50 43 11 21 
17 37 93 93 3 50 70 87 59 32 
15 86 69 76 76 79 38 49 4 78 
95 73 22 20 93 27 50 64 38 34 
72 22 93 10 45 65 71 68 35 37 
62 73 9 79 49 29 50 44 20 4 
56 17 24 47 40 39 84 89 26 53 
46 32 68 50 77 8 0 59 55 46 
22 26 21 52 25 30 87 56 45 72 
94 35 66 28 89 61 53 68 44 79 
66 74 37 52 32 23 43 57 58 42 
79 77 19 61 74 57 42 48 47 23 
3 46 77 53 95 87 24 86 67 56 
70 44 27 68 88 68 36 74 35 92 
37 42 85 74 86 75 16 59 85 27 
85 29 57 0 81 8 6 57 50 15 
2 13 50 74 83 35 57 68 11 69 
30 74 73 26 46 56 24 70 75 64 
38 79 80 51 60 94 41 49 76 49 
79 33 96 58 92 45 78 5 20 75 
82 4 87 25 85 50 48 50 38 70 
13 83 71 69 76 33 35 4 34 1 
27 24 82 21 86 42 3 96 61 28 
32 4 13 42 12 68 92 38 20 28 
55 96 72 80 72 26 68 48 57 51 
87 35 46 17 10 75 93 52 63 78 
70 79 3 79 93 39 12 75 68 92 
24 63 63 75 35 43 46 79 80 44 
63 6 15 32 33 13 64 61 40 36 
12 14 95 62 87 10 71 94 19 63 
3 65 53 64 75 13 76 77 85 10 
29 25 95 31 79 34 13 58 76 34 
50 24 93 23 4 24 32 60 82 44 
8 70 79 50 95 63 34 30 81 54 
96 53 55 32 46 66 14 61 75 21 
28 13 58 2 95 70 89 70 14 64 
76 45 53 81 54 28 93 28 69 13 
93 55 94 91 14 81 33 77 59 78 
66 4 14 10 52 58 53 96 48 95 
84 78 13 39 86 77 14 45 91 6 
73 84 35 28 81 38 33 39 28 83 
7 92 9 67 13 48 25 11 78 60 
40 41 84 47 74 5 43 21 28 30 
21 49 2 77 12 20 36 55 90 17 
23 69 2 78 59 37 21 2 73 56 
30 68 60 12 38 10 6 20 31 79 
91 64 58 69 26 61 76 1 79 31 
52 34 1 38 81 8 64 59 84 29 
47 22 58 93 7 94 88 51 71 47 
22 55 68 18 54 36 75 31 75 66 
41 79 0 93 67 20 48 36 51 42 
96 9 92 74 37 76 61 45 1 91 
24 16 13 44 73 21 50 79 21 4 
74 61 47 85 22 27 82 51 87 4 
20 21 18 71 86 90 64 32 23 25 
72 36 67 73 27 60 8 65 64 1 
26 58 89 74 36 92 89 31 7 74 
4 87 10 89 43 80 38 34 83 78 
46 89 96 6 62 80 9 84 14 6 
10 52 79 27 8 5 46 13 37 60 
64 37 6 70 70 50 95 68 75 0 
86 4 56 86 19 85 40 39 36 15 
66 83 6 17 70 75 61 16 44 53 
93 46 61 28 20 4 17 89 60 38 
91 95 35 24 43 90 65 9 3 32 
86 63 44 19 27 30 61 85 44 94 
89 34 54 31 66 52 28 69 22 74 
36 41 91 71 35 34 1 3 96 31 
36 85 63 27 83 26 72 1 4 44 
2 16 87 30 26 85 23 10 27 74 
8 29 17 60 90 35 61 75 84 13 
27 92 3 72 58 46 78 38 53 33 
73 42 51 43 76 44 72 81 23 2 
39 96 0 6 20 79 75 54 24 51 
53 60 77 81 11 92 52 72 42 27 
62 48 18 29 63 52 22 2 67 89 
80 82 57 80 16 11 21 91 64 18 
1 4 41 49 27 0 35 42 53 31 
