454 21
109 128 286 137 72 3 123 259 302 4 137 6 249 182 207 136 168 439 111 375 280 
180 82 389 82 370 128 187 402 73 434 143 273 402 268 386 270 87 259 291 40 137 
351 129 216 252 429 402 111 355 130 440 297 123 268 178 348 114 15 354 334 101 87 
443 291 235 337 240 362 298 434 368 426 151 406 430 35 11 6 305 273 259 141 397 
119 301 107 123 233 292 371 435 286 406 414 374 355 8 61 396 181 172 366 176 429 
426 329 58 324 78 130 109 87 285 119 386 341 342 103 164 345 286 292 268 233 250 
291 184 109 223 255 137 6 329 246 97 363 40 83 268 435 106 18 11 272 433 185 
365 29 286 187 326 405 194 130 452 46 387 398 182 259 87 260 216 10 137 207 198 
409 305 369 20 329 328 380 359 345 434 176 434 240 130 37 365 250 328 101 144 212 
289 391 396 420 256 182 49 144 109 271 38 228 218 236 385 168 20 395 304 93 292 
192 140 168 210 111 6 240 67 342 210 443 362 434 165 18 369 139 80 429 223 73 
130 111 397 268 177 378 22 207 445 304 407 152 29 303 100 134 402 187 259 48 211 
326 106 326 156 247 173 354 281 377 331 6 173 81 268 308 383 2 252 394 145 209 
325 87 104 276 216 137 56 33 420 404 14 316 217 208 319 205 218 321 107 326 314 
208 252 341 111 242 392 274 376 273 434 324 94 439 250 421 87 413 336 452 341 388 
257 0 374 291 324 122 395 406 108 331 291 413 111 220 382 195 286 3 55 436 4 
158 8 320 137 433 96 380 216 9 431 429 138 143 111 14 396 277 193 375 291 147 
434 177 130 374 291 128 336 182 434 194 429 105 237 33 359 392 278 22 106 83 137 
402 29 184 371 406 432 291 216 18 40 282 143 15 165 94 40 11 421 26 74 429 
260 4 285 324 84 130 168 87 5 435 198 179 342 292 416 345 55 241 268 325 351 
100 16 232 362 268 47 41 151 438 217 391 316 419 33 331 444 268 247 7 130 198 
117 127 396 9 365 182 166 236 109 271 207 326 63 236 162 109 190 170 304 226 241 
217 46 434 346 353 137 47 315 147 170 334 429 349 415 130 402 3 275 203 102 309 
402 334 229 243 406 383 291 449 79 231 282 125 404 220 142 417 413 421 26 185 429 
139 324 281 415 27 285 87 210 261 396 199 146 331 1 217 396 108 268 273 220 319 
449 339 147 402 35 402 399 99 96 440 443 172 331 451 292 286 362 407 427 130 343 
143 194 420 151 248 19 419 263 16 200 130 106 137 314 421 185 17 402 75 423 14 
331 309 446 187 353 160 196 282 155 197 271 182 408 137 311 114 274 181 258 88 172 
125 291 394 337 412 286 265 434 315 348 115 172 203 371 428 6 435 266 259 261 308 
109 207 28 346 363 340 27 405 193 137 116 87 111 13 111 232 258 276 21 368 6 
244 268 430 217 115 175 278 329 452 401 47 125 119 193 49 35 361 64 119 324 108 
430 146 130 187 81 146 402 249 149 300 308 87 140 43 75 6 353 434 324 250 140 
331 377 164 182 325 328 66 279 131 346 379 187 62 137 350 272 369 144 311 341 172 
130 296 406 421 111 73 137 427 62 143 166 416 217 382 256 46 130 241 27 451 163 
85 106 326 393 247 4 185 171 309 331 6 4 323 268 308 432 304 252 334 21 225 
231 324 281 56 254 161 87 395 261 396 92 146 331 264 217 396 123 268 451 220 319 
255 291 394 126 201 55 265 434 249 121 22 172 387 293 11 6 208 436 162 376 397 
224 249 2 77 131 220 170 265 49 72 414 349 246 146 18 343 52 381 2 325 324 
325 87 395 80 216 137 56 33 199 46 102 318 217 442 319 205 0 278 9 326 292 
355 105 106 355 111 6 240 197 78 192 125 286 434 227 318 339 40 276 429 148 429 
230 186 420 95 232 90 76 450 136 423 130 168 137 103 329 205 201 402 317 200 117 
130 111 308 268 177 173 22 380 436 423 339 401 29 129 100 140 402 182 345 239 138 
377 434 231 434 27 217 308 53 267 418 436 39 333 446 105 211 140 95 58 442 165 
100 136 299 55 268 69 244 115 438 217 127 118 343 372 331 191 268 301 68 130 306 
170 140 168 355 111 6 110 197 341 192 230 362 434 297 215 317 417 370 73 284 429 
26 324 13 77 32 335 87 395 287 396 92 146 331 344 217 396 123 268 266 227 178 
64 63 212 291 324 267 104 406 108 331 291 11 111 70 250 138 362 36 55 445 378 
247 268 177 217 142 251 168 329 452 241 267 255 305 439 166 238 340 288 305 324 123 
2 224 111 140 323 217 314 2 178 67 308 396 374 408 124 123 340 130 43 204 304 
123 12 231 111 310 297 406 438 234 282 224 30 294 275 73 301 247 164 257 6 44 
357 233 434 137 297 402 6 200 119 182 449 355 432 394 361 129 8 164 105 230 166 
223 378 51 324 341 130 321 87 285 305 306 342 78 292 164 385 55 97 268 353 382 
361 243 291 143 130 262 365 111 313 324 226 426 413 239 88 224 406 6 340 70 323 
300 267 106 279 187 127 277 310 394 38 49 453 98 26 314 200 419 381 1 391 17 
375 434 417 434 346 217 308 53 122 418 266 44 169 54 140 65 105 115 19 435 180 
313 306 308 66 391 340 201 207 5 192 61 324 216 262 291 405 250 450 386 49 36 
305 191 29 220 33 6 434 111 268 129 255 98 340 306 22 55 272 442 65 258 44 
346 77 51 332 129 104 176 425 359 309 188 395 194 365 434 9 109 260 217 141 87 
121 4 19 324 154 130 278 87 161 435 198 341 128 97 416 239 362 314 268 36 250 
406 173 132 111 87 434 268 289 146 390 304 30 340 282 235 434 434 308 401 217 390 
442 252 88 111 242 452 317 290 436 434 324 22 193 351 202 87 428 427 193 179 391 
41 268 177 217 142 265 109 202 193 97 47 443 208 452 166 169 251 288 435 324 123 
202 382 407 370 331 440 291 193 405 449 322 37 134 9 402 203 134 429 396 387 434 
106 179 286 137 273 3 123 259 12 421 137 6 368 187 127 144 168 392 111 158 280 
40 262 376 136 363 423 290 182 137 134 281 44 274 223 353 396 189 259 109 363 443 
156 6 108 175 306 205 364 336 52 87 363 239 370 292 137 351 203 20 334 83 324 
265 371 291 443 130 16 133 111 408 324 46 132 352 345 341 224 406 6 340 297 343 
331 444 356 187 36 440 196 57 82 32 296 182 384 137 424 82 407 181 62 342 406 
256 29 286 182 85 405 33 130 439 101 387 64 182 48 87 121 449 131 137 171 386 
244 268 330 217 115 340 106 4 452 97 30 125 442 193 49 24 298 64 435 324 108 
434 268 429 321 187 394 49 126 385 208 299 137 111 210 249 148 405 213 216 73 345 
40 324 171 432 197 90 87 192 86 396 199 146 331 184 217 396 123 268 445 227 359 
309 291 419 137 133 86 354 291 115 437 448 130 270 129 212 137 264 134 291 406 406 
8 365 155 324 402 92 74 431 89 182 240 280 82 235 17 200 255 407 324 183 296 
397 73 264 324 69 14 52 382 250 256 126 252 320 37 340 247 240 72 449 324 434 
288 125 252 240 256 177 442 160 276 298 194 219 351 172 92 111 346 374 130 151 100 
351 163 250 16 183 94 429 190 153 363 314 186 100 378 290 449 280 357 331 291 99 
435 309 29 220 372 6 434 111 268 129 255 228 175 99 367 55 155 119 195 424 82 
216 274 147 402 243 402 399 386 344 66 255 406 331 72 97 55 55 407 427 130 343 
402 29 1 71 172 432 291 216 389 139 282 230 112 297 22 40 244 421 231 437 73 
396 329 96 186 21 324 84 351 108 402 219 24 258 440 30 239 381 333 452 324 448 
351 156 351 136 10 22 429 214 200 48 152 194 100 421 376 216 280 194 331 291 198 
395 105 168 192 111 6 399 204 84 170 143 362 434 220 18 407 26 276 73 121 429 
180 131 215 82 337 341 187 402 429 434 143 273 402 268 306 90 87 239 291 139 137 
449 369 147 402 24 402 412 306 184 66 443 406 331 266 103 55 55 339 379 130 76 
8 176 2 219 183 227 355 361 49 436 237 190 445 146 316 343 196 63 304 222 324 
228 321 98 393 301 173 354 380 135 331 6 378 419 268 100 415 304 146 29 9 356 
442 324 161 79 193 187 52 37 442 250 268 235 87 271 253 417 250 268 39 220 437 
449 317 147 402 238 402 110 386 184 328 400 172 331 246 103 286 286 407 427 130 76 
100 73 184 324 269 163 52 250 250 133 80 252 357 98 53 352 399 358 216 324 434 
132 421 332 324 88 130 168 87 161 119 99 88 88 292 364 345 55 241 268 222 382 
351 390 413 319 380 324 248 330 119 250 268 130 435 23 383 375 173 332 355 183 356 
117 38 396 124 405 182 300 144 106 441 388 326 0 16 345 321 410 170 304 404 241 
403 232 212 291 324 267 395 406 123 331 291 244 111 297 351 418 362 222 55 436 378 
217 112 434 204 120 137 269 315 147 210 394 73 43 383 130 402 36 368 177 163 375 
217 112 434 27 36 137 61 176 147 104 277 429 190 77 130 402 222 68 387 156 309 
220 44 318 183 370 128 187 402 73 434 230 358 402 268 306 285 87 48 291 347 137 
130 110 380 6 351 6 417 154 331 434 47 344 94 155 324 452 26 100 147 442 207 
8 315 423 56 183 227 210 340 49 246 237 20 273 146 318 188 196 218 200 353 324 
134 78 355 227 168 415 424 271 439 325 72 424 108 18 166 44 137 172 434 87 57 
365 382 163 122 140 345 334 172 217 250 280 449 115 75 442 114 395 168 414 0 111 
398 248 212 291 324 61 192 172 108 331 291 244 111 227 250 242 55 36 286 445 421 
305 252 179 111 65 439 407 290 273 434 324 142 439 250 4 87 301 441 193 342 13 
130 399 38 6 382 6 417 25 331 434 322 344 94 114 324 193 40 397 147 119 38 
351 390 247 245 127 324 299 330 305 250 268 130 442 23 56 309 4 90 170 155 446 
169 286 314 379 197 437 396 55 55 182 37 182 37 84 292 217 182 213 74 137 2 
160 3 144 235 436 351 404 89 35 406 449 176 8 434 434 294 429 203 198 51 7 
60 391 396 92 31 187 166 181 278 427 207 85 232 181 363 109 360 395 425 101 103 
85 120 201 179 364 224 62 451 432 250 202 73 399 77 434 283 130 379 286 331 219 
66 28 144 29 445 382 404 354 293 172 449 249 8 434 434 41 73 387 386 58 275 
434 387 130 212 291 341 438 182 434 33 73 140 237 186 178 193 109 151 109 344 137 
330 146 73 431 111 283 13 161 6 33 425 9 330 217 13 260 149 286 147 125 200 
327 381 374 291 324 30 210 172 123 331 291 352 111 227 250 211 362 36 55 358 4 
49 61 106 282 187 281 394 284 235 207 300 156 228 139 152 423 323 381 264 388 411 
104 140 278 192 111 6 399 32 341 395 255 362 434 227 215 317 347 337 73 148 73 
217 93 434 197 325 137 30 368 147 192 277 429 338 415 130 402 390 68 330 307 157 
417 181 376 144 162 304 290 187 137 105 281 131 369 132 390 396 218 345 106 385 443 
435 252 179 111 65 439 75 376 358 434 324 95 452 382 378 87 244 441 392 154 388 
402 235 344 238 172 432 291 449 118 231 279 125 226 70 94 417 244 173 26 74 73 
18 337 281 52 12 147 268 109 259 305 435 360 131 36 434 300 396 172 8 396 392 
143 291 334 80 411 286 361 434 176 132 94 172 203 238 428 6 305 266 345 302 397 
137 178 1 308 234 334 442 366 302 172 6 406 90 151 160 49 432 87 0 185 386 
428 268 177 217 94 298 109 378 193 314 267 443 208 193 300 371 175 398 442 324 108 
326 233 447 128 209 224 384 436 432 351 173 429 447 415 434 283 130 427 286 331 219 
393 391 396 21 31 182 300 262 321 271 13 98 299 262 363 109 360 192 423 112 241 
449 351 429 92 331 187 147 110 19 125 385 139 331 308 396 269 107 157 73 237 275 
396 4 1 186 145 324 128 351 123 402 383 238 350 196 69 345 0 24 392 324 403 
353 87 170 276 216 137 383 433 92 112 156 221 217 442 359 205 232 278 283 37 152 
449 317 147 402 24 402 411 386 229 328 409 172 331 72 241 286 55 274 336 130 419 
346 432 90 161 129 170 275 153 178 375 323 210 33 133 434 420 106 348 217 12 87 
217 76 305 138 80 449 317 308 38 266 386 172 336 106 157 17 59 15 222 404 178 
104 140 109 170 111 6 17 32 84 104 230 286 434 70 221 317 417 80 73 260 73 
137 359 344 397 253 394 435 279 12 172 6 172 19 115 160 49 383 87 299 74 386 
430 146 130 187 323 252 402 275 245 166 397 87 134 349 317 6 28 434 324 250 134 
333 286 401 441 197 89 396 362 55 182 85 182 85 25 292 217 182 374 205 137 425 
6 75 351 95 74 140 161 122 56 378 418 295 324 71 86 55 435 409 300 407 133 
377 224 357 137 33 184 207 449 9 348 73 418 125 111 14 396 277 392 135 291 147 
372 331 184 291 199 213 278 449 406 251 283 59 348 291 200 429 263 210 340 228 286 
117 6 108 251 99 89 42 296 440 87 48 239 80 314 137 382 330 214 235 96 324 
409 357 107 115 218 161 323 175 262 423 130 278 137 103 378 89 412 402 274 423 307 
35 286 241 59 27 205 396 362 362 187 37 182 37 154 292 217 187 212 89 137 153 
98 321 228 156 352 173 354 13 157 331 6 421 343 268 308 415 200 146 394 124 42 
217 101 434 204 325 137 122 249 147 91 29 429 20 415 130 402 3 176 330 117 377 
449 250 429 283 331 187 147 447 332 409 385 231 331 100 396 61 420 377 73 414 368 
444 224 372 137 357 1 380 216 145 431 73 195 400 111 14 396 29 439 444 291 147 
307 13 396 283 256 182 300 16 106 59 13 98 299 236 385 278 43 104 2 373 152 
305 395 341 298 134 355 123 32 279 434 356 147 406 401 162 85 71 443 333 427 280 
305 220 369 380 187 217 275 231 176 4 324 160 25 449 130 132 441 429 48 45 87 
137 178 96 397 311 277 442 366 86 406 6 172 161 94 328 166 77 87 189 437 198 
372 222 434 137 220 402 6 304 208 187 449 355 56 394 53 129 224 54 140 143 166 
308 136 232 362 268 69 428 95 336 217 281 316 419 194 331 191 268 247 368 130 99 
217 373 434 67 325 137 69 315 147 395 334 73 190 415 130 402 222 275 330 102 309 
130 240 38 6 250 6 231 342 331 434 322 344 94 10 324 392 40 397 147 119 207 
382 129 216 146 73 402 111 91 130 328 70 108 268 319 284 44 46 205 29 15 87 
216 274 147 402 45 402 399 386 96 440 409 406 331 445 97 362 286 339 59 130 419 
395 134 106 104 111 6 240 197 128 104 409 362 434 180 318 274 26 126 73 284 429 
208 252 88 111 418 439 339 34 358 434 324 115 452 382 4 87 11 59 452 342 391 
6 369 382 151 89 134 332 267 77 202 167 419 324 169 287 55 305 409 49 75 256 
6 369 382 22 437 134 161 269 56 378 242 81 324 293 12 55 119 400 49 317 405 
375 434 139 434 27 217 100 298 30 65 72 206 243 164 140 167 105 151 19 119 70 
265 45 291 443 130 16 133 111 384 324 404 132 301 385 88 224 406 6 175 220 76 
426 329 270 324 84 130 278 87 58 435 306 84 25 401 446 48 55 241 268 120 250 
200 224 111 105 419 217 292 2 50 346 100 396 213 350 107 123 175 130 150 67 425 
119 146 128 111 65 452 339 287 451 434 324 142 439 250 378 87 301 271 439 342 127 
444 434 347 434 197 217 100 361 269 418 246 183 371 54 140 167 105 151 285 208 70 
434 268 73 106 182 277 166 80 345 208 218 137 111 210 176 121 405 374 449 429 259 
123 302 40 111 121 220 406 379 313 303 8 47 247 275 73 247 294 364 64 6 10 
289 6 108 298 306 437 225 336 52 87 259 239 126 314 137 351 203 20 334 184 324 
160 3 136 277 358 351 15 185 71 406 449 7 8 434 434 244 73 430 386 335 249 
231 324 207 432 204 90 87 210 261 396 21 146 331 264 217 396 123 268 273 70 319 
250 36 41 245 391 324 189 177 119 382 268 130 435 318 432 422 4 51 170 114 364 
390 87 104 276 449 137 415 194 21 93 60 18 217 305 178 205 189 168 145 326 314 
132 202 360 386 164 120 100 268 319 320 187 430 443 441 143 347 150 109 445 439 402 
119 413 21 108 120 401 24 442 55 406 414 374 91 224 267 396 236 172 279 176 429 
26 236 86 144 259 304 287 182 137 105 127 82 317 148 390 396 189 345 109 345 230 
300 322 278 279 182 171 394 431 394 391 49 117 85 417 97 423 419 232 96 127 201 
31 235 286 182 326 133 357 130 439 93 177 257 187 259 87 132 449 44 137 127 306 
322 73 353 145 134 147 262 452 42 289 237 213 331 56 291 178 334 214 216 137 87 
372 353 434 137 297 402 6 200 119 182 216 395 77 277 298 303 224 446 134 143 166 
216 75 147 402 243 402 447 99 344 196 400 172 331 451 241 362 286 274 438 130 188 
434 268 429 278 182 277 166 370 345 442 248 137 111 104 7 431 31 213 216 429 48 
377 224 33 137 186 312 171 449 92 132 73 138 443 111 60 396 394 439 444 291 147 
99 87 37 360 152 437 105 98 206 203 252 218 138 262 130 166 29 393 263 419 326 
355 140 109 395 111 6 411 254 78 91 443 362 434 227 18 369 26 370 73 132 73 
227 82 18 206 126 88 187 402 429 434 230 72 402 268 306 19 87 162 291 417 137 
308 73 344 324 269 307 440 382 351 365 126 146 320 98 251 428 240 358 449 324 434 
130 441 172 202 111 429 137 427 234 409 300 164 217 351 405 226 130 97 346 273 60 
306 87 228 190 97 74 134 98 44 177 146 189 211 181 130 49 29 453 450 343 37 
382 289 351 16 272 367 429 20 200 259 97 433 397 173 290 216 280 186 331 291 386 
321 154 286 137 358 325 123 48 302 173 137 6 176 182 127 136 168 193 111 377 237 
308 136 218 55 268 61 244 142 427 217 38 389 343 372 331 157 268 11 368 130 306 
6 369 250 367 354 140 335 69 56 202 138 81 324 24 141 286 119 143 49 407 133 
351 390 352 178 171 324 0 177 442 250 268 130 305 221 383 309 421 5 104 272 364 
314 217 268 12 262 350 366 306 85 168 203 71 262 151 26 55 37 419 166 242 292 
130 438 406 329 111 429 137 59 62 230 300 356 217 250 256 93 130 292 27 358 163 
156 6 108 450 99 437 209 296 440 87 385 385 126 314 137 250 330 214 277 264 324 
450 45 291 143 130 16 365 111 62 324 226 284 244 385 88 8 406 6 361 227 188 
331 375 416 187 233 440 66 282 183 204 379 187 311 137 253 206 407 16 424 341 406 
140 25 210 70 109 432 350 438 439 28 72 258 108 18 300 39 137 172 434 87 366 
14 127 396 283 405 182 49 262 109 379 388 98 63 181 363 278 190 170 304 101 401 
250 279 216 146 73 402 111 395 130 52 220 123 268 359 121 39 404 74 394 226 87 
434 177 130 374 291 154 296 182 434 194 429 134 237 33 50 392 168 115 278 1 137 
442 294 124 108 120 103 35 119 55 406 414 212 104 8 30 396 144 172 57 315 429 
69 429 325 283 105 147 136 392 225 117 237 213 331 56 291 149 29 43 449 137 87 
331 444 446 187 3 66 196 282 272 204 379 187 384 137 311 131 75 236 62 154 406 
308 73 312 324 269 102 66 351 382 365 370 146 320 326 361 352 447 246 216 324 434 
170 140 321 192 111 6 411 197 88 170 230 55 434 70 316 317 417 337 429 426 429 
325 87 395 80 449 137 219 357 21 373 163 23 217 435 319 74 218 106 145 37 241 
18 370 171 328 302 147 268 278 162 442 435 360 183 390 434 300 396 406 224 396 193 
158 434 26 434 27 217 100 251 267 418 358 183 45 416 134 138 134 367 335 119 165 
250 353 413 245 380 324 299 177 442 250 268 130 208 118 77 375 202 5 192 272 209 
393 6 108 298 198 437 209 438 66 87 385 345 337 401 137 250 177 338 29 96 324 
402 321 45 125 135 99 97 401 351 452 238 167 412 137 193 144 380 414 208 32 421 
402 109 243 409 444 306 314 241 382 193 24 167 447 137 193 236 127 414 442 32 421 
100 144 0 55 268 30 11 22 296 217 13 389 419 33 331 309 268 301 249 130 198 
402 394 264 35 172 415 291 449 118 139 303 255 46 165 115 417 247 4 40 437 73 
367 244 290 10 171 449 55 245 34 54 396 317 330 186 434 317 13 91 177 287 396 
361 198 407 213 240 429 76 12 136 322 205 181 383 415 143 233 145 111 55 433 442 
109 88 286 137 451 222 123 385 34 329 137 6 368 187 391 16 109 392 111 422 414 
442 135 235 165 372 6 434 111 268 279 255 228 113 306 94 286 82 119 242 253 183 
434 268 73 321 187 277 300 337 259 119 232 137 111 91 68 348 256 212 449 73 259 
402 394 1 169 406 415 291 216 316 347 366 255 15 165 95 417 41 421 40 437 429 
230 291 277 370 17 362 265 434 315 148 151 172 387 169 428 6 305 436 239 376 397 
137 149 83 100 258 394 435 303 302 172 6 172 90 115 66 300 415 87 299 354 386 
125 435 339 214 4 66 38 149 162 434 275 434 399 130 37 133 250 440 112 236 213 
158 434 26 434 67 217 100 340 269 242 451 114 238 54 105 65 140 115 5 119 180 
327 248 212 291 324 47 170 406 123 331 291 428 111 227 351 242 362 222 362 436 173 
434 268 429 321 182 394 300 337 363 119 218 137 111 355 368 260 256 213 216 73 363 
224 315 304 56 183 180 192 340 300 436 280 43 246 252 23 323 440 248 304 36 324 
227 39 389 155 370 84 182 402 73 434 255 273 402 268 198 51 87 259 291 231 137 
216 250 429 124 331 182 147 399 90 230 239 40 331 397 396 267 124 309 429 414 176 
255 194 124 94 299 332 76 298 136 2 130 321 137 401 173 74 240 402 407 423 289 
321 342 286 137 451 28 108 239 12 329 137 6 249 182 13 136 278 452 111 157 414 
255 291 394 80 110 286 361 434 68 426 367 406 387 45 294 6 208 72 48 290 100 
4 351 369 126 331 52 291 392 31 216 69 326 140 21 402 177 140 73 396 387 434 
109 127 28 254 48 113 32 133 452 137 327 87 111 38 111 189 253 370 283 368 6 
157 8 320 137 320 184 391 216 124 426 429 211 443 111 393 396 277 392 191 291 147 
3 252 348 258 262 240 310 89 63 147 381 380 147 140 85 50 273 396 287 137 420 
347 324 388 219 254 58 87 192 302 396 92 146 331 312 217 396 123 268 273 180 245 
304 8 111 140 76 217 292 2 245 197 100 396 374 424 420 108 251 130 150 204 200 
434 430 130 374 291 88 336 187 434 320 73 105 280 433 149 193 106 22 278 229 137 
130 240 127 6 382 6 40 88 331 434 61 264 115 155 324 392 26 397 147 442 281 
117 6 123 251 99 437 42 296 328 87 345 363 80 241 137 382 203 349 277 184 324 
139 324 391 383 27 270 87 170 287 396 92 252 331 83 217 396 108 268 273 297 178 
130 111 100 268 330 173 94 38 273 153 369 292 334 282 397 105 402 182 239 385 65 
194 28 434 137 220 402 6 425 208 187 449 395 77 29 263 366 8 446 105 400 49 
191 291 295 137 405 86 89 291 94 185 174 130 58 279 374 137 264 140 291 406 172 
130 111 100 268 203 329 115 380 445 304 274 241 277 129 308 105 402 187 48 363 242 
109 25 362 137 72 390 123 239 287 173 137 6 275 187 391 262 278 193 111 422 237 
256 277 55 182 98 133 33 130 193 101 330 257 182 259 87 132 216 114 137 207 386 
434 262 182 346 398 442 291 152 172 178 133 434 300 379 33 189 435 246 318 207 123 
300 122 106 57 182 171 277 223 235 171 300 393 85 347 152 2 188 218 96 38 240 
442 395 78 263 134 192 123 204 57 434 225 147 172 241 239 98 371 125 45 441 280 
4 382 75 80 331 160 291 452 256 216 122 228 140 420 402 177 105 73 396 203 434 
331 157 416 182 325 160 52 303 206 197 296 187 313 137 350 82 407 136 62 78 406 
449 250 429 21 331 182 147 17 19 400 345 26 331 397 396 47 124 191 429 280 68 
330 146 130 187 419 252 402 275 359 49 100 87 105 338 407 6 390 434 324 250 105 
231 236 12 181 363 425 261 187 137 134 391 82 339 431 120 396 248 259 106 239 125 
421 250 339 337 331 52 291 439 256 449 322 98 105 21 402 203 140 429 396 177 434 
425 224 111 140 323 217 401 2 359 254 308 396 212 350 283 123 175 130 214 27 304 
137 178 1 308 384 29 305 129 141 406 6 406 270 367 196 49 56 87 232 89 99 
98 321 228 60 247 421 437 13 375 331 6 421 295 268 308 415 425 252 277 199 225 
157 8 186 137 372 1 13 216 92 284 73 138 143 111 393 396 277 193 158 291 147 
166 269 168 366 187 281 394 132 394 38 300 60 98 347 314 304 323 0 344 13 17 
70 114 23 39 80 84 187 402 429 434 409 358 402 268 386 161 87 363 291 231 137 
300 269 321 303 182 281 29 310 334 13 300 156 85 231 152 304 295 381 1 171 399 
377 291 81 137 31 287 205 291 142 74 448 130 58 279 212 137 229 140 291 172 172 
11 268 177 217 151 265 278 378 392 314 69 255 208 193 300 238 298 257 119 324 123 
69 360 166 33 362 376 419 291 203 366 140 414 147 308 99 147 133 12 397 65 268 
301 268 177 217 22 175 278 378 193 292 267 143 435 452 300 71 175 64 442 324 108 
348 378 335 324 25 130 109 87 161 442 99 88 84 292 416 385 55 103 268 222 382 
406 202 426 111 87 434 268 289 146 325 304 269 298 303 235 434 434 100 241 217 353 
355 134 321 355 111 6 17 27 78 170 443 55 434 220 18 369 231 276 73 348 429 
157 291 188 137 133 290 74 291 94 89 64 130 90 279 212 137 312 140 291 172 406 
174 255 146 110 405 387 305 66 80 340 320 219 250 172 9 111 346 374 130 151 100 
405 334 286 182 228 256 33 130 392 112 330 288 182 385 87 426 449 272 137 38 306 
396 173 184 433 199 324 88 382 123 402 219 24 313 440 61 345 232 371 439 324 116 
321 380 325 32 239 251 32 365 193 137 403 87 111 391 111 0 62 276 420 7 6 
66 36 136 334 436 250 226 74 169 406 449 249 8 434 434 244 73 330 386 5 315 
346 432 5 270 279 170 249 2 149 375 419 170 194 133 434 9 321 148 217 141 87 
36 146 431 313 144 399 260 89 299 147 299 127 147 105 37 319 358 396 287 137 9 
233 87 104 370 216 137 56 433 199 93 117 221 217 208 149 74 0 106 124 37 152 
32 219 161 161 282 192 176 304 50 422 76 104 186 365 434 145 278 426 217 287 87 
156 281 396 145 133 187 166 262 168 59 391 85 189 262 385 321 410 355 2 93 97 
137 50 1 100 62 394 119 366 302 172 6 406 161 151 328 300 219 87 299 205 198 
223 378 270 324 154 130 106 87 270 442 198 341 154 103 159 385 286 401 268 36 250 
350 306 308 66 127 251 240 13 161 210 269 324 216 236 291 31 250 265 99 300 222 
85 168 85 307 294 202 185 388 422 331 6 329 188 268 308 56 425 252 334 21 159 
139 144 290 136 385 425 141 187 137 134 380 44 274 132 353 396 299 385 278 162 143 
435 146 25 111 195 392 75 261 246 434 324 22 452 351 378 87 244 441 452 84 380 
228 109 228 60 244 202 354 207 422 331 6 173 81 268 308 383 2 252 277 124 164 
201 391 430 245 446 188 216 422 419 291 202 362 176 131 18 310 2 386 321 386 245 
130 399 171 6 250 6 347 179 331 434 267 184 142 82 324 452 40 100 147 435 380 
26 324 207 56 254 19 87 91 34 396 124 252 331 229 217 396 108 268 246 297 359 
130 111 308 268 430 329 94 207 358 200 407 241 235 129 308 140 402 182 48 239 65 
351 117 382 262 272 22 429 20 200 363 97 186 100 421 302 449 237 357 331 291 99 
172 329 223 111 87 434 268 453 146 390 304 322 450 129 29 434 434 308 241 217 120 
434 268 429 321 187 277 300 80 162 208 63 137 111 170 368 310 365 374 449 73 162 
300 30 321 282 187 127 334 121 235 207 300 156 37 40 152 2 295 248 184 388 411 
278 78 286 137 451 222 108 239 290 202 137 6 315 187 38 136 109 193 111 191 280 
108 376 231 111 426 220 172 271 384 57 224 47 428 275 73 301 413 356 257 6 272 
130 111 397 268 330 173 22 127 246 423 407 241 235 129 308 105 402 182 385 239 211 
326 106 228 307 247 329 205 171 444 331 6 202 419 268 308 56 2 252 29 107 164 
346 219 285 5 303 210 7 200 149 309 81 104 357 31 434 420 168 284 217 376 87 
382 279 449 146 73 402 111 210 130 196 70 108 268 359 431 44 15 437 334 15 87 
79 80 388 66 287 147 268 109 48 208 435 349 131 120 434 300 396 172 8 396 392 
140 88 91 297 106 432 313 59 452 36 266 350 123 316 166 10 137 172 434 87 303 
442 146 88 111 242 193 274 290 436 434 324 94 452 382 4 87 244 441 193 342 391 
31 250 14 30 105 48 334 172 217 382 280 449 22 407 442 82 170 278 237 232 111 
6 317 250 22 437 134 51 322 219 202 138 343 324 333 34 55 119 230 166 407 31 
137 245 344 308 350 334 435 303 376 406 6 406 285 142 52 49 56 87 232 74 386 
173 351 407 276 331 328 291 193 405 216 69 85 105 124 402 177 140 429 396 330 434 
297 183 316 44 80 128 182 402 73 434 143 72 402 268 306 58 87 239 291 26 137 
378 382 339 80 331 440 291 392 133 216 267 85 134 145 402 203 134 429 396 177 434 
130 412 388 6 351 6 231 179 331 434 61 344 95 10 324 439 139 397 147 435 207 
256 334 362 182 85 365 433 130 392 226 430 288 182 162 87 223 449 39 137 380 306 
402 334 344 35 406 415 291 449 318 417 279 255 373 180 95 139 244 329 347 89 429 
403 255 146 412 31 387 305 440 80 450 320 77 351 406 9 111 346 213 130 151 397 
402 394 184 371 172 77 291 449 316 347 279 125 93 297 142 40 413 421 139 354 73 
186 325 434 137 180 402 6 423 119 182 216 355 415 235 361 366 224 159 134 409 300 
130 59 172 378 111 429 137 441 253 409 49 209 217 250 31 404 130 97 254 445 453 
440 353 136 394 358 250 15 205 35 406 216 68 224 434 434 294 429 330 306 19 275 
428 268 330 217 142 298 278 421 193 292 322 443 305 392 49 169 113 288 435 324 123 
351 289 250 136 206 94 429 410 153 259 103 372 100 378 261 449 237 433 331 291 386 
402 245 297 431 134 137 224 331 322 282 102 29 321 115 374 181 186 433 182 147 169 
125 291 29 126 412 286 265 434 275 348 22 406 430 333 413 6 208 273 259 34 397 
224 249 2 415 272 220 395 113 49 445 280 43 451 146 389 323 66 63 2 36 324 
231 236 287 16 385 425 302 182 137 105 391 39 75 260 233 396 218 48 106 162 143 
175 293 291 143 130 181 31 111 424 324 373 121 352 162 179 224 172 6 251 70 419 
119 413 124 108 120 152 169 305 55 406 414 213 192 8 69 396 236 172 282 249 429 
69 429 390 199 134 147 262 439 42 117 414 213 331 219 291 319 29 150 216 137 87 
282 411 268 168 8 400 370 171 241 337 262 281 402 291 130 336 318 331 111 362 177 
426 173 19 324 342 130 168 87 51 119 386 341 84 241 225 48 286 152 268 233 351 
347 324 13 415 346 285 87 355 376 396 92 252 331 344 217 396 123 268 72 165 359 
321 388 222 197 345 263 27 31 452 137 403 87 111 391 111 248 258 80 283 249 6 
284 421 5 324 84 130 278 87 90 119 99 84 128 152 164 48 55 292 268 233 351 
406 4 348 111 87 434 268 453 252 3 200 267 251 303 277 434 434 100 152 217 222 
396 378 344 433 107 324 84 351 123 402 77 293 258 328 61 162 299 35 193 324 116 
100 16 248 362 268 61 301 115 427 217 380 118 343 372 331 158 268 244 7 130 306 
257 230 146 110 133 430 435 328 370 263 320 56 351 172 283 111 204 212 130 22 100 
166 61 278 57 187 391 334 426 394 38 300 102 228 26 152 425 81 248 312 127 447 
216 317 147 402 333 402 399 198 229 66 409 406 331 436 401 286 362 369 296 130 295 
216 75 147 402 371 402 240 99 96 196 230 406 331 246 97 286 362 317 427 130 81 
351 14 351 16 183 115 429 338 2 48 103 372 397 202 141 449 414 433 331 291 198 
180 10 318 114 370 342 187 402 429 434 400 358 402 268 99 270 87 385 291 417 137 
423 8 111 105 188 217 401 153 319 27 308 396 374 258 107 108 361 130 360 204 423 
331 191 356 187 233 160 440 129 272 346 336 187 350 137 234 39 339 236 313 128 172 
400 372 21 367 63 335 295 450 144 423 130 109 137 103 378 74 201 402 317 153 14 
137 149 96 308 311 235 435 303 302 172 6 406 90 115 196 300 415 87 248 89 306 
397 144 248 55 268 69 294 367 336 217 281 79 323 433 331 309 268 352 176 130 99 
173 382 339 126 331 328 291 452 365 216 122 85 140 145 402 203 134 429 396 387 434 
434 236 187 197 327 442 291 292 406 319 405 434 49 438 194 63 305 72 79 171 108 
130 111 100 268 203 4 367 281 72 423 274 97 235 303 397 134 402 182 345 363 138 
409 291 29 276 411 55 298 434 249 426 367 172 430 45 301 6 435 266 385 302 308 
397 73 96 324 269 60 196 250 382 365 276 146 186 228 450 294 447 246 216 324 434 
382 325 413 149 207 324 248 203 119 382 268 130 305 389 56 135 202 19 395 10 159 
422 434 417 434 27 217 100 113 69 65 266 44 371 364 134 167 105 151 332 119 70 
130 296 406 329 111 429 137 379 313 125 49 416 217 250 31 226 130 152 254 445 102 
191 291 76 137 256 86 437 291 115 89 64 130 270 282 374 137 83 140 291 406 172 
433 353 434 137 70 402 6 153 305 187 216 192 383 277 251 303 224 446 140 443 166 
308 181 299 286 268 30 294 367 59 217 380 316 343 186 331 135 268 247 68 130 386 
49 322 109 279 182 380 334 121 394 171 166 14 85 26 97 423 323 218 1 207 412 
258 306 397 440 127 298 201 388 19 395 269 324 449 16 291 256 250 251 306 166 233 
153 224 111 140 76 217 401 423 178 204 100 396 213 313 283 108 298 130 360 346 2 
377 434 40 434 32 217 397 175 61 418 266 131 35 54 140 242 140 367 51 208 227 
203 146 130 187 343 146 402 249 50 166 100 87 134 190 317 6 120 434 324 351 105 
67 432 270 270 303 104 68 304 178 158 81 210 433 405 434 199 278 148 217 141 87 
217 101 434 197 222 137 69 249 147 210 334 429 410 432 130 402 233 176 387 453 375 
133 29 362 182 37 365 33 130 452 101 203 327 182 48 87 310 449 131 137 38 306 
398 255 146 412 405 330 119 52 80 340 372 56 382 172 92 111 204 374 130 94 397 
396 421 312 33 199 324 154 250 123 402 432 71 350 196 322 48 218 333 439 324 398 
40 324 127 432 204 335 87 395 261 396 283 252 331 184 217 396 123 268 358 297 319 
130 441 172 173 111 429 137 296 234 409 166 364 217 250 256 46 130 314 204 436 117 
398 299 213 291 324 269 395 406 123 331 291 11 111 297 250 211 55 390 55 436 421 
402 168 238 400 309 198 292 103 382 193 238 138 412 137 193 144 388 237 435 27 329 
6 317 250 95 205 134 19 47 77 421 242 76 324 333 34 55 119 443 300 407 133 
37 168 326 307 41 4 205 127 191 331 6 329 81 268 100 77 304 146 334 199 225 
6 75 250 142 354 134 161 122 219 4 138 419 324 293 287 286 442 125 166 369 405 
208 11 145 123 3 103 371 119 286 172 280 212 192 8 322 396 144 406 57 315 429 
172 173 121 111 87 434 268 289 146 222 425 267 450 366 277 434 434 397 401 217 222 
120 87 170 276 449 137 77 186 283 226 117 221 217 435 50 205 189 168 107 37 97 
106 25 362 137 445 3 123 363 290 378 137 6 176 187 207 236 168 193 111 309 237 
434 181 182 197 257 442 291 241 172 319 133 434 49 427 433 189 305 445 221 391 123 
119 444 277 220 186 6 434 111 268 366 443 37 361 198 142 55 82 119 65 350 114 
4 351 339 80 331 328 291 193 405 216 69 85 134 21 402 203 140 429 396 430 434 
304 224 111 105 76 217 314 304 50 27 397 396 374 350 92 108 265 130 410 32 2 
105 128 192 180 321 219 258 336 392 353 246 234 123 118 166 155 137 406 434 87 279 
47 429 120 107 134 147 181 392 159 102 237 213 331 77 291 178 29 190 216 137 87 
120 87 170 370 216 137 219 186 92 112 453 316 217 119 245 185 218 109 283 37 241 
402 394 83 24 172 383 291 216 79 231 57 230 15 297 142 417 294 202 231 354 73 
255 291 277 80 447 362 263 434 68 223 367 406 203 24 413 6 435 266 239 376 100 
222 87 355 80 449 137 383 33 145 373 14 316 217 208 149 437 218 321 92 98 314 
314 217 268 34 144 253 129 99 85 321 177 35 181 142 40 286 98 295 300 418 401 
208 146 128 111 167 439 317 12 436 434 324 151 452 250 378 87 11 441 439 88 127 
168 380 120 254 162 450 32 256 439 137 398 87 111 171 111 248 234 276 199 7 6 
382 36 428 359 388 324 0 387 208 382 268 130 435 79 219 422 329 58 170 272 225 
146 314 150 300 295 221 412 142 427 449 21 351 192 396 87 71 157 364 324 216 156 
405 382 156 61 134 239 29 406 217 250 237 449 115 369 435 10 104 321 237 232 111 
231 236 302 236 162 304 287 187 137 140 127 10 407 348 325 396 232 162 109 239 125 
434 203 130 213 291 179 59 182 434 357 429 134 414 194 178 452 168 142 106 312 137 
216 382 73 420 331 187 147 240 335 143 162 231 331 308 396 269 21 135 429 414 68 
130 201 207 6 351 6 40 84 331 434 30 264 151 10 324 392 417 100 147 305 388 
434 268 212 357 249 24 119 240 364 394 135 417 130 217 15 157 63 185 439 395 130 
139 181 141 262 385 2 290 182 137 105 171 114 317 431 353 396 189 259 321 363 125 
116 189 212 291 324 122 91 406 108 331 291 11 111 297 250 195 286 120 55 358 4 
203 146 130 187 76 252 402 315 245 49 100 87 105 349 339 6 28 434 324 382 105 
132 202 150 198 209 233 397 268 245 33 182 387 125 441 255 40 43 109 246 392 402 
398 143 252 447 405 177 305 196 337 298 372 56 351 406 283 111 197 213 130 22 308 
329 382 369 337 331 328 291 452 365 216 61 228 140 283 402 203 134 73 396 330 434 
449 250 429 9 331 182 147 411 19 409 162 40 331 397 396 69 199 135 73 414 275 
100 144 0 286 268 122 11 142 441 217 281 215 81 433 331 135 268 244 315 130 306 
434 177 130 212 291 84 271 182 434 194 73 134 280 357 149 452 168 151 106 96 137 
434 387 130 374 291 154 427 187 434 33 73 134 280 186 359 439 168 22 109 229 137 
130 111 308 268 330 378 115 281 358 423 339 152 334 282 100 140 402 187 259 363 418 
120 252 260 408 144 110 426 185 299 147 63 171 147 140 228 359 451 396 141 137 9 
119 309 235 70 33 6 434 111 268 282 230 228 450 386 367 286 39 442 211 311 39 
422 434 231 434 27 217 308 53 47 242 273 155 333 416 140 211 105 367 332 435 297 
255 186 9 151 248 5 81 340 136 153 130 278 137 152 421 354 110 402 369 153 156 
163 6 108 298 99 74 209 379 52 87 48 363 276 241 137 382 430 190 277 96 324 
351 307 382 236 39 151 429 410 200 162 97 372 100 4 141 449 414 194 331 291 386 
156 207 396 420 256 182 166 262 168 336 391 37 218 262 345 109 410 395 423 226 314 
435 11 107 108 353 241 24 442 362 172 237 212 355 224 69 396 16 406 57 7 429 
6 339 250 22 205 140 332 61 432 173 418 76 324 71 290 286 442 255 300 75 365 
351 279 216 252 429 402 111 395 130 328 297 108 268 245 310 82 46 89 394 226 87 
378 382 75 337 331 66 291 392 256 449 47 98 140 283 402 330 134 429 396 203 434 
382 303 449 252 429 402 111 104 130 196 220 123 268 359 348 114 101 89 277 101 87 
137 245 1 100 258 277 442 129 290 172 6 172 19 94 328 49 219 87 189 205 99 
172 378 348 111 87 434 268 102 146 353 425 267 53 303 334 434 434 308 401 217 233 
130 111 308 268 387 202 94 388 436 153 407 292 277 282 100 134 402 187 162 259 242 
224 365 39 324 402 9 205 310 185 187 447 237 10 277 447 304 443 339 324 131 441 
30 429 120 124 140 147 136 392 364 102 280 374 331 383 291 50 277 410 216 137 87 
137 245 344 100 424 235 208 366 290 172 6 406 270 94 328 49 77 87 248 205 306 
305 191 394 220 186 6 434 111 268 303 400 326 450 198 367 362 114 119 195 384 155 
130 438 406 4 111 429 137 427 424 125 49 209 217 382 405 46 130 292 197 358 14 
342 433 194 311 268 220 193 379 429 103 188 6 399 321 437 105 359 97 130 323 194 
18 80 127 66 141 147 268 109 345 305 442 150 155 28 434 300 396 172 224 396 439 
191 291 76 137 405 34 437 291 151 185 116 130 19 282 213 137 312 140 291 172 172 
397 429 264 324 30 156 52 382 351 405 337 252 33 85 263 294 399 246 449 324 434 
406 4 284 111 87 434 268 156 146 353 304 69 340 303 394 434 434 100 103 217 28 
241 217 268 86 144 350 366 306 85 109 177 71 16 115 139 55 326 343 300 242 401 
175 24 291 255 130 16 31 111 234 324 404 348 352 239 342 224 406 6 450 70 343 
406 173 148 111 87 434 268 60 252 3 153 61 265 303 394 434 434 100 292 217 28 
318 370 207 160 261 147 268 106 239 305 305 410 44 353 434 49 396 406 8 396 392 
216 351 73 199 331 182 147 17 335 125 259 26 331 100 396 122 420 444 429 280 275 
6 75 351 22 89 134 332 322 77 329 418 419 324 71 86 362 442 409 49 369 31 
158 291 76 137 133 290 354 291 94 89 327 130 285 57 213 137 312 105 291 172 406 
422 434 231 434 27 217 308 298 69 418 451 114 333 159 105 242 105 367 90 208 297 
434 430 130 213 291 179 379 182 434 33 73 105 237 433 359 193 106 151 321 229 137 
347 136 376 144 162 304 287 187 137 134 127 131 274 260 233 396 381 239 168 48 255 
151 413 12 82 281 216 362 178 290 54 396 407 387 372 434 369 388 91 387 290 396 
166 122 109 303 187 127 29 426 235 281 49 163 37 231 314 423 323 381 1 127 412 
444 291 188 137 31 141 437 291 22 89 398 130 335 279 212 137 83 105 291 406 406 
292 217 268 302 144 311 129 386 85 278 330 45 16 95 26 362 37 295 300 211 401 
305 146 342 111 138 452 339 86 266 434 324 142 193 382 4 87 244 379 392 25 13 
