517 1
198 
247 
128 
136 
316 
458 
55 
368 
200 
105 
327 
57 
232 
134 
398 
508 
83 
233 
81 
388 
218 
310 
235 
141 
84 
289 
489 
96 
317 
325 
66 
128 
409 
202 
385 
423 
60 
165 
7 
255 
140 
338 
4 
80 
493 
356 
282 
253 
433 
249 
81 
93 
230 
438 
318 
323 
68 
272 
310 
340 
192 
298 
249 
191 
408 
105 
47 
249 
271 
275 
136 
106 
194 
251 
320 
104 
388 
442 
57 
310 
361 
200 
494 
477 
484 
507 
457 
493 
486 
239 
410 
57 
30 
282 
329 
238 
99 
323 
460 
114 
140 
152 
298 
437 
199 
376 
22 
271 
10 
89 
493 
105 
431 
341 
10 
12 
358 
249 
375 
435 
411 
134 
174 
169 
486 
156 
52 
103 
74 
81 
164 
247 
230 
102 
246 
419 
366 
431 
104 
114 
435 
348 
198 
496 
370 
108 
114 
401 
130 
190 
425 
276 
417 
127 
199 
205 
33 
42 
218 
169 
230 
307 
131 
230 
411 
84 
476 
353 
239 
327 
108 
69 
57 
362 
480 
218 
324 
458 
176 
484 
71 
140 
136 
185 
96 
53 
257 
119 
301 
294 
478 
108 
509 
403 
164 
119 
200 
140 
136 
294 
72 
200 
10 
346 
205 
441 
105 
105 
219 
105 
174 
335 
66 
66 
6 
513 
480 
322 
433 
232 
38 
178 
118 
478 
276 
29 
46 
278 
161 
0 
422 
105 
508 
420 
458 
104 
450 
458 
176 
75 
205 
230 
169 
165 
316 
249 
317 
72 
46 
254 
182 
176 
247 
435 
68 
399 
55 
175 
104 
271 
238 
285 
140 
271 
199 
510 
468 
442 
416 
174 
105 
199 
500 
204 
215 
90 
4 
507 
15 
152 
127 
17 
431 
423 
466 
131 
83 
139 
54 
200 
145 
53 
246 
488 
358 
218 
84 
83 
375 
13 
212 
370 
256 
464 
106 
310 
493 
247 
60 
346 
337 
247 
437 
169 
30 
298 
199 
199 
399 
421 
341 
351 
207 
65 
351 
52 
306 
163 
218 
205 
13 
200 
478 
30 
388 
303 
282 
247 
431 
15 
264 
484 
17 
140 
156 
0 
192 
37 
441 
136 
0 
403 
236 
370 
24 
322 
361 
431 
194 
66 
152 
38 
53 
216 
351 
461 
290 
66 
41 
298 
441 
409 
12 
351 
101 
368 
30 
48 
60 
319 
163 
219 
405 
449 
70 
7 
169 
152 
423 
169 
251 
320 
48 
335 
105 
185 
325 
105 
394 
22 
238 
279 
468 
320 
53 
253 
66 
190 
484 
336 
412 
7 
179 
138 
361 
507 
149 
327 
271 
399 
494 
351 
132 
82 
35 
106 
38 
247 
294 
216 
57 
484 
416 
108 
513 
247 
320 
230 
253 
236 
431 
474 
114 
441 
141 
285 
66 
292 
398 
217 
351 
396 
420 
489 
33 
431 
409 
432 
272 
127 
113 
408 
105 
192 
306 
138 
239 
93 
272 
236 
326 
191 
310 
98 
247 
216 
422 
312 
199 
399 
98 
156 
81 
105 
302 
297 
152 
39 
268 
53 
493 
335 
141 
161 
338 
30 
149 
253 
276 
236 
384 
341 
205 
476 
297 
391 
291 
465 
422 
351 
176 
468 
362 
399 
409 
357 
256 
