483 1
225 
295 
57 
402 
344 
190 
70 
391 
386 
409 
33 
115 
79 
242 
138 
240 
408 
358 
117 
381 
12 
100 
337 
434 
250 
33 
126 
416 
243 
317 
117 
304 
249 
109 
286 
329 
197 
205 
404 
170 
115 
464 
43 
150 
231 
11 
204 
87 
26 
250 
22 
97 
219 
219 
81 
29 
12 
481 
368 
9 
299 
476 
103 
348 
368 
390 
162 
408 
281 
150 
472 
428 
347 
305 
16 
295 
39 
470 
138 
382 
314 
180 
232 
127 
457 
474 
162 
141 
305 
377 
269 
205 
124 
386 
81 
205 
4 
183 
317 
440 
103 
44 
289 
410 
12 
433 
104 
434 
238 
137 
100 
322 
215 
12 
331 
189 
384 
221 
21 
375 
26 
26 
377 
205 
316 
221 
249 
386 
254 
58 
470 
264 
421 
220 
138 
62 
402 
398 
368 
319 
62 
22 
416 
9 
242 
457 
147 
440 
215 
63 
221 
123 
8 
305 
434 
33 
470 
281 
16 
105 
250 
478 
205 
106 
282 
226 
464 
205 
408 
168 
103 
187 
194 
330 
305 
329 
139 
9 
31 
379 
227 
451 
339 
80 
117 
289 
369 
145 
185 
112 
102 
310 
391 
44 
451 
441 
103 
470 
62 
367 
254 
476 
39 
237 
152 
442 
433 
369 
269 
422 
353 
240 
476 
402 
344 
250 
225 
381 
63 
192 
284 
233 
307 
119 
106 
368 
103 
242 
78 
278 
106 
61 
123 
478 
368 
37 
347 
225 
358 
406 
189 
286 
441 
391 
442 
194 
482 
293 
330 
45 
78 
386 
77 
58 
45 
402 
124 
232 
45 
196 
58 
382 
174 
22 
408 
377 
37 
278 
313 
114 
196 
222 
318 
31 
310 
190 
295 
458 
307 
406 
474 
322 
176 
132 
161 
194 
93 
368 
150 
23 
221 
63 
340 
409 
31 
468 
233 
197 
441 
11 
450 
395 
341 
476 
246 
393 
147 
232 
476 
476 
309 
384 
119 
104 
44 
238 
22 
173 
44 
322 
44 
130 
227 
222 
179 
459 
132 
330 
163 
127 
82 
181 
347 
402 
250 
386 
147 
193 
464 
9 
384 
109 
415 
244 
308 
393 
220 
303 
227 
83 
268 
344 
30 
354 
104 
347 
62 
84 
180 
293 
83 
197 
372 
286 
295 
191 
317 
450 
114 
6 
115 
119 
310 
401 
47 
94 
295 
450 
417 
232 
41 
281 
220 
427 
465 
6 
248 
113 
222 
87 
243 
317 
368 
442 
33 
156 
322 
458 
222 
105 
476 
314 
481 
83 
470 
304 
348 
396 
465 
402 
174 
282 
455 
391 
421 
451 
331 
354 
191 
439 
337 
44 
240 
88 
83 
363 
61 
304 
88 
240 
147 
344 
337 
55 
368 
119 
436 
250 
177 
344 
331 
152 
138 
439 
481 
422 
441 
295 
196 
310 
137 
429 
386 
166 
377 
147 
196 
81 
450 
114 
441 
305 
128 
381 
398 
12 
44 
177 
230 
347 
398 
196 
44 
60 
126 
27 
189 
176 
6 
222 
450 
331 
441 
