151 17
28 137 134 145 143 60 65 124 145 54 43 23 79 3 145 145 93 
31 69 137 61 74 102 74 103 111 97 130 87 20 139 42 133 145 
105 35 92 56 73 16 148 16 145 62 63 146 39 128 73 71 2 
86 32 20 114 101 20 118 69 130 13 135 87 60 15 129 118 47 
53 98 121 39 73 57 18 116 86 120 71 145 40 8 31 124 95 
16 98 121 8 73 10 147 32 86 121 71 145 40 60 67 137 146 
95 76 2 2 120 135 101 57 98 47 139 137 98 37 3 27 41 
148 51 53 114 101 20 118 139 130 43 28 12 8 15 129 132 23 
105 114 35 134 73 113 86 112 145 62 44 30 111 16 73 67 14 
81 145 10 15 101 27 50 86 73 79 49 127 57 31 67 73 64 
88 43 109 136 17 48 81 91 72 41 21 68 69 132 31 121 98 
69 92 73 45 118 134 94 105 91 25 98 51 52 129 71 73 88 
51 118 67 34 100 42 93 32 13 76 17 29 101 56 47 53 75 
65 126 139 145 79 69 124 54 72 110 130 11 69 51 98 73 135 
105 35 122 134 73 20 148 53 145 62 9 42 8 16 73 49 2 
133 51 53 108 101 112 22 69 130 13 135 87 60 15 83 119 23 
4 36 79 56 11 31 81 13 10 67 87 42 101 135 99 124 82 
57 103 120 146 24 109 45 91 79 96 145 83 83 84 145 150 131 
69 108 73 36 22 56 27 105 70 63 98 51 120 50 49 73 10 
28 137 40 145 143 39 12 137 145 150 29 47 79 7 145 145 38 
76 102 90 26 55 31 110 131 57 71 80 42 101 34 124 99 6 
87 69 69 86 26 53 144 143 27 34 17 37 133 64 148 37 122 
107 139 139 86 103 112 21 74 4 34 75 70 148 132 133 70 35 
127 42 38 43 101 12 73 58 5 50 106 137 50 129 66 11 71 
10 26 120 95 24 77 24 136 90 96 145 50 129 93 145 150 62 
81 145 57 41 101 94 129 133 73 79 49 43 10 71 71 73 132 
127 23 61 31 12 134 23 31 41 3 24 74 110 110 101 23 104 
113 98 121 8 73 88 33 32 133 120 49 145 40 66 31 99 146 
31 139 137 3 6 36 125 56 14 77 105 58 112 139 95 100 145 
58 146 69 145 90 69 137 9 122 110 105 85 69 104 98 73 1 
45 147 79 79 58 130 89 43 145 10 114 142 115 91 98 103 101 
104 115 50 52 112 78 33 73 45 20 50 55 141 81 145 81 130 
118 105 40 17 115 129 67 23 62 101 41 133 47 104 139 130 120 
69 122 73 102 144 134 27 130 70 44 98 51 52 83 31 73 59 
67 139 137 41 82 45 142 134 8 19 105 107 16 139 146 133 145 
90 0 51 116 102 98 81 1 135 136 89 73 104 83 90 100 5 
59 40 52 126 75 109 45 37 79 78 145 83 83 38 145 106 127 
52 73 81 133 0 27 81 60 19 72 125 12 61 73 9 133 130 
28 14 61 79 35 11 6 115 110 91 90 128 77 3 7 19 84 
130 108 35 103 73 112 86 128 145 127 44 95 149 113 73 31 2 
127 23 3 71 87 26 47 71 41 15 36 6 81 110 101 47 104 
86 32 128 108 101 112 21 69 130 62 28 80 149 15 50 64 47 
17 147 79 90 12 130 5 29 145 59 108 125 25 117 98 26 101 
107 30 69 145 79 139 124 9 108 110 130 78 139 116 98 73 28 
110 145 59 41 101 27 129 148 73 90 31 29 88 71 71 73 21 
57 103 52 30 102 138 17 91 79 96 145 50 83 84 145 9 43 
135 99 56 145 142 149 58 124 145 54 13 47 79 41 145 145 84 
43 95 84 127 101 87 73 65 5 83 25 137 83 129 8 96 67 
62 47 61 31 58 103 23 67 15 15 17 82 110 81 101 23 32 
51 44 50 52 113 11 96 73 75 113 83 85 87 110 145 110 130 
98 121 53 90 37 148 105 47 99 114 139 70 71 10 128 90 138 
21 130 103 17 63 50 71 23 131 101 7 86 47 51 139 105 52 
107 124 69 110 90 94 10 139 86 107 24 145 98 145 68 60 83 
76 102 90 40 18 67 81 13 88 49 65 140 101 34 137 99 143 
81 145 59 61 101 5 83 148 73 79 67 13 88 71 49 73 64 
139 114 73 36 64 40 5 105 136 63 98 104 121 129 31 73 59 
29 47 15 67 65 56 23 67 15 41 36 82 110 81 101 47 104 
57 29 0 91 36 56 110 37 108 41 21 95 69 144 31 52 98 
116 144 49 135 100 126 38 116 13 4 45 13 101 123 23 113 75 
57 131 138 117 75 56 110 136 35 3 21 68 139 119 49 121 98 
130 114 108 48 73 53 133 113 145 127 44 140 14 16 73 67 66 
148 51 128 35 101 20 21 69 105 127 34 65 149 15 129 118 23 
107 146 139 145 79 69 99 63 35 110 130 55 139 51 98 73 28 
110 145 88 3 101 27 50 148 73 90 71 13 88 67 67 73 64 
141 139 139 100 48 20 132 82 94 28 75 117 86 119 133 117 114 
116 64 67 28 148 68 93 51 62 89 75 29 101 134 47 16 17 
130 35 92 134 73 16 148 53 145 131 44 30 149 112 73 67 111 
104 54 129 52 20 78 11 73 17 112 83 18 107 110 145 110 105 
36 55 79 90 58 105 5 131 145 57 114 82 9 91 98 103 101 
15 69 7 70 30 112 98 83 97 18 131 102 32 54 145 22 27 
120 73 81 133 138 4 81 66 138 72 82 107 3 73 9 133 105 
32 150 129 121 16 78 85 73 24 112 83 147 12 110 145 110 130 
90 138 116 116 45 98 81 34 135 37 27 73 32 50 90 133 4 
71 9 110 124 137 90 139 49 145 133 72 109 40 25 52 149 58 
95 4 111 14 120 135 101 88 98 47 69 99 98 136 7 94 15 
10 26 120 126 102 97 24 37 90 78 145 50 83 38 145 9 131 
20 98 52 39 73 88 18 51 86 121 67 145 103 2 71 137 68 
135 124 134 145 6 149 58 137 145 150 62 47 90 3 145 145 93 
139 92 73 24 144 123 89 105 136 106 98 104 52 50 31 73 59 
129 44 44 118 78 139 51 144 49 145 72 124 1 4 121 67 67 
51 144 31 28 100 95 93 104 43 27 102 29 101 48 47 128 24 
102 74 129 50 150 106 98 112 86 110 101 98 50 86 124 114 32 
95 4 111 111 121 135 101 10 98 23 139 99 98 37 61 27 7 
98 121 53 90 70 100 105 23 124 108 69 91 31 59 113 90 109 
28 66 15 90 108 147 6 106 110 117 90 20 109 15 3 0 38 
69 92 73 24 144 103 4 130 136 150 98 116 52 50 71 73 57 
104 55 23 49 119 25 79 22 23 21 102 99 101 45 127 101 128 
32 119 71 1 100 68 84 116 62 27 75 29 101 103 23 112 17 
57 131 109 136 36 123 110 91 72 3 64 146 139 144 49 121 98 
20 98 121 60 73 10 147 104 133 120 31 145 123 39 31 124 126 
129 25 106 64 147 139 51 22 67 145 35 124 28 94 52 31 67 
120 73 81 100 77 76 81 111 0 122 74 12 61 73 54 133 105 
79 19 116 116 75 98 81 28 135 117 5 73 104 83 79 86 94 
34 39 15 90 108 11 74 9 110 70 79 113 46 7 7 46 93 
113 98 120 111 73 59 18 51 86 121 67 145 48 60 71 99 126 
102 11 90 90 80 130 27 43 145 10 114 143 54 117 98 40 101 
69 35 73 75 22 134 4 130 70 106 98 116 121 83 71 73 59 
135 137 123 145 143 60 80 137 145 115 127 23 79 7 145 145 93 
47 145 150 101 110 1 124 133 91 82 1 50 71 33 52 48 66 
101 5 23 23 65 78 45 108 53 68 80 1 99 135 23 101 133 
51 18 23 31 64 150 79 118 23 132 102 99 101 75 127 101 53 
111 132 119 78 129 32 124 29 60 20 84 120 145 25 117 101 38 
57 40 120 30 17 46 75 91 90 147 145 129 50 38 145 9 29 
29 47 41 67 80 134 23 67 7 41 102 143 110 110 101 23 104 
144 130 26 75 106 83 67 47 29 101 3 100 47 32 139 130 121 
17 146 116 43 1 105 26 104 123 102 104 121 128 23 7 143 110 
81 145 57 41 101 76 129 133 73 79 31 62 88 71 71 73 132 
104 144 49 28 100 42 38 104 131 5 24 131 101 56 47 16 36 
79 97 104 116 75 98 81 1 1 91 4 73 32 50 79 148 94 
28 137 103 145 125 149 107 124 145 25 43 23 79 41 145 145 38 
45 125 129 50 63 54 98 112 86 81 101 98 129 133 124 72 51 
105 122 108 26 73 16 86 20 145 43 54 95 39 53 73 67 111 
5 75 79 134 147 49 81 29 59 31 12 146 101 135 137 99 143 
76 75 79 40 85 67 110 131 59 31 58 68 101 1 99 137 142 
90 138 51 32 45 98 110 34 1 91 5 73 104 129 90 148 27 
110 145 10 61 101 27 83 133 73 90 31 131 10 31 49 73 144 
22 130 103 102 54 50 31 23 43 101 15 100 23 116 139 130 52 
121 73 81 148 97 76 81 149 138 35 6 65 61 73 150 86 105 
141 139 69 148 48 20 132 74 76 1 102 136 100 118 100 91 72 
80 139 139 148 40 53 144 143 5 28 17 117 148 118 148 37 92 
65 124 69 81 79 94 10 139 133 58 45 145 98 145 126 111 50 
58 137 139 81 79 4 88 69 133 65 75 145 98 145 126 66 83 
79 46 32 51 45 98 81 28 1 37 4 73 116 50 79 100 4 
29 23 41 71 65 48 23 67 15 15 102 6 81 81 101 47 51 
101 4 23 47 141 85 24 35 20 140 12 34 99 34 23 101 86 
140 76 2 66 121 34 101 59 98 23 139 137 98 91 3 94 61 
24 18 90 79 12 130 76 43 145 88 35 82 25 37 98 48 101 
107 30 139 145 79 139 137 106 72 81 105 78 69 32 98 73 135 
76 45 90 40 18 71 110 62 59 31 141 42 101 1 124 124 143 
98 52 53 90 136 148 105 23 137 72 69 37 71 88 53 79 97 
24 146 104 131 1 130 48 32 56 45 104 120 16 23 7 125 81 
12 30 69 145 79 139 137 25 92 81 130 11 139 116 98 73 34 
65 69 69 133 26 128 21 142 4 34 17 70 100 21 133 37 114 
116 11 23 71 118 54 79 22 23 119 24 124 101 24 13 101 113 
127 47 41 31 65 40 47 31 3 61 36 6 81 110 101 47 32 
49 139 99 61 143 45 125 48 2 138 130 80 128 69 126 100 145 
120 73 81 148 0 89 110 8 0 114 6 107 61 73 44 100 130 
101 89 23 47 58 85 45 122 20 140 80 34 99 1 47 101 100 
34 124 56 145 6 8 12 124 145 54 29 23 90 7 145 145 93 
15 69 3 70 140 16 98 129 46 33 62 102 32 44 145 64 27 
45 11 90 90 58 130 76 13 145 59 114 82 54 136 98 123 101 
51 119 49 1 148 126 93 32 131 76 17 29 101 48 47 113 102 
126 94 66 2 120 28 101 10 98 23 139 99 98 117 3 4 15 
146 89 8 8 120 1 101 88 98 47 139 99 98 136 3 5 7 
107 69 69 100 26 128 144 82 5 1 24 37 86 64 148 70 92 
79 129 118 52 85 149 21 41 114 52 75 24 79 123 22 107 57 
102 85 79 90 80 105 94 13 145 10 122 6 150 136 98 103 101 
139 92 73 45 144 26 76 130 91 25 98 32 52 83 49 73 57 
116 11 23 67 22 54 79 21 23 64 17 124 101 75 13 101 53 
130 35 35 26 73 113 133 113 145 43 150 30 14 113 73 49 149 
81 145 88 41 101 89 83 148 73 90 71 62 59 71 71 73 118 
