461 1
236 
224 
32 
392 
325 
400 
308 
371 
32 
187 
358 
83 
443 
383 
234 
392 
360 
211 
255 
187 
318 
162 
254 
40 
333 
184 
161 
317 
332 
308 
32 
37 
401 
201 
333 
247 
13 
220 
408 
95 
350 
285 
369 
162 
14 
113 
307 
399 
278 
248 
171 
57 
108 
271 
13 
374 
113 
140 
266 
211 
190 
284 
211 
167 
393 
308 
184 
220 
396 
285 
156 
176 
451 
213 
187 
257 
155 
190 
218 
270 
96 
376 
285 
369 
457 
64 
211 
399 
94 
97 
339 
132 
284 
44 
325 
280 
196 
108 
73 
376 
151 
225 
245 
382 
36 
140 
124 
278 
217 
393 
460 
178 
211 
251 
95 
49 
414 
288 
2 
11 
101 
28 
299 
284 
83 
292 
113 
175 
392 
45 
151 
173 
255 
211 
277 
103 
443 
152 
135 
236 
176 
185 
349 
393 
1 
105 
408 
135 
446 
1 
440 
202 
6 
269 
387 
176 
269 
263 
387 
168 
211 
304 
91 
168 
30 
222 
124 
350 
301 
9 
296 
90 
237 
383 
164 
301 
80 
311 
446 
197 
143 
39 
248 
278 
3 
252 
408 
196 
211 
95 
382 
382 
193 
403 
362 
451 
384 
96 
29 
117 
30 
443 
273 
278 
113 
86 
254 
198 
151 
236 
209 
253 
376 
181 
151 
374 
328 
336 
443 
278 
248 
171 
301 
174 
12 
189 
267 
211 
373 
239 
327 
175 
321 
143 
15 
23 
224 
121 
204 
82 
264 
278 
254 
175 
374 
263 
165 
442 
269 
213 
442 
406 
277 
447 
216 
46 
174 
460 
184 
211 
374 
235 
392 
311 
301 
421 
277 
358 
83 
49 
95 
443 
446 
57 
399 
227 
443 
311 
60 
406 
442 
32 
269 
38 
442 
115 
311 
173 
262 
348 
171 
213 
424 
452 
195 
341 
56 
311 
443 
29 
311 
409 
339 
448 
140 
379 
311 
255 
339 
323 
400 
388 
321 
62 
443 
10 
173 
285 
83 
269 
151 
382 
170 
63 
266 
443 
292 
298 
115 
19 
327 
311 
406 
14 
278 
362 
165 
12 
362 
182 
386 
414 
64 
175 
188 
12 
10 
125 
211 
37 
452 
358 
285 
16 
295 
306 
162 
278 
403 
83 
308 
10 
408 
213 
271 
103 
392 
292 
97 
339 
104 
62 
173 
266 
398 
293 
188 
408 
364 
383 
45 
333 
413 
307 
366 
103 
216 
23 
174 
386 
392 
58 
302 
119 
63 
269 
236 
11 
441 
108 
113 
39 
250 
115 
224 
101 
83 
170 
148 
288 
278 
133 
374 
339 
113 
318 
83 
393 
38 
414 
63 
336 
443 
304 
269 
327 
366 
38 
190 
170 
421 
329 
435 
255 
321 
79 
277 
421 
355 
441 
216 
240 
216 
181 
94 
247 
127 
70 
408 
453 
359 
79 
220 
216 
32 
321 
431 
311 
365 
108 
94 
