187 1
79 
95 
45 
95 
17 
105 
139 
133 
108 
142 
135 
65 
158 
108 
117 
59 
184 
129 
28 
7 
45 
14 
14 
121 
108 
125 
129 
165 
39 
111 
37 
102 
64 
139 
4 
105 
139 
182 
111 
11 
184 
3 
7 
108 
79 
28 
26 
108 
158 
108 
170 
137 
61 
154 
25 
57 
115 
14 
20 
163 
175 
174 
139 
111 
165 
17 
102 
94 
64 
105 
81 
26 
24 
140 
108 
61 
109 
97 
59 
140 
108 
43 
108 
142 
139 
151 
59 
184 
59 
139 
65 
111 
115 
125 
125 
172 
17 
80 
174 
184 
27 
8 
11 
108 
142 
4 
108 
175 
37 
45 
14 
133 
127 
24 
35 
175 
139 
1 
129 
57 
97 
105 
95 
24 
65 
28 
51 
28 
108 
79 
26 
65 
2 
5 
8 
108 
25 
115 
180 
133 
172 
139 
176 
25 
156 
17 
127 
156 
108 
34 
14 
80 
69 
180 
95 
111 
108 
102 
140 
111 
108 
105 
69 
184 
26 
184 
69 
80 
108 
183 
49 
73 
102 
18 
14 
176 
184 
108 
37 
109 
21 
108 
182 
140 
125 
73 
175 
