354 6
295 323 93 51 14 39 
168 265 244 241 63 15 
65 223 56 297 56 259 
147 351 92 310 123 329 
36 85 41 221 197 35 
332 61 332 322 321 320 
109 315 234 282 228 8 
295 59 124 128 123 264 
62 0 161 322 137 87 
330 46 3 337 315 0 
113 76 186 282 52 274 
343 268 240 92 300 162 
180 329 268 28 4 185 
43 23 299 111 59 136 
314 133 115 236 108 191 
117 2 170 46 324 136 
250 54 207 268 341 68 
197 91 330 16 179 106 
157 145 135 290 113 338 
23 45 124 285 148 127 
55 17 302 79 115 316 
205 137 297 63 214 252 
283 351 315 161 147 179 
153 249 1 293 239 150 
190 315 156 209 328 220 
109 43 92 353 114 163 
118 50 56 92 49 57 
158 123 284 82 272 23 
115 181 283 337 278 309 
330 343 161 79 203 304 
173 197 52 218 56 109 
147 351 92 310 123 286 
23 316 116 342 151 282 
1 259 48 42 331 117 
36 85 255 221 197 35 
60 243 280 335 97 209 
75 144 197 96 335 169 
8 235 94 8 172 280 
304 339 303 29 264 240 
109 315 234 282 228 8 
25 299 14 54 279 353 
53 9 188 315 159 75 
232 93 274 216 8 99 
226 224 282 318 282 208 
115 107 283 337 45 30 
92 312 5 16 154 10 
83 158 95 315 159 75 
306 23 26 128 185 136 
166 176 329 97 228 99 
23 278 125 285 291 250 
80 113 51 258 29 314 
69 89 188 23 114 128 
336 16 279 294 352 295 
239 154 331 174 28 86 
232 93 274 195 8 17 
23 278 346 114 70 183 
114 268 201 29 81 309 
228 235 98 326 227 151 
129 330 131 353 3 16 
115 55 277 248 209 185 
345 123 126 211 146 34 
51 316 340 110 14 185 
186 235 94 186 172 179 
117 326 170 255 20 136 
343 8 75 302 276 246 
69 60 76 186 107 142 
152 64 118 129 183 186 
340 212 211 215 282 351 
118 66 264 161 38 139 
18 312 192 317 23 8 
97 275 340 31 106 259 
42 114 176 315 179 23 
217 330 311 136 96 207 
80 113 51 201 29 332 
180 286 209 157 34 59 
242 148 196 246 59 14 
51 84 249 110 14 185 
92 136 286 56 233 116 
147 351 145 182 123 286 
122 102 338 350 32 33 
250 133 16 45 180 326 
257 20 145 343 332 8 
7 247 166 337 257 353 
239 154 334 174 44 143 
67 215 211 283 329 29 
111 208 94 220 297 147 
238 251 94 4 180 279 
330 117 320 200 160 264 
190 315 77 209 328 220 
202 86 79 70 104 282 
185 200 142 116 64 109 
349 209 110 72 2 219 
221 246 99 70 215 242 
109 205 276 163 202 146 
187 182 185 168 183 170 
342 344 187 35 322 249 
130 147 247 63 194 255 
61 134 29 167 66 63 
99 16 217 253 220 196 
197 258 330 16 280 139 
252 173 210 92 73 224 
325 206 191 353 211 1 
264 187 337 185 339 85 
80 265 51 91 29 332 
7 319 227 198 152 75 
312 166 142 317 18 227 
246 299 99 232 131 273 
16 271 45 54 263 333 
75 197 139 211 85 215 
297 144 307 337 85 115 
103 2 227 119 268 14 
147 301 221 244 136 4 
123 25 37 197 353 134 
13 257 318 228 283 51 
6 217 60 200 64 343 
224 69 295 24 340 219 
211 335 196 78 325 238 
43 23 299 111 59 136 
345 153 211 289 28 23 
176 102 196 78 156 58 
23 84 116 342 151 282 
44 92 141 83 322 269 
46 144 36 349 303 160 
127 243 140 211 163 326 
314 325 264 220 257 292 
332 325 66 220 257 190 
7 200 227 198 152 75 
165 11 338 7 189 212 
147 301 221 213 136 4 
332 219 76 172 265 136 
234 249 261 205 265 219 
61 123 169 231 208 211 
52 130 348 39 66 220 
116 246 292 10 237 323 
278 25 115 136 35 145 
256 314 152 164 85 207 
255 258 161 292 329 282 
276 246 27 97 17 219 
345 123 126 211 146 34 
246 26 17 232 131 191 
146 172 341 212 187 191 
256 332 232 192 85 207 
328 231 17 228 219 343 
238 210 94 4 180 279 
100 63 180 351 213 139 
221 246 17 70 137 242 
16 57 278 42 307 333 
121 9 252 228 260 142 
97 137 249 31 106 259 
180 329 268 44 34 59 
190 315 156 268 348 220 
118 66 264 161 38 171 
323 227 301 226 325 248 
2 173 251 145 50 224 
166 299 329 97 228 99 
176 300 196 78 266 58 
92 136 286 56 233 116 
295 146 160 337 45 309 
330 46 31 337 315 175 
337 171 178 83 210 112 
83 315 276 268 219 120 
4 230 212 51 148 89 
196 116 333 145 23 147 
304 339 302 29 66 151 
290 253 127 97 176 231 
178 166 142 25 121 227 
116 246 292 10 67 323 
115 333 35 113 300 282 
75 144 197 96 245 169 
69 294 76 8 146 142 
290 309 183 97 299 231 
246 26 17 232 131 273 
71 129 303 29 264 240 
343 268 240 92 300 199 
188 254 300 308 210 279 
115 323 239 51 14 6 
118 50 56 145 49 203 
113 61 8 282 52 18 
39 96 259 109 111 93 
180 201 192 236 291 274 
283 35 175 276 351 344 
16 57 278 54 307 333 
160 351 315 161 147 179 
257 173 338 7 191 212 
305 1 26 343 263 241 
115 19 217 296 209 59 
256 175 161 113 215 87 
252 212 341 213 39 219 
342 243 297 35 265 340 
67 149 308 66 261 333 
145 230 152 310 333 97 
237 149 308 66 261 333 
83 30 127 208 299 135 
299 300 196 31 266 58 
75 132 106 211 85 215 
180 1 234 4 142 250 
185 317 16 135 194 307 
52 130 348 39 66 220 
297 182 59 168 250 164 
196 116 333 145 23 147 
25 176 14 54 279 353 
349 268 110 223 326 219 
95 120 102 308 210 279 
228 263 277 2 227 151 
158 123 284 82 242 23 
122 75 323 303 191 21 
165 281 145 343 332 8 
295 333 35 265 102 282 
61 261 29 167 66 15 
67 17 338 110 135 49 
199 177 259 343 188 161 
229 72 11 62 232 220 
259 1 218 51 260 261 
35 260 120 25 323 15 
122 300 338 130 32 33 
276 246 204 208 99 219 
180 1 90 34 142 127 
17 16 217 30 220 196 
250 313 16 278 180 2 
110 169 92 152 27 246 
239 259 141 27 289 48 
207 58 259 323 142 187 
145 347 305 16 154 10 
277 330 311 136 296 207 
174 143 79 70 104 282 
205 215 297 63 79 2 
46 144 36 349 303 283 
113 328 349 110 29 245 
41 58 10 120 99 147 
327 115 300 221 105 345 
236 115 102 221 165 345 
37 332 152 170 85 207 
323 227 301 122 325 248 
239 138 315 221 340 6 
185 319 142 116 289 109 
281 61 16 248 63 260 
324 257 4 190 50 94 
249 212 211 137 282 351 
349 123 322 283 335 82 
109 205 276 38 174 107 
118 66 66 161 163 139 
93 60 315 221 340 6 
69 276 195 265 44 337 
107 172 289 212 297 273 
35 260 254 317 323 63 
270 334 165 193 337 326 
103 116 152 1 226 1 
236 295 102 221 257 272 
130 147 229 15 108 41 
349 15 212 260 220 148 
257 293 269 7 189 212 
199 10 259 343 188 161 
169 223 56 187 56 259 
11 132 52 80 56 109 
23 84 116 342 240 282 
83 9 188 315 159 75 
8 263 94 186 172 280 
178 166 142 25 121 227 
349 268 110 342 252 219 
310 137 58 296 343 264 
99 53 224 226 278 66 
222 317 115 136 35 92 
147 184 221 213 136 34 
20 61 16 296 63 260 
152 289 118 339 127 186 
117 165 39 228 160 51 
92 136 329 56 233 116 
349 123 113 283 335 82 
237 99 338 110 135 19 
212 25 151 277 1 334 
325 81 189 353 211 1 
228 307 277 252 227 68 
69 276 216 322 157 337 
67 149 308 264 288 333 
44 145 231 53 113 269 
276 246 27 208 17 219 
200 260 212 219 234 205 
99 16 277 30 220 196 
92 312 305 16 48 177 
23 237 115 269 279 131 
180 201 170 327 70 18 
55 17 302 214 115 316 
208 64 100 353 99 181 
53 315 276 209 219 254 
75 144 132 248 245 65 
6 98 60 319 64 343 
160 266 292 109 147 161 
180 1 90 34 142 183 
222 25 115 136 35 145 
343 186 75 302 276 246 
239 48 331 202 28 143 
97 215 340 31 171 259 
92 247 232 22 333 208 
343 268 151 145 300 162 
242 123 298 211 146 34 
89 69 295 24 249 219 
130 147 247 63 194 41 
252 212 341 213 318 219 
7 40 227 94 152 75 
118 103 56 145 55 57 
66 187 337 185 339 85 
305 1 176 343 307 233 
172 290 204 93 33 85 
38 290 27 93 33 85 
42 285 26 315 280 23 
314 61 332 113 159 320 
122 224 282 6 282 97 
20 76 16 248 15 260 
109 287 295 142 328 272 
293 197 52 80 56 109 
283 351 315 161 147 280 
123 25 256 197 353 261 
39 248 259 109 128 239 
116 246 292 10 67 323 
100 157 197 85 32 318 
247 4 114 60 33 338 
67 215 211 283 329 29 
109 306 92 353 114 172 
109 315 234 282 228 8 
317 176 14 54 279 353 
234 249 134 205 265 219 
337 106 178 290 251 112 
13 105 6 228 283 51 
1 227 259 73 131 309 
49 99 303 214 295 84 
118 270 180 182 217 52 
65 342 56 297 56 259 
324 165 34 190 73 198 
271 307 245 186 259 110 
160 77 190 109 147 161 
301 280 91 219 122 25 
155 233 53 348 331 209 
153 157 197 85 254 318 
161 227 153 340 289 219 
193 233 83 328 334 268 
270 331 105 119 337 252 
93 60 315 221 249 318 
316 334 161 167 131 61 
212 25 68 277 1 334 
332 219 61 38 265 136 
349 15 212 260 220 70 
343 186 75 302 276 246 
217 330 311 136 96 167 
109 14 286 220 0 99 
146 172 64 212 187 273 
69 276 195 113 44 337 
314 325 66 220 105 190 
318 296 259 109 262 239 
203 235 245 186 259 110 
258 65 112 87 152 136 
234 249 261 205 265 219 
123 331 88 206 326 347 
238 251 198 4 180 279 
21 238 340 56 244 110 
