382 1
72 
166 
50 
60 
250 
7 
49 
356 
75 
303 
129 
41 
333 
239 
203 
320 
69 
295 
0 
375 
55 
190 
188 
171 
270 
172 
299 
51 
343 
216 
308 
100 
183 
325 
10 
195 
133 
236 
85 
10 
360 
183 
16 
353 
330 
234 
253 
250 
171 
69 
78 
214 
215 
272 
167 
360 
131 
121 
195 
223 
338 
312 
283 
254 
341 
223 
166 
229 
55 
236 
242 
322 
125 
325 
198 
368 
344 
41 
243 
303 
171 
58 
282 
309 
337 
34 
337 
138 
301 
270 
164 
193 
258 
170 
174 
292 
57 
190 
299 
190 
165 
183 
66 
125 
190 
31 
2 
128 
357 
223 
124 
129 
133 
273 
70 
338 
320 
137 
234 
224 
337 
319 
33 
249 
235 
312 
21 
250 
219 
13 
131 
141 
301 
315 
188 
285 
242 
121 
369 
235 
41 
169 
111 
325 
180 
247 
108 
115 
183 
166 
218 
11 
121 
179 
349 
70 
53 
166 
288 
182 
202 
21 
136 
156 
331 
193 
40 
70 
258 
213 
80 
269 
32 
213 
21 
381 
31 
218 
115 
252 
254 
115 
86 
8 
69 
152 
131 
179 
131 
51 
133 
69 
123 
90 
51 
171 
337 
316 
277 
234 
193 
215 
193 
337 
10 
161 
84 
270 
136 
119 
127 
75 
303 
222 
225 
101 
153 
259 
103 
81 
75 
229 
80 
114 
96 
357 
216 
113 
173 
226 
183 
346 
121 
77 
157 
342 
135 
248 
301 
317 
93 
70 
360 
299 
250 
216 
179 
288 
360 
89 
210 
283 
135 
339 
337 
234 
111 
113 
107 
105 
46 
207 
97 
136 
66 
11 
302 
277 
342 
97 
76 
229 
243 
127 
343 
55 
303 
133 
20 
79 
330 
79 
337 
342 
255 
353 
274 
48 
303 
83 
323 
310 
96 
34 
359 
165 
172 
258 
163 
23 
92 
90 
210 
133 
225 
81 
252 
274 
179 
349 
105 
69 
155 
7 
209 
38 
121 
258 
202 
121 
371 
320 
71 
129 
223 
101 
183 
31 
252 
137 
32 
241 
18 
278 
285 
91 
221 
17 
87 
101 
258 
2 
309 
140 
125 
340 
119 
353 
119 
149 
37 
319 
330 
248 
180 
232 
308 
39 
337 
47 
317 
342 
140 
271 
16 
58 
95 
131 
267 
250 
31 
72 
341 
66 
92 
165 
180 
381 
170 
125 
301 
288 
