502 1
403 
78 
428 
181 
193 
35 
342 
111 
65 
451 
229 
78 
338 
112 
120 
312 
206 
308 
421 
489 
443 
251 
220 
405 
143 
297 
416 
485 
281 
206 
350 
7 
125 
157 
148 
171 
106 
288 
153 
195 
293 
159 
114 
304 
340 
44 
149 
403 
411 
161 
277 
121 
111 
274 
97 
136 
303 
265 
489 
436 
40 
78 
111 
315 
157 
451 
432 
351 
421 
119 
277 
468 
233 
312 
274 
380 
205 
114 
193 
428 
125 
351 
451 
284 
298 
489 
305 
170 
351 
189 
428 
170 
413 
413 
457 
170 
168 
56 
229 
125 
318 
426 
452 
171 
119 
277 
397 
489 
412 
315 
411 
76 
31 
279 
389 
5 
357 
323 
165 
414 
62 
355 
212 
245 
84 
183 
79 
274 
163 
67 
402 
239 
461 
167 
216 
369 
297 
437 
274 
452 
358 
116 
402 
125 
333 
233 
360 
274 
358 
43 
153 
413 
199 
8 
78 
220 
259 
234 
118 
317 
338 
84 
56 
108 
129 
52 
120 
388 
138 
108 
118 
234 
78 
198 
388 
445 
221 
40 
359 
68 
181 
52 
132 
288 
284 
162 
342 
45 
405 
288 
215 
19 
305 
41 
40 
44 
385 
369 
129 
205 
199 
358 
67 
76 
250 
396 
44 
360 
126 
349 
489 
124 
411 
171 
78 
177 
212 
120 
485 
13 
303 
56 
405 
10 
305 
118 
301 
123 
78 
274 
125 
437 
118 
274 
88 
106 
131 
283 
2 
35 
375 
452 
134 
36 
78 
398 
281 
283 
489 
489 
24 
497 
40 
67 
48 
44 
7 
357 
148 
114 
192 
212 
98 
369 
78 
109 
80 
135 
40 
148 
305 
405 
93 
106 
274 
358 
457 
406 
177 
41 
24 
472 
302 
137 
274 
59 
413 
123 
313 
284 
484 
60 
451 
145 
489 
437 
283 
256 
124 
288 
59 
233 
419 
427 
103 
8 
106 
56 
164 
283 
194 
328 
108 
297 
98 
280 
387 
110 
113 
276 
482 
5 
274 
419 
79 
233 
452 
305 
31 
305 
289 
34 
134 
372 
335 
44 
333 
343 
103 
399 
153 
463 
115 
193 
427 
280 
342 
99 
419 
359 
114 
306 
369 
257 
110 
67 
286 
31 
256 
288 
129 
255 
48 
452 
164 
283 
112 
452 
387 
414 
279 
362 
333 
333 
275 
413 
252 
40 
201 
90 
484 
113 
118 
451 
360 
198 
205 
66 
31 
67 
281 
220 
106 
442 
78 
402 
116 
180 
132 
206 
358 
48 
457 
413 
252 
489 
150 
123 
283 
274 
419 
257 
82 
353 
88 
8 
79 
491 
182 
274 
56 
274 
128 
467 
184 
250 
317 
49 
274 
168 
121 
283 
427 
255 
265 
413 
338 
245 
149 
197 
359 
283 
177 
462 
305 
358 
150 
284 
463 
312 
78 
299 
277 
283 
112 
415 
99 
303 
106 
67 
359 
143 
432 
295 
99 
140 
129 
212 
275 
274 
421 
419 
84 
146 
164 
68 
150 
342 
98 
297 
274 
233 
327 
283 
358 
451 
108 
10 
153 
288 
354 
421 
13 
338 
106 
418 
78 
129 
451 
93 
205 
274 
