572 24
544 489 566 330 493 221 318 81 240 33 108 149 466 285 358 297 28 433 66 292 268 153 273 543 
445 201 249 386 340 355 174 451 153 270 556 515 149 548 384 503 124 425 198 294 532 210 228 152 
93 561 75 94 9 92 107 246 487 203 76 292 146 462 411 381 7 154 16 452 18 273 396 144 
229 417 444 363 8 329 31 215 508 342 541 512 342 392 448 66 365 248 227 529 464 462 463 27 
136 390 23 46 288 448 339 549 469 504 441 340 279 246 441 66 398 383 384 374 259 108 442 147 
76 39 141 158 277 12 488 241 75 269 441 163 85 540 232 494 379 529 393 294 314 62 405 212 
427 26 438 331 543 273 128 72 69 23 392 363 391 72 5 208 107 454 511 384 122 20 285 106 
385 65 328 554 8 329 453 488 209 342 113 512 342 221 95 66 395 27 453 9 226 462 463 248 
45 98 194 271 211 329 16 57 55 362 171 273 127 152 269 297 298 408 424 267 92 350 265 474 
298 117 460 411 43 305 515 388 514 2 169 330 108 35 344 16 81 451 31 538 396 56 63 566 
548 557 127 277 157 214 149 43 494 58 45 232 445 361 101 499 285 131 116 312 544 299 411 203 
234 296 216 381 110 393 255 544 519 295 425 276 161 503 106 480 339 424 409 349 277 277 187 30 
467 384 518 129 129 381 69 18 117 277 366 309 342 279 16 501 153 423 197 431 402 61 463 415 
129 37 122 461 382 542 453 239 477 177 192 76 441 344 214 321 55 517 320 381 63 252 558 425 
283 29 94 332 294 76 31 1 460 297 189 415 323 129 153 235 77 528 399 364 18 556 180 153 
233 59 17 531 555 273 50 72 5 544 518 554 194 117 554 439 107 237 511 384 122 566 285 451 
427 510 427 225 184 102 155 97 568 265 419 246 142 195 109 48 27 512 183 555 205 428 247 491 
296 245 8 254 154 29 362 261 396 311 104 85 378 114 515 66 506 254 203 454 336 308 46 356 
477 250 165 208 197 137 312 148 267 379 269 273 16 18 524 357 26 448 346 113 151 57 516 556 
19 360 339 122 246 278 13 497 109 216 409 463 270 139 78 100 106 195 93 66 275 329 491 423 
441 396 22 200 319 370 276 481 171 345 129 229 510 5 56 65 431 158 556 441 177 100 48 544 
145 213 524 170 388 297 206 74 134 394 145 480 1 198 46 456 164 265 66 67 46 299 544 544 
110 184 512 252 244 111 149 263 556 76 350 495 87 346 78 425 403 342 206 410 170 99 395 44 
554 380 149 107 199 164 451 287 53 22 170 199 392 480 322 505 375 23 391 431 317 137 129 52 
48 270 107 189 504 269 544 571 519 259 531 139 312 234 18 475 525 382 390 294 90 213 342 340 
391 234 58 529 16 208 435 366 380 424 349 13 27 221 17 192 45 143 389 551 174 511 421 336 
452 34 417 151 373 317 356 489 436 76 136 198 333 179 342 115 126 471 333 11 144 143 495 193 
108 297 148 153 265 23 258 27 49 188 5 474 393 569 169 92 470 109 303 19 22 26 512 396 
48 378 489 189 504 542 23 25 159 259 496 174 255 51 18 557 315 197 390 294 144 570 342 167 
413 254 260 61 374 39 278 256 567 231 556 342 3 462 172 458 5 455 396 87 476 273 177 429 
85 518 507 148 151 435 249 419 456 252 189 301 370 453 463 265 543 155 304 299 66 85 413 354 
261 385 284 413 277 204 550 336 413 272 393 219 329 142 330 289 281 290 331 388 40 309 277 29 
202 329 298 249 174 473 532 136 165 246 195 445 281 123 513 405 174 254 373 341 159 90 90 45 
131 278 216 550 413 390 106 474 80 328 34 546 335 42 351 438 383 18 486 246 18 0 335 472 
59 380 92 551 48 130 100 231 304 16 467 460 457 34 317 335 290 393 144 66 384 567 544 188 
530 272 380 115 321 379 19 155 184 16 71 200 265 515 478 156 34 204 198 226 474 294 552 132 
225 515 11 423 342 9 265 457 9 110 166 298 23 533 375 265 112 400 13 126 16 453 512 550 
106 115 317 314 29 468 467 330 550 92 237 332 56 318 312 148 73 106 41 569 467 273 414 527 
108 145 277 529 473 30 303 510 335 480 222 491 14 170 180 342 225 342 297 387 406 153 162 181 
106 136 538 169 458 20 528 360 298 92 26 370 56 30 307 168 104 451 41 368 528 273 452 412 
297 501 294 16 497 534 297 339 500 544 525 212 306 468 490 273 149 154 146 320 398 93 81 101 
128 300 129 111 276 414 200 285 462 17 418 100 528 564 302 511 540 75 456 0 164 194 477 410 
327 289 78 412 445 77 298 422 4 277 528 329 536 333 545 73 116 462 378 24 65 58 140 183 
536 40 92 254 466 490 243 261 333 223 104 377 270 497 22 66 346 129 187 26 27 109 517 483 
265 336 311 425 80 565 265 328 168 296 129 141 485 183 543 336 139 532 223 26 265 61 194 508 
389 364 565 5 438 544 2 489 165 342 297 106 430 146 170 49 391 298 265 494 110 317 118 446 
379 63 515 455 532 260 304 517 425 64 280 92 524 335 73 512 273 248 108 485 360 219 371 405 
458 488 493 275 308 144 84 211 137 512 153 48 260 263 208 427 454 281 394 496 384 210 191 177 
478 528 157 409 178 70 333 381 128 128 391 313 238 308 495 23 75 475 40 106 471 282 512 468 
463 515 64 514 342 311 265 401 529 431 55 550 23 533 354 265 365 299 208 97 16 31 512 298 
220 318 215 363 229 348 432 471 456 333 151 83 27 149 551 13 174 235 410 356 261 410 106 237 
153 436 134 160 406 563 326 92 27 317 272 294 491 108 342 390 66 0 197 285 298 285 540 156 
282 237 17 531 555 273 214 117 5 544 14 5 391 0 5 439 407 59 202 384 483 20 512 106 
59 190 92 12 48 293 100 283 215 16 467 428 292 447 317 335 290 393 144 66 384 33 23 472 
396 174 259 384 21 447 466 293 266 246 462 134 57 509 343 439 45 80 81 305 462 450 398 1 
249 263 278 457 384 530 494 53 151 2 458 106 135 346 51 224 378 467 500 108 294 367 58 115 
463 513 171 423 342 223 265 466 165 141 238 550 544 229 497 265 133 299 208 412 16 31 285 298 
265 248 403 429 388 482 265 328 553 360 129 141 485 185 371 248 174 6 311 59 265 61 391 306 
61 11 170 291 549 429 16 252 43 326 68 238 27 157 252 139 191 183 510 134 239 492 97 520 
452 397 306 151 347 538 1 99 436 105 136 198 409 47 342 222 527 351 333 326 90 562 2 215 
66 458 535 554 333 367 439 294 366 517 549 320 117 244 156 164 302 394 48 494 236 373 509 550 
66 451 462 66 516 318 309 356 569 284 26 564 109 21 382 325 432 277 28 261 18 475 89 66 
31 329 98 259 21 486 23 207 505 71 413 20 447 338 544 516 170 219 474 171 151 370 225 506 
108 98 277 311 310 74 303 100 538 181 455 491 392 516 25 342 463 342 297 60 191 153 369 181 
287 360 546 381 431 108 312 23 519 331 429 485 349 72 451 480 387 323 409 161 277 277 310 74 
342 352 211 370 240 151 26 552 282 329 38 213 246 4 379 521 280 435 315 556 20 256 55 131 
528 384 130 411 244 342 518 507 319 254 194 526 265 232 570 271 552 342 73 59 317 285 23 466 
408 414 523 255 356 222 566 92 560 117 238 391 548 52 18 471 219 536 232 297 294 246 149 154 
323 138 258 376 401 122 204 25 261 422 103 301 11 527 382 211 5 155 457 163 417 218 302 94 
76 368 141 488 277 487 156 116 366 415 144 135 377 540 258 494 545 311 108 219 204 347 7 262 
48 87 107 56 172 415 544 571 519 259 531 252 307 287 281 33 315 517 390 294 441 505 342 491 
544 107 20 296 558 221 263 109 192 75 108 390 154 512 511 297 157 228 66 292 310 153 273 555 
544 107 362 536 155 518 442 109 535 557 393 149 435 285 511 297 157 433 66 457 203 153 273 543 
237 505 131 390 528 205 251 73 196 538 371 193 429 138 285 242 433 151 423 36 536 5 277 513 
406 518 507 399 332 435 116 207 456 174 189 322 332 453 463 265 543 220 193 68 66 494 413 375 
413 224 546 298 131 390 106 279 388 444 397 546 335 376 351 414 127 281 525 520 281 71 538 472 
272 373 567 327 311 92 99 520 233 203 2 457 355 462 464 381 524 154 16 17 18 273 333 441 
482 463 365 153 126 120 133 245 16 512 211 16 546 273 489 502 410 280 450 46 40 165 381 354 
393 98 277 403 473 318 163 164 538 35 115 361 221 516 180 342 225 342 297 262 85 153 39 437 
342 301 198 370 192 151 59 323 282 556 418 213 410 195 253 173 98 435 486 556 566 394 562 413 
493 177 193 363 533 11 522 137 456 396 151 114 336 149 233 439 252 235 520 398 261 246 451 237 
422 511 14 172 493 225 98 517 151 352 408 23 540 532 151 279 201 272 446 298 467 190 449 23 
378 172 237 456 31 164 407 98 472 63 335 131 205 31 110 3 285 297 362 23 149 463 406 293 
429 391 254 96 66 223 454 37 131 298 265 153 241 29 358 244 463 126 126 115 131 110 153 548 
528 250 327 278 256 244 357 524 368 235 550 272 31 60 201 185 494 453 92 134 528 346 296 254 
25 85 104 192 471 0 66 21 188 252 77 273 380 129 406 129 452 257 486 112 223 74 381 113 
323 449 232 305 466 122 344 25 244 385 114 352 64 527 197 211 69 493 435 421 125 235 412 327 
252 393 265 501 91 551 414 261 250 317 328 218 556 272 234 66 485 261 336 252 184 558 140 180 
427 26 43 460 555 273 50 117 69 23 392 363 539 71 554 568 489 59 358 384 122 523 285 451 
527 549 242 69 299 207 514 396 85 528 153 317 288 217 43 236 440 195 285 17 8 208 459 122 
225 478 355 513 416 456 281 409 69 356 550 232 329 268 308 568 349 148 129 182 345 71 471 123 
111 463 365 153 527 178 145 415 16 512 211 16 259 273 99 203 410 280 300 197 542 223 381 497 
93 395 194 430 198 556 16 241 238 243 348 273 491 118 542 297 298 424 323 498 8 184 265 279 
323 128 111 363 438 23 264 489 311 342 297 106 179 355 516 56 539 298 265 406 110 335 563 44 
526 64 516 293 22 425 16 174 414 171 436 562 336 24 139 252 406 541 510 300 310 180 97 520 
327 289 38 527 325 77 550 51 134 277 467 329 536 409 307 104 446 462 270 157 209 327 10 541 
305 159 169 17 450 546 400 472 221 21 203 503 222 222 13 12 92 548 194 340 273 351 73 261 
103 370 46 352 44 44 117 550 212 271 244 570 244 87 104 499 149 381 424 484 132 449 300 67 
483 186 252 432 337 516 450 114 480 200 481 462 273 129 406 165 277 561 409 185 347 30 48 550 
456 225 393 381 89 513 516 544 225 252 27 265 451 169 56 361 261 529 148 381 246 184 327 370 
408 488 225 202 272 533 273 145 328 556 129 265 528 333 192 328 195 424 164 336 335 190 544 419 
31 329 98 402 325 486 544 188 341 117 131 210 53 123 23 205 469 294 507 348 151 151 225 565 
287 65 32 554 92 556 453 158 79 342 541 512 342 14 376 66 365 336 31 9 436 462 225 27 
429 391 254 314 66 311 26 368 131 298 265 153 44 160 202 244 225 126 302 222 413 141 153 540 
237 570 131 149 467 469 560 73 173 317 371 158 429 449 285 70 228 151 29 36 330 200 277 515 
45 347 75 94 223 92 489 520 386 268 495 292 537 462 86 381 7 466 16 414 281 273 396 144 
317 104 390 393 342 396 503 509 358 421 357 109 271 72 171 141 503 511 449 157 72 230 87 482 
456 225 393 381 416 549 516 544 225 252 27 265 451 314 176 127 261 165 168 381 520 184 94 370 
505 341 346 393 108 439 225 264 462 74 263 153 553 211 329 507 149 71 20 92 79 87 137 170 
287 358 221 504 493 463 133 46 370 521 552 23 444 147 332 279 535 93 241 550 528 380 449 23 
249 456 58 382 294 253 220 230 480 153 421 325 571 134 463 245 222 23 374 463 141 141 273 539 
346 281 231 265 227 413 141 237 434 337 298 59 370 482 493 42 544 285 571 551 447 297 64 336 
483 119 252 432 114 469 134 230 547 554 15 462 273 254 85 9 277 347 333 180 373 177 48 550 
391 51 58 223 16 13 154 475 67 552 434 13 27 392 438 535 93 290 323 257 174 358 303 336 
425 391 129 169 66 403 454 530 131 298 265 153 116 458 358 261 225 527 126 222 131 110 153 32 
37 451 195 209 441 516 146 343 538 249 212 434 224 30 550 302 125 484 73 71 222 252 191 89 
265 27 529 429 364 111 265 328 564 536 254 431 67 571 371 336 174 532 165 26 265 316 539 306 
544 407 566 296 558 221 318 109 240 33 393 149 154 285 511 297 70 228 66 401 199 153 273 543 
32 567 491 277 242 128 149 414 191 94 45 258 266 361 443 82 285 413 57 255 23 400 68 502 
393 145 277 165 473 263 135 510 335 172 284 247 221 516 180 342 463 342 297 262 377 153 569 172 
131 288 402 298 413 390 106 474 214 548 256 259 538 42 471 438 361 18 500 520 281 503 317 472 
260 570 183 467 138 265 36 551 296 149 391 129 539 35 422 169 54 31 327 386 194 291 338 568 
325 313 357 233 247 537 174 106 153 378 556 22 390 32 384 0 186 429 198 294 147 20 152 140 
506 281 82 265 31 413 141 26 161 497 550 237 332 346 558 95 23 512 541 427 397 297 171 336 
108 145 277 529 187 30 251 510 335 547 115 167 221 205 183 342 463 342 297 60 494 153 39 437 
342 196 211 332 535 370 454 552 386 556 124 341 246 134 379 521 98 401 486 329 523 397 238 131 
114 332 517 301 357 357 117 298 212 479 244 570 261 87 73 283 390 381 389 404 267 138 300 190 
127 390 382 206 141 88 305 293 1 270 395 489 511 171 261 283 69 5 551 560 283 277 297 121 
220 30 158 554 422 64 522 351 456 396 151 114 336 390 386 568 139 387 410 122 244 246 451 59 
261 53 270 252 291 216 470 392 268 173 205 376 109 490 108 556 257 431 80 156 223 232 390 239 
467 476 58 416 394 261 249 7 369 262 550 45 31 60 240 541 494 227 8 195 528 123 296 129 
182 456 176 530 393 467 33 90 152 322 129 48 252 381 556 457 453 22 546 297 165 495 476 115 
490 488 493 562 81 441 159 534 137 512 153 48 91 318 568 12 26 281 397 531 384 468 406 177 
398 119 252 522 337 469 4 497 181 69 481 462 273 129 85 403 277 345 396 113 561 177 48 298 
284 149 23 197 416 305 235 515 170 437 90 383 507 246 144 66 122 340 384 374 216 108 74 15 
123 91 254 454 228 209 358 48 512 542 371 265 376 31 390 219 434 111 223 85 265 45 89 435 
369 451 450 125 441 469 355 388 538 44 262 161 224 318 550 302 125 188 374 503 136 252 191 288 
323 283 415 495 13 431 323 53 425 504 474 173 456 502 512 23 110 485 322 278 251 458 415 153 
512 425 305 214 357 165 139 31 349 163 90 554 501 402 141 566 156 544 77 512 153 245 2 241 
242 481 23 338 53 202 190 244 455 170 258 327 173 220 517 247 131 48 58 265 27 90 20 304 
32 557 247 277 242 50 149 452 377 94 272 258 522 383 101 440 512 131 44 307 544 86 86 239 
249 456 94 517 219 545 493 230 480 153 421 432 541 4 225 40 455 544 374 225 431 141 273 194 
1 186 252 432 114 170 4 114 437 363 320 462 273 254 377 9 277 345 396 25 345 263 48 550 
57 318 416 457 384 37 494 394 151 76 490 451 135 338 385 416 87 467 500 393 219 569 327 115 
463 570 537 513 416 456 18 409 69 1 550 232 556 187 81 439 41 168 254 350 62 72 351 123 
1 38 252 21 354 469 300 375 172 69 88 462 273 254 406 403 277 373 396 113 373 30 48 550 
91 478 25 528 449 265 176 282 536 149 539 129 539 504 51 314 419 31 327 427 391 84 111 13 
427 59 438 331 371 273 80 71 69 23 14 69 391 0 5 439 489 59 511 384 398 468 285 106 
230 109 144 467 549 370 277 149 77 452 420 81 65 92 304 555 113 475 329 429 371 66 18 462 
164 100 161 476 427 11 317 211 243 93 428 513 528 525 273 2 164 456 14 2 172 117 552 454 
409 252 216 384 21 447 457 519 266 520 462 4 116 190 364 568 45 50 308 95 462 450 483 1 
277 168 216 104 41 406 85 507 289 462 298 78 156 443 456 0 488 453 153 142 467 276 294 0 
540 178 383 277 242 364 390 414 191 58 93 232 325 361 345 440 285 131 44 253 544 68 411 203 
308 33 92 502 506 341 403 458 174 527 258 59 92 437 192 23 155 216 267 81 297 257 281 381 
427 117 269 149 404 434 86 467 154 567 409 61 326 405 93 414 512 189 384 199 32 337 371 439 
273 297 144 100 12 225 453 423 421 232 396 364 553 428 528 237 182 193 146 539 522 119 109 56 
381 536 329 477 92 391 200 300 456 454 458 513 498 153 182 226 504 218 208 381 431 45 285 317 
48 270 407 189 437 269 23 113 291 402 531 139 312 287 281 120 315 382 390 219 90 570 342 340 
381 360 329 148 8 391 363 4 456 26 458 513 479 153 350 411 181 387 13 381 141 272 285 538 
528 250 327 224 397 261 116 102 569 212 550 45 31 218 192 180 85 453 92 450 467 346 360 129 
131 254 260 61 104 369 224 397 366 321 329 342 102 462 172 160 200 222 409 378 146 273 30 425 
50 134 254 506 276 438 5 285 462 438 186 164 467 477 412 358 548 557 456 503 164 391 148 410 
451 455 538 96 423 20 467 296 298 92 454 370 289 74 379 399 73 451 161 162 528 273 438 126 
111 91 129 26 433 65 358 48 285 269 543 265 305 453 149 294 41 506 223 406 265 93 224 292 
408 193 463 358 45 234 273 395 444 556 129 265 528 333 240 540 4 408 510 336 317 190 23 188 
298 117 496 68 414 305 549 50 458 495 314 330 108 547 314 16 308 451 31 538 333 289 186 566 
446 30 416 466 384 37 191 397 332 2 490 106 251 482 51 278 87 528 315 393 294 530 327 284 
383 149 46 61 141 6 175 84 1 378 133 107 511 11 244 440 200 200 257 426 440 277 297 250 
83 81 441 467 515 332 277 390 77 452 61 308 417 8 156 543 571 178 556 429 371 66 18 462 
175 519 169 438 195 216 68 419 392 445 268 71 115 115 568 257 92 32 194 361 273 137 374 244 
67 133 310 11 445 96 216 384 27 157 221 542 527 341 202 198 466 308 308 467 220 534 18 544 
385 296 402 381 110 108 19 23 159 531 429 485 434 0 451 480 235 424 409 161 277 277 502 318 
530 45 509 115 440 255 379 493 182 16 72 363 265 513 213 304 447 204 198 86 279 294 323 430 
92 227 381 498 440 460 191 108 198 381 8 377 7 469 412 212 277 381 559 93 236 393 420 266 
24 532 23 111 34 511 485 244 222 516 258 327 173 493 46 247 413 48 94 265 336 441 362 193 
58 36 418 97 325 91 298 385 450 277 528 556 536 333 307 73 44 462 270 236 79 94 152 571 
463 22 326 458 342 529 265 457 165 431 275 298 544 287 230 265 280 411 208 302 16 227 285 550 
85 518 507 553 332 435 446 472 456 174 289 352 151 31 463 265 371 220 156 436 66 494 413 114 
131 324 216 550 131 390 106 279 343 328 53 402 335 175 471 43 247 281 449 246 281 117 335 404 
490 156 493 372 308 144 519 534 351 512 153 48 260 177 13 12 454 18 34 496 384 210 191 177 
391 234 327 223 16 13 292 120 380 408 41 568 336 14 43 192 272 55 552 551 252 202 426 27 
367 45 190 222 82 19 312 220 350 16 72 69 265 549 570 156 34 217 211 411 474 219 552 179 
483 495 93 151 551 548 46 90 146 317 154 239 127 208 315 462 16 29 538 468 509 223 347 271 
391 422 58 403 16 568 401 75 485 424 41 13 248 518 438 535 272 290 424 233 252 202 421 27 
122 334 272 370 487 548 197 90 146 335 154 310 361 208 138 462 16 490 317 362 509 529 345 430 
539 229 94 403 16 439 435 475 276 552 41 439 336 392 438 240 272 55 389 282 252 358 421 248 
108 365 277 223 502 442 421 164 335 172 136 340 392 516 541 342 225 342 297 218 377 153 39 504 
416 348 137 270 423 293 278 397 108 424 540 94 315 221 452 58 394 512 94 317 505 417 248 108 
409 252 216 384 432 34 457 293 325 246 462 195 241 509 343 439 93 364 308 175 462 195 356 1 
463 22 11 490 342 403 265 292 223 431 275 550 23 533 354 265 145 299 13 527 16 31 512 550 
323 414 362 379 398 136 210 92 426 71 290 194 32 52 281 137 219 296 232 297 219 246 149 154 
113 406 104 201 137 117 66 21 150 139 91 273 509 129 377 129 17 427 449 142 529 30 381 541 
367 400 307 309 466 349 108 332 324 317 340 278 169 296 273 512 31 478 261 481 277 236 300 30 
381 536 329 168 8 539 554 195 456 454 458 22 271 153 350 411 35 319 439 381 110 45 285 538 
570 162 366 544 371 235 390 467 292 527 151 121 563 80 515 373 287 535 351 94 254 467 155 520 
222 149 23 197 416 42 387 549 516 480 144 167 474 410 441 66 398 247 384 73 402 393 30 147 
92 453 381 132 82 295 191 108 534 381 8 85 524 205 527 387 277 381 236 93 470 393 461 325 
312 38 515 455 88 91 215 517 429 171 145 8 405 335 374 285 273 336 108 485 536 294 543 3 
558 160 467 277 486 221 392 326 384 182 153 463 377 211 154 197 207 329 273 330 176 467 100 193 
324 64 137 87 160 291 416 53 393 323 548 58 500 392 452 58 256 512 327 335 505 306 336 393 
76 569 141 156 277 551 488 116 178 269 90 303 494 540 258 377 255 165 108 219 217 443 405 339 
369 299 253 458 457 161 108 370 416 335 383 416 314 360 273 285 227 213 261 320 277 28 134 318 
190 530 456 535 33 563 10 254 248 370 397 367 522 399 262 384 518 188 170 369 269 259 552 428 
278 11 137 270 490 130 224 394 393 424 32 94 138 14 438 58 256 512 327 538 478 65 27 393 
95 159 314 43 195 259 86 207 14 21 203 72 455 222 568 386 8 540 194 340 273 351 104 261 
190 145 502 64 266 96 402 384 27 236 221 542 412 341 511 198 401 109 81 467 220 198 18 23 
66 451 462 66 469 442 29 398 367 115 454 477 308 432 46 21 522 277 70 261 18 557 324 66 
333 139 402 384 445 53 457 293 432 520 462 300 57 276 214 439 272 343 109 95 462 195 356 1 
129 37 483 461 382 542 453 239 553 177 313 2 441 344 343 499 55 382 147 381 186 174 558 429 
342 173 211 332 313 332 454 408 427 556 124 341 410 4 379 173 145 401 486 329 523 447 166 131 
90 396 513 5 218 370 485 147 348 561 129 533 100 5 49 125 431 304 329 90 74 510 48 23 
220 29 528 277 449 14 392 64 384 184 153 463 377 534 466 517 419 329 273 536 49 467 164 304 
66 160 313 363 333 37 208 294 557 382 22 320 72 244 193 100 97 397 48 85 236 345 67 298 
507 273 540 309 249 336 273 92 558 350 392 107 247 567 512 292 557 285 373 410 549 152 237 199 
220 74 193 363 234 11 522 351 456 409 370 230 248 390 551 13 174 387 410 483 244 520 451 26 
381 536 556 564 8 391 200 134 456 26 353 515 267 153 350 299 547 387 13 381 110 272 512 317 
448 500 297 402 429 108 508 267 285 414 194 196 558 458 11 92 340 45 281 562 477 277 144 130 
42 84 204 17 300 546 86 188 518 325 268 0 115 136 439 282 8 328 539 491 273 471 73 244 
66 309 313 363 409 37 13 294 33 382 549 320 0 244 193 510 126 397 48 406 157 347 485 298 
326 264 151 131 330 329 441 100 344 61 316 239 453 94 117 374 236 137 548 492 181 337 369 281 
273 297 90 510 12 225 31 29 135 258 333 50 553 531 467 454 350 156 121 539 432 63 308 36 
440 458 327 332 294 105 453 1 331 297 49 415 552 129 153 339 77 528 553 388 281 329 180 153 
530 451 134 306 90 469 121 50 538 44 262 349 224 177 550 97 209 419 374 72 222 252 406 416 
550 0 531 226 452 175 515 50 490 334 314 296 108 172 344 16 81 106 453 317 333 36 124 362 
527 513 70 5 464 419 514 333 85 528 153 317 288 169 452 242 440 450 512 17 92 568 79 1 
439 185 308 377 378 201 122 342 444 141 311 273 441 419 93 123 270 421 252 298 559 198 342 540 
424 315 232 95 154 483 217 571 261 234 354 301 171 97 517 534 200 220 401 421 125 339 302 327 
244 51 455 131 277 169 550 248 413 45 393 219 556 98 360 289 18 143 531 343 245 309 277 160 
444 557 491 277 24 388 390 17 191 58 45 232 21 491 561 321 512 413 241 255 544 411 411 199 
153 400 300 490 191 274 11 92 336 335 45 219 340 393 342 390 66 72 382 285 550 285 540 304 
429 194 254 344 66 165 454 530 131 298 265 153 241 458 511 244 225 412 412 455 131 431 153 444 
378 437 59 456 31 510 489 98 54 78 317 413 469 227 431 102 285 297 20 544 149 463 406 291 
47 521 136 390 265 277 198 26 12 390 238 317 453 13 46 272 149 201 513 131 445 170 359 167 
467 384 518 254 129 381 5 281 0 277 178 160 342 507 16 341 153 423 517 141 259 316 463 415 
153 68 4 353 191 433 326 92 27 538 272 294 167 108 342 149 66 117 382 512 550 285 328 156 
66 29 201 200 409 368 208 294 120 46 549 147 71 244 158 100 412 256 48 377 242 561 190 550 
48 87 407 289 437 269 544 571 130 216 460 174 379 422 18 475 449 197 390 294 441 213 342 167 
414 34 459 151 443 317 122 407 226 334 284 534 396 498 342 136 527 351 396 326 441 238 264 193 
357 263 224 401 384 162 494 394 332 105 29 451 560 338 229 224 378 528 486 393 219 530 94 222 
278 326 471 270 423 291 324 394 108 323 328 327 138 221 414 58 34 512 58 335 570 209 336 393 
39 299 545 458 292 434 393 332 224 538 383 416 314 330 273 512 453 213 244 147 277 70 4 263 
265 336 403 429 388 346 265 328 553 330 129 110 190 180 543 336 139 532 165 237 265 461 194 65 
48 87 489 36 181 415 544 183 130 216 295 139 19 287 18 75 138 197 390 294 90 570 342 383 
90 333 513 200 387 332 67 147 11 347 254 234 510 554 189 79 141 304 556 90 177 510 48 23 
554 164 463 518 150 125 326 272 337 67 464 357 84 352 81 534 555 13 537 432 296 272 435 272 
297 341 294 16 103 534 297 60 500 23 486 212 65 362 160 273 149 292 537 320 483 45 109 62 
394 281 456 65 441 462 115 511 259 265 430 551 314 507 129 273 392 553 352 51 226 290 341 78 
361 149 382 461 110 532 448 519 398 378 98 407 358 11 244 82 5 363 12 163 321 277 297 121 
393 297 553 153 265 23 258 27 189 472 363 507 393 162 217 92 24 81 560 379 515 237 512 396 
265 248 9 429 128 346 265 32 477 296 254 431 380 185 555 27 139 6 223 454 265 316 539 508 
91 570 113 528 138 265 289 12 330 390 391 254 539 547 229 96 207 31 58 487 194 293 506 208 
123 260 254 237 140 209 358 48 512 245 371 265 305 31 149 219 41 565 223 494 265 45 324 401 
157 15 23 123 447 358 190 261 222 170 232 58 352 493 382 361 413 48 94 265 248 144 210 304 
253 330 235 122 520 288 13 114 308 216 409 463 270 252 63 510 106 134 45 66 275 556 491 490 
244 34 87 139 159 402 559 518 310 301 469 175 308 29 108 329 551 431 80 488 9 258 390 502 
379 360 339 1 520 288 439 354 109 402 396 463 87 174 78 510 106 300 272 66 166 329 127 29 
59 67 92 427 48 130 100 321 156 16 528 428 466 394 317 335 372 108 144 66 384 366 23 484 
528 384 518 254 129 381 69 18 503 277 120 490 342 279 16 570 153 29 197 431 259 316 225 542 
132 196 222 390 265 277 211 59 487 390 290 538 227 13 382 45 149 535 513 413 445 170 405 247 
42 486 297 546 429 108 125 132 512 438 194 521 155 490 326 8 491 45 281 143 564 277 90 84 
506 225 280 153 302 178 395 40 16 512 534 16 216 273 99 239 246 133 4 46 245 223 381 354 
200 164 463 392 484 65 171 93 103 276 68 241 84 521 109 211 543 568 476 522 360 272 435 272 
66 514 201 200 333 39 568 219 33 197 515 481 0 244 215 100 527 394 48 494 470 62 190 298 
85 392 474 168 332 401 357 150 456 174 289 196 151 227 463 265 371 493 156 299 66 191 413 230 
272 62 475 327 165 92 489 410 386 239 2 154 476 462 436 381 524 466 16 43 281 273 333 144 
267 31 410 129 292 195 114 35 441 350 153 163 542 571 303 430 474 352 302 115 270 0 141 22 
365 570 405 469 364 297 316 177 450 256 145 437 483 534 197 456 164 265 66 276 46 226 544 544 
353 488 220 143 109 90 84 211 137 285 153 48 91 74 568 233 26 281 447 295 384 523 406 263 
288 64 471 87 423 293 416 256 108 552 32 58 315 392 438 327 447 512 94 317 501 508 248 108 
297 505 294 16 83 198 297 60 449 544 486 262 508 362 309 273 390 435 476 320 356 272 109 101 
252 108 265 501 260 551 452 244 537 335 540 212 329 272 422 66 190 261 27 252 350 220 152 541 
490 156 220 372 81 441 291 534 137 285 153 48 260 318 568 487 454 18 34 531 384 362 406 442 
408 80 123 363 414 23 2 489 223 342 297 106 498 537 469 289 391 298 265 191 141 538 118 357 
318 3 463 534 137 207 58 202 65 297 381 48 451 301 153 456 528 505 133 224 324 312 90 59 
540 178 127 277 236 364 149 438 85 58 93 258 325 491 101 440 285 413 357 312 544 400 400 239 
446 442 324 292 384 37 377 447 370 286 353 106 135 565 287 324 378 528 315 393 219 369 58 455 
389 438 243 379 122 222 210 8 421 71 275 539 540 52 18 471 294 536 258 297 294 246 390 435 
153 225 406 219 177 389 387 409 537 405 384 448 48 447 315 393 549 273 434 258 507 343 184 512 
126 22 157 554 226 150 490 396 377 528 153 538 288 344 414 157 440 134 285 17 92 568 508 398 
66 414 356 492 329 144 142 310 338 544 33 113 124 474 48 497 110 399 85 40 339 127 383 511 
483 186 252 445 103 516 4 103 547 363 532 462 273 129 494 403 277 443 409 492 561 177 48 298 
399 146 311 439 382 137 312 477 271 312 269 273 16 18 7 116 237 305 111 183 151 116 170 556 
467 384 392 254 254 381 5 281 72 277 120 353 342 279 16 570 153 490 517 141 216 206 463 415 
87 504 237 456 227 100 99 280 484 78 335 131 516 31 141 7 512 297 20 23 149 225 191 84 
569 106 134 459 90 469 355 50 335 241 60 434 324 177 298 527 125 150 104 72 136 139 377 288 
491 102 356 197 194 562 75 153 528 32 1 507 451 433 27 118 351 482 273 372 66 512 171 166 
272 347 557 58 311 8 489 246 487 203 2 457 146 462 436 381 102 466 16 17 18 273 333 90 
153 464 300 490 191 274 348 92 27 335 45 219 167 108 342 149 66 117 46 285 298 512 328 193 
97 513 559 69 299 404 353 333 377 467 153 335 288 169 438 470 82 4 285 452 8 13 459 483 
225 549 326 423 342 165 265 154 403 110 372 298 23 234 83 265 145 411 568 126 16 31 285 550 
44 442 278 292 384 162 494 447 151 286 353 106 560 111 287 224 87 528 315 108 219 368 58 115 
528 537 327 288 256 261 446 3 367 339 298 93 453 319 240 25 406 453 8 450 467 338 536 129 
386 0 542 390 419 41 86 467 292 475 333 420 171 3 93 414 285 189 384 187 540 375 371 13 
467 121 58 89 53 244 44 7 569 212 298 45 31 212 240 185 406 31 8 4 467 482 360 129 
64 105 332 413 296 556 90 510 217 526 206 268 31 327 503 73 157 137 548 180 181 114 530 281 
551 517 451 339 319 174 393 40 527 84 48 67 79 214 456 438 394 355 460 571 459 356 263 420 
531 469 282 489 243 187 550 52 326 394 343 381 234 410 378 543 217 45 403 565 144 513 384 555 
467 68 191 377 239 253 380 206 317 210 23 153 20 51 448 146 318 342 429 318 45 323 475 66 
383 130 510 66 18 220 494 258 278 92 91 5 61 296 336 429 96 71 83 252 467 215 467 180 
323 525 232 305 292 1 344 185 244 385 114 521 348 302 517 211 69 493 401 426 508 319 412 58 
455 149 544 382 324 42 387 549 170 480 441 340 474 410 144 66 122 167 384 104 259 108 30 15 
92 453 381 267 283 496 494 393 211 381 92 85 3 205 302 262 277 381 157 45 70 393 526 432 
337 151 46 173 57 446 71 298 387 132 244 341 244 270 73 231 149 381 552 188 479 138 195 380 
506 260 254 26 228 209 358 48 285 40 555 265 305 453 149 294 434 482 311 494 265 45 416 457 
381 536 556 148 92 539 5 195 456 59 458 549 430 153 182 436 504 319 568 381 141 272 285 538 
327 289 418 302 21 77 550 234 134 277 528 329 296 396 253 374 44 462 87 157 508 327 10 492 
342 196 198 151 535 370 59 424 487 556 418 501 246 195 253 173 280 435 315 556 566 394 238 413 
545 330 218 356 246 278 568 497 109 402 396 463 378 252 124 100 106 300 93 66 238 329 247 353 
287 202 14 172 220 225 98 46 151 521 408 23 328 481 151 279 313 45 116 550 528 67 138 23 
413 254 77 206 374 367 278 256 475 82 556 342 7 462 181 160 363 136 396 270 146 273 30 429 
324 348 137 87 353 291 278 256 108 389 32 94 449 14 414 327 53 512 327 538 341 508 248 393 
550 503 460 400 17 42 513 214 514 76 344 536 108 437 204 16 81 451 227 538 396 176 119 566 
19 360 339 1 410 288 13 230 109 216 333 225 270 139 186 510 106 300 45 66 275 556 127 514 
39 411 312 353 154 434 393 151 288 335 383 416 314 330 273 512 31 478 244 88 277 28 300 30 
175 293 96 414 450 259 226 404 518 432 310 71 222 284 13 487 8 32 539 491 273 137 104 244 
285 425 305 214 241 9 174 31 41 421 441 200 341 402 141 523 488 23 77 285 153 40 105 116 
66 106 462 66 469 442 514 483 367 136 59 148 81 522 382 445 522 277 24 261 281 366 324 66 
438 135 196 204 37 498 297 227 4 23 192 8 171 48 195 63 393 6 197 106 246 161 70 273 
406 518 507 168 370 401 241 150 456 252 56 301 151 453 463 265 543 493 215 436 66 406 131 337 
66 160 201 5 333 530 439 219 557 517 549 320 72 244 304 164 527 256 48 406 24 443 485 298 
487 59 452 331 371 273 80 117 200 544 518 200 539 71 5 13 99 59 358 384 356 566 512 106 
378 172 454 456 453 510 99 145 404 63 317 413 516 31 110 524 512 297 362 23 390 225 377 519 
8 227 381 267 499 531 85 108 534 381 92 406 405 516 412 212 277 381 470 45 470 393 420 21 
153 507 285 434 263 347 57 16 338 440 106 489 412 507 13 470 528 386 246 336 386 525 545 332 
302 513 559 200 464 188 490 396 406 528 153 335 89 96 452 470 321 134 285 438 8 439 65 1 
133 478 102 205 50 297 316 318 450 53 395 172 483 534 46 456 100 265 66 276 46 400 544 23 
385 296 402 381 141 393 255 544 291 460 425 67 349 0 106 547 387 323 409 161 277 277 187 442 
526 11 170 159 22 429 16 174 414 348 299 562 248 236 174 174 191 541 100 300 473 25 126 246 
511 329 550 357 252 199 15 222 311 246 4 445 281 346 22 102 174 254 101 478 293 90 441 272 
273 188 485 24 119 298 184 450 273 8 413 233 267 140 456 131 297 225 258 234 393 558 445 381 
460 469 233 107 468 310 298 15 64 447 388 381 229 520 270 543 169 272 529 506 441 515 384 555 
257 382 106 262 212 252 393 269 302 291 48 67 65 50 456 43 53 476 465 185 65 356 30 206 
277 168 259 73 161 377 191 507 176 462 298 78 304 101 456 503 156 453 153 365 528 485 294 0 
134 61 463 59 422 415 358 378 132 270 342 16 369 451 355 542 342 323 72 339 266 569 172 244 
272 561 567 327 165 92 407 520 427 239 495 457 476 462 464 381 405 292 16 414 281 273 333 90 
452 251 322 169 162 271 297 227 450 23 313 8 171 48 195 186 393 6 197 451 246 349 70 273 
393 297 564 153 265 544 232 336 49 404 69 474 393 530 204 92 157 109 303 545 22 26 512 409 
429 539 129 344 66 165 237 367 131 298 265 153 116 514 202 244 463 302 97 284 413 141 153 540 
111 281 321 265 227 413 110 454 161 337 550 454 151 565 155 305 544 285 571 386 447 297 64 248 
66 353 201 554 333 368 568 294 567 382 513 147 503 261 215 164 412 53 48 406 70 347 509 550 
491 149 517 61 431 6 305 293 398 87 142 107 358 64 244 499 69 200 386 303 321 277 297 121 
507 273 540 309 446 248 273 8 155 350 392 99 127 178 512 466 366 285 345 520 22 152 237 187 
45 297 456 48 520 151 188 109 78 330 489 38 313 570 560 276 297 503 353 108 49 359 329 23 
493 30 215 200 385 171 522 351 456 396 151 497 248 149 282 208 139 218 246 483 244 520 451 26 
376 84 96 414 195 259 436 472 392 522 473 72 115 455 568 12 8 328 539 167 273 471 374 244 
453 556 98 216 266 500 23 150 501 503 413 566 397 506 23 516 205 294 474 326 151 370 225 338 
346 281 283 265 453 131 110 237 434 114 298 454 151 482 558 175 544 285 541 257 53 297 348 27 
31 329 112 216 522 449 544 404 501 117 131 243 397 338 544 516 516 219 474 11 151 370 225 338 
385 330 402 381 141 108 253 544 291 496 425 67 161 503 106 480 60 389 396 41 277 277 268 74 
80 450 129 338 190 452 554 512 462 414 418 164 528 148 412 511 32 557 456 503 164 194 148 410 
122 2 45 151 386 548 517 144 121 538 401 502 361 568 486 462 16 29 538 210 276 223 561 498 
389 283 245 2 439 141 389 34 429 437 279 521 456 310 512 23 431 380 173 224 560 514 245 153 
92 227 381 271 321 465 494 108 198 381 8 377 3 516 302 60 277 381 242 272 236 108 61 445 
131 254 77 420 374 369 324 397 33 499 556 342 7 462 172 514 69 115 333 270 146 273 263 425 
429 539 254 217 66 223 237 367 131 550 265 153 44 514 511 244 463 126 97 455 413 431 153 540 
260 505 185 528 449 265 289 427 296 390 391 254 539 480 385 96 472 453 327 233 391 291 565 439 
266 201 446 12 383 146 174 106 153 87 329 515 149 328 384 72 186 429 198 294 147 566 152 140 
265 27 223 425 388 482 265 548 148 296 129 110 190 185 543 336 252 6 403 454 265 526 194 459 
485 369 456 313 567 228 10 254 27 370 447 368 445 168 262 384 221 54 516 569 40 546 323 531 
234 79 32 5 8 556 31 304 459 342 185 512 342 518 175 66 145 248 227 529 68 462 463 248 
460 516 427 489 210 187 298 52 171 397 80 381 385 410 87 555 96 272 9 111 90 513 384 555 
340 390 197 316 431 6 305 293 483 270 112 107 358 171 261 321 69 5 427 421 440 277 297 476 
144 409 515 554 262 370 380 6 64 62 129 533 100 5 36 306 431 158 329 90 263 164 48 544 
334 162 431 215 277 386 158 116 475 40 144 421 191 32 232 494 545 311 393 219 96 561 7 387 
493 442 488 554 234 171 445 137 456 409 151 497 248 390 282 568 174 218 246 483 261 520 451 59 
398 78 252 266 83 205 4 354 547 554 320 462 273 129 191 403 277 443 333 183 373 442 48 298 
413 324 546 298 413 149 106 507 50 328 53 402 538 376 351 43 361 281 138 410 281 72 538 188 
106 284 335 96 29 210 467 296 550 92 237 151 49 177 312 564 104 451 349 569 467 273 452 126 
106 136 317 96 353 210 528 536 298 92 59 370 49 263 312 564 73 106 161 39 467 273 452 527 
106 455 317 344 458 523 528 330 298 92 26 151 56 442 312 564 374 451 349 368 467 273 414 527 
277 148 402 104 434 494 377 279 56 462 550 124 488 373 456 503 304 453 153 112 467 485 219 72 
26 447 262 250 92 381 439 306 429 208 455 312 70 254 425 94 68 557 397 182 95 371 315 294 
57 74 416 466 384 162 377 34 332 334 353 451 560 338 51 416 270 467 486 393 219 530 94 284 
31 329 280 402 445 138 23 150 213 0 413 210 34 338 544 516 469 219 279 348 332 151 463 482 
59 505 131 390 467 516 426 73 173 335 555 488 429 486 285 559 152 370 423 36 360 363 277 549 
429 391 254 344 66 311 454 369 413 298 265 153 357 309 511 261 225 126 126 136 413 141 153 32 
327 289 63 527 445 77 298 234 450 277 528 556 296 409 307 374 241 462 270 24 417 94 140 541 
571 191 104 201 351 0 66 266 419 139 77 273 509 254 191 254 414 12 138 112 311 442 381 541 
139 393 265 478 77 551 438 244 476 335 548 60 556 272 229 66 485 261 336 174 184 155 152 180 
312 360 339 483 520 224 208 114 308 546 409 463 378 252 63 510 451 134 93 66 143 556 491 514 
424 452 468 545 1 284 20 92 560 117 290 539 328 15 18 351 294 536 258 297 219 246 149 435 
542 550 392 410 276 25 308 385 378 456 140 433 186 92 57 239 424 245 276 401 109 435 165 410 
379 418 513 284 147 91 158 46 429 326 133 8 359 335 374 512 273 336 393 276 360 294 371 102 
127 149 517 316 141 532 95 293 483 87 133 407 358 348 244 82 363 69 233 251 231 277 297 355 
86 330 297 517 449 211 402 45 149 453 97 153 521 415 273 381 184 373 558 220 161 484 92 125 
153 68 195 29 85 563 171 92 27 335 45 219 361 108 342 390 66 117 382 285 298 512 444 193 
528 384 221 254 129 381 554 281 503 277 33 458 342 279 16 341 153 309 382 431 216 461 463 415 
66 309 240 5 333 530 439 294 33 46 22 320 0 244 156 100 302 256 48 377 559 345 380 550 
155 30 488 363 51 326 266 137 456 396 151 83 27 149 257 208 174 387 410 398 244 246 106 26 
153 474 512 41 442 373 357 16 482 231 106 407 527 279 568 470 528 282 246 248 282 449 545 332 
510 164 349 537 427 171 335 534 243 93 295 22 467 315 273 286 100 456 392 495 480 117 408 454 
501 367 75 544 543 319 149 467 466 302 332 121 274 50 549 443 229 201 137 58 129 528 558 520 
321 160 327 332 294 334 31 483 428 297 176 245 389 129 153 218 77 528 564 364 18 329 185 153 
501 213 338 393 108 208 225 76 462 177 263 153 553 198 556 507 390 72 362 8 459 378 351 516 
454 276 8 12 48 291 100 283 215 16 467 295 401 53 317 317 372 108 144 66 384 567 544 404 
356 38 174 445 83 170 195 114 504 554 6 462 273 129 191 165 277 101 409 492 373 263 48 298 
4 206 463 59 51 542 202 87 498 378 342 16 162 106 537 542 342 323 117 387 21 162 437 244 
59 67 92 12 48 291 164 440 304 16 467 496 466 394 317 538 238 108 90 66 384 557 23 404 
266 192 446 427 361 537 174 451 153 87 556 513 390 32 384 503 124 429 198 294 88 468 228 152 
337 81 441 528 22 151 277 390 91 438 206 308 209 92 156 543 541 178 329 425 371 66 281 462 
408 525 258 448 154 483 96 25 244 385 337 196 171 97 197 211 200 558 457 163 459 235 527 94 
12 71 245 149 207 349 411 467 435 475 333 461 171 524 93 414 512 289 384 268 548 354 555 568 
448 449 297 216 429 393 125 267 512 17 391 301 220 490 348 92 383 45 281 166 553 277 144 293 
298 117 465 226 438 95 22 343 309 334 96 296 108 437 217 16 308 106 31 335 333 176 418 210 
333 252 402 384 445 53 292 130 522 520 462 4 446 380 364 13 93 364 308 305 462 300 122 122 
51 79 548 554 8 329 227 156 209 342 492 285 342 14 175 66 112 27 227 223 86 462 463 27 
25 191 374 313 137 117 66 445 207 139 260 273 276 129 494 129 452 282 315 365 165 442 381 571 
456 463 108 381 416 549 516 544 225 174 336 265 451 217 49 167 261 223 399 381 246 182 327 370 
153 507 285 161 30 443 446 16 346 231 451 107 126 279 568 236 467 257 520 27 427 315 255 332 
4 61 463 26 385 415 511 87 267 378 342 16 369 451 250 269 342 389 72 319 21 162 437 244 
397 281 456 79 441 462 222 511 546 265 498 427 96 474 254 273 392 399 521 422 400 166 341 186 
408 138 232 448 435 483 344 25 261 385 103 322 348 97 197 198 69 220 401 426 209 218 126 327 
114 370 46 173 241 57 503 298 339 179 261 501 261 87 73 321 390 381 552 188 267 138 134 485 
182 456 49 530 108 528 557 90 152 521 254 48 139 381 556 435 227 513 546 297 9 495 476 284 
536 415 8 129 435 29 468 244 333 223 73 494 270 103 549 66 111 129 239 26 336 81 382 356 
297 501 294 16 230 198 297 339 138 544 486 262 459 523 309 273 149 154 121 15 356 93 109 101 
97 515 242 5 464 404 490 333 406 467 153 317 89 344 452 157 82 300 285 414 8 13 209 356 
342 322 198 151 192 370 454 389 282 556 119 478 410 195 379 173 395 154 486 556 243 447 372 131 
393 145 277 403 199 442 251 510 335 504 115 127 392 516 180 342 463 342 297 387 406 153 369 480 
333 139 259 384 266 256 292 130 325 246 462 300 241 509 364 208 272 388 308 376 462 195 1 356 
66 106 462 66 205 318 29 356 162 455 59 168 81 21 46 325 445 277 28 244 18 33 416 66 
565 77 129 454 10 306 202 48 285 245 543 265 305 227 390 219 434 338 223 494 265 93 278 292 
153 436 195 160 406 140 64 92 27 317 45 294 361 393 342 149 66 117 46 285 550 285 328 158 
131 129 260 420 73 569 89 394 120 499 556 342 102 462 480 514 5 284 333 87 537 273 442 425 
153 279 512 161 318 373 446 16 123 499 106 407 97 507 568 157 467 282 520 248 12 138 19 332 
273 165 471 450 273 131 248 198 123 381 27 378 342 181 35 309 265 122 465 16 3 369 221 16 
482 77 129 237 152 65 358 48 512 40 543 265 95 31 390 219 434 346 9 406 265 272 224 466 
467 384 221 129 129 381 200 281 503 277 567 490 342 507 16 505 153 309 46 141 402 461 463 245 
12 382 451 387 218 174 393 245 97 291 48 67 417 80 456 17 34 146 331 541 459 398 442 526 
273 223 137 300 273 131 27 211 111 381 27 270 342 181 547 309 265 356 295 16 524 162 392 16 
29 193 558 166 308 144 293 211 471 512 153 48 260 177 13 12 237 281 256 331 384 468 494 177 
241 456 58 517 294 255 493 230 480 153 163 432 113 195 463 40 136 23 374 225 110 110 273 539 
280 570 524 170 80 297 420 74 134 394 98 480 122 534 197 456 100 265 66 485 197 226 23 23 
32 33 247 277 70 343 149 414 85 94 93 258 522 247 347 82 285 413 446 379 23 464 400 203 
388 300 254 111 380 438 363 285 462 17 38 100 528 168 412 511 548 75 456 503 164 539 553 410 
487 117 269 149 150 434 436 528 435 557 396 420 326 359 272 414 285 36 384 199 328 497 543 439 
389 449 258 376 401 1 169 492 261 51 354 173 326 126 197 198 5 558 457 163 508 387 302 94 
369 45 509 115 82 307 307 155 184 16 117 69 265 515 213 193 53 344 534 464 507 294 424 479 
360 269 92 254 292 160 362 244 333 311 73 85 270 375 515 66 346 129 268 454 248 109 517 483 
254 569 356 526 382 415 453 310 477 263 201 264 441 314 50 499 166 382 320 381 63 252 493 425 
87 480 454 456 227 510 107 98 472 38 335 413 516 227 110 524 285 297 468 23 149 463 494 159 
463 501 537 549 89 456 281 409 5 398 298 232 556 203 308 568 434 148 129 184 347 71 471 346 
406 518 279 148 151 292 357 484 456 174 36 352 151 227 225 265 371 155 215 464 66 377 131 230 
227 329 395 402 21 525 544 150 570 72 413 243 53 565 544 205 170 219 507 11 332 370 463 482 
202 329 298 116 174 239 6 136 165 520 300 445 18 482 513 7 252 254 62 501 130 144 441 45 
280 213 7 469 50 297 316 30 450 397 142 437 356 211 517 456 510 265 66 380 382 68 23 23 
265 248 311 429 364 111 265 548 399 296 129 431 380 25 371 248 174 88 529 237 265 420 391 459 
237 67 8 282 48 291 100 231 193 16 528 428 435 447 335 317 166 108 441 66 384 366 23 207 
58 36 418 97 432 260 298 385 300 277 467 556 330 409 19 374 249 462 270 70 125 327 563 113 
285 429 95 128 44 165 252 453 349 251 90 363 501 546 110 523 156 544 77 512 153 542 286 241 
115 149 544 382 416 42 235 549 516 172 90 361 279 410 144 66 122 361 384 73 546 108 30 481 
538 73 390 108 342 396 117 190 358 560 357 109 479 0 11 141 503 358 500 157 72 337 270 565 
296 415 92 254 401 423 243 244 333 529 104 85 270 497 22 66 111 129 239 26 336 308 197 398 
261 229 136 413 277 169 550 27 131 45 108 294 556 142 536 36 281 55 460 343 40 514 277 353 
438 447 209 370 373 317 356 407 86 334 222 211 396 479 342 455 302 471 409 348 144 290 105 193 
37 451 195 209 441 469 121 343 317 249 60 434 224 74 298 97 79 404 73 0 136 174 494 278 
332 267 161 181 335 138 216 23 130 273 490 378 550 398 16 136 162 367 59 558 319 126 371 106 
282 117 40 390 150 434 400 528 466 475 333 61 348 524 45 17 512 36 384 187 444 114 555 208 
413 129 91 461 374 37 224 34 366 231 329 342 102 462 437 160 554 284 333 378 250 273 30 429 
342 322 534 370 313 370 59 552 427 329 418 501 410 450 253 352 98 466 449 329 243 34 562 131 
487 517 451 235 235 139 108 245 97 84 48 485 125 388 456 452 256 250 295 183 306 398 442 526 
66 451 462 66 170 74 514 398 368 222 59 148 308 522 382 21 21 277 470 244 281 475 288 66 
7 429 137 106 547 467 178 44 528 5 507 252 18 76 298 444 56 186 12 297 153 246 349 150 
208 183 81 377 378 240 356 342 540 141 9 273 90 207 45 506 270 135 174 550 470 198 342 444 
408 449 258 448 401 1 96 571 244 422 103 196 11 302 46 534 200 155 401 251 306 212 412 94 
282 517 451 235 212 139 393 269 527 291 48 276 79 80 456 414 397 121 496 541 65 122 442 420 
282 503 245 390 472 41 436 528 466 33 409 206 326 359 272 17 285 49 384 239 444 497 543 208 
335 259 298 487 265 462 123 41 136 530 200 350 534 512 415 198 81 234 314 425 218 73 471 121 
90 409 22 363 218 332 485 147 326 373 254 422 100 554 176 306 141 156 329 144 177 510 48 23 
485 133 502 326 266 169 216 384 248 559 14 542 97 341 358 211 292 109 308 467 493 211 281 544 
48 270 407 56 547 40 23 185 130 546 460 139 312 422 281 178 500 46 390 294 441 478 342 340 
389 231 245 286 439 431 323 394 425 181 474 521 456 203 512 544 141 509 173 278 560 514 245 153 
396 252 216 384 432 53 154 519 325 246 462 134 446 190 214 208 93 50 81 42 462 300 356 483 
89 171 351 378 353 291 288 53 393 552 540 58 525 221 438 58 447 512 94 335 213 125 248 393 
66 414 398 183 329 441 98 239 338 23 120 492 119 279 48 103 141 564 406 542 262 127 383 511 
413 288 216 298 131 149 106 474 388 32 447 259 335 42 137 438 247 18 449 520 281 117 335 54 
91 478 185 528 138 265 176 257 360 149 391 254 194 35 234 204 419 453 58 233 539 159 338 13 
230 109 441 528 22 332 277 149 77 17 61 109 508 92 304 371 185 33 329 425 555 66 18 462 
507 273 444 353 357 27 273 92 155 350 392 407 247 475 285 457 567 512 101 520 515 10 237 239 
353 488 493 562 109 90 84 198 137 285 153 48 77 74 568 386 454 18 394 460 384 468 494 30 
369 45 67 455 82 19 545 220 182 16 71 200 265 22 570 156 34 344 198 68 507 219 323 498 
487 26 17 295 555 273 214 72 200 544 221 5 391 0 554 568 407 59 358 384 398 523 512 451 
111 18 283 265 31 413 141 26 41 354 550 26 370 565 493 376 544 512 180 12 394 297 11 248 
266 535 249 233 340 537 174 451 153 270 329 549 390 328 384 71 418 429 211 219 6 523 10 563 
396 252 216 384 522 397 154 84 266 410 462 300 116 380 128 13 93 388 109 305 462 450 483 356 
408 438 20 19 356 222 468 8 426 0 55 539 548 147 281 137 219 296 258 297 219 246 390 154 
512 429 305 364 116 403 252 453 41 421 144 69 213 216 431 243 156 23 260 512 153 542 264 44 
467 384 14 254 254 381 200 281 117 277 178 309 342 507 16 505 153 353 517 141 546 461 463 245 
381 536 556 148 92 194 363 4 456 454 423 549 179 153 182 86 504 60 208 381 110 93 512 335 
456 463 108 381 324 22 469 23 463 252 336 265 106 314 176 383 261 311 399 381 520 184 58 332 
131 254 260 61 374 369 278 397 366 321 329 342 3 462 437 353 69 455 396 378 250 273 177 425 
383 149 382 316 431 532 376 84 356 270 142 107 202 11 244 82 200 69 551 163 82 277 297 476 
539 51 327 311 16 439 466 33 485 323 349 439 336 221 452 240 45 562 408 487 252 358 421 248 
273 297 90 164 427 463 31 423 303 258 409 128 399 331 528 59 350 488 121 539 432 119 109 49 
180 85 374 535 351 117 66 266 472 139 91 273 190 254 85 129 43 487 525 98 9 442 381 571 
272 101 75 58 9 92 107 520 282 199 495 457 476 462 436 381 3 457 16 17 281 273 333 144 
551 517 106 212 218 139 108 40 412 291 48 485 306 364 456 452 397 146 465 113 65 1 263 61 
429 391 254 314 66 311 454 39 131 550 265 153 57 353 358 244 463 126 126 136 131 431 153 32 
29 193 155 372 109 90 84 211 351 512 153 48 91 263 208 257 26 18 256 496 384 468 494 442 
378 172 59 456 227 164 107 395 207 78 335 413 170 227 431 102 285 297 210 23 149 463 406 519 
512 429 95 364 116 9 252 31 161 251 144 554 213 216 141 566 215 23 91 285 153 245 105 446 
279 273 328 514 357 336 273 92 493 184 221 407 167 178 285 154 366 512 443 246 22 563 59 187 
278 11 137 378 29 519 324 397 393 424 328 58 138 14 452 94 53 285 94 538 213 306 336 393 
23 407 243 536 558 221 318 308 313 567 108 149 435 512 358 297 242 228 66 292 502 153 273 371 
530 45 485 284 440 253 253 558 184 16 117 5 265 513 213 193 256 217 211 411 279 294 389 479 
279 273 548 309 241 336 273 8 155 182 221 489 127 33 512 292 178 285 347 520 513 10 26 187 
346 281 283 265 31 131 431 26 161 354 550 454 151 482 220 175 544 512 113 282 34 297 326 248 
66 414 356 571 329 144 280 187 123 23 475 25 186 474 48 354 431 553 191 542 387 361 361 202 
342 301 211 151 240 332 59 552 427 556 63 501 520 134 312 196 280 154 525 556 243 394 55 413 
389 414 243 312 398 136 210 92 421 503 275 539 548 52 281 351 219 330 232 297 219 410 149 435 
408 193 225 202 93 287 273 365 444 329 129 265 467 333 535 548 300 389 164 336 538 67 544 404 
190 39 456 240 33 118 152 254 248 332 53 367 445 148 319 384 518 404 170 530 542 546 408 496 
247 7 1 46 539 275 567 153 528 328 483 507 106 10 27 433 471 123 273 290 66 285 64 275 
110 350 285 252 261 482 149 30 556 2 184 286 378 111 124 429 223 342 526 246 170 489 365 116 
131 129 91 206 374 530 288 256 178 231 556 342 524 462 547 29 200 284 409 378 476 273 177 425 
141 350 285 252 261 111 390 263 556 286 182 264 270 482 418 425 165 342 420 520 516 107 133 446 
485 142 310 64 432 169 402 384 336 24 518 542 527 478 202 534 292 308 308 467 220 211 18 23 
253 124 549 284 532 260 193 46 429 11 365 8 3 335 73 512 273 336 393 509 536 294 371 3 
283 490 327 151 219 264 31 122 428 297 189 542 552 129 153 387 260 528 564 50 18 556 25 153 
467 476 327 416 256 261 446 405 369 262 550 272 453 235 535 571 191 31 8 134 467 506 296 254 
447 18 456 508 144 462 222 358 259 265 430 257 314 507 254 273 221 399 173 422 68 238 478 418 
8 227 381 267 231 531 406 108 534 381 8 377 405 170 302 387 277 381 70 45 24 393 206 325 
142 478 102 205 50 297 461 263 4 53 133 181 356 534 46 456 164 265 66 276 517 400 544 23 
441 333 22 363 319 370 485 88 348 345 129 385 100 363 189 508 431 193 329 144 74 510 48 23 
422 125 444 363 92 329 31 488 79 342 25 285 342 518 175 66 395 248 31 311 436 462 225 336 
512 425 448 80 357 9 174 31 161 251 441 69 341 259 141 362 158 544 91 512 153 40 105 44 
66 451 462 66 170 177 160 398 37 284 26 564 81 21 197 266 325 277 242 244 18 75 416 66 
103 151 46 352 116 357 503 298 387 47 261 213 261 87 104 321 149 381 389 188 430 525 450 67 
317 259 298 386 265 462 338 41 222 530 363 350 211 512 542 211 81 422 217 429 339 374 351 121 
298 117 465 86 43 95 549 388 309 495 96 296 108 181 314 16 109 451 453 538 409 36 63 362 
106 222 538 169 514 566 467 536 298 92 454 151 176 442 312 168 374 106 349 369 467 273 438 412 
427 46 451 339 218 174 108 415 302 293 48 190 79 214 456 17 53 146 295 492 125 122 30 420 
487 454 438 465 543 273 364 72 363 544 14 200 539 117 200 568 489 26 358 384 122 468 512 451 
153 400 450 160 406 10 64 92 248 538 93 294 491 108 342 390 66 71 517 285 298 512 328 158 
558 353 467 277 525 518 392 64 384 182 153 463 494 198 292 46 472 329 273 296 289 528 510 156 
368 68 255 353 435 349 393 151 416 335 127 224 96 536 273 512 453 501 244 52 277 24 300 318 
331 469 12 407 468 473 298 532 64 397 388 381 51 520 378 371 314 272 223 506 441 513 384 371 
91 501 185 528 138 265 49 487 296 390 391 129 194 547 51 344 484 31 58 487 391 519 565 568 
414 135 352 204 369 267 297 31 450 23 240 8 326 48 4 186 393 6 382 106 520 349 236 273 
505 530 557 23 371 212 390 467 154 126 151 250 433 50 549 347 229 192 471 327 129 528 220 246 
202 556 550 241 174 473 88 136 9 410 4 522 281 482 549 7 139 129 443 478 293 144 90 45 
391 51 58 529 16 568 292 567 380 323 161 13 336 518 414 535 272 290 408 386 139 202 426 248 
297 505 294 16 375 198 297 218 486 544 525 387 125 523 423 273 149 292 476 52 122 272 308 443 
237 34 212 146 92 381 439 306 425 208 115 255 28 129 429 94 411 366 256 182 175 371 486 294 
5 67 149 99 502 510 451 287 394 22 469 310 518 504 173 478 114 23 391 141 317 351 254 15 
307 330 60 122 520 278 208 337 308 546 409 463 87 252 119 164 106 450 93 66 290 556 491 423 
305 138 297 546 429 393 417 179 512 17 539 322 155 458 326 92 167 272 18 290 168 277 90 159 
369 272 67 284 499 255 379 493 184 16 503 554 265 513 570 488 53 96 198 411 507 294 323 271 
358 556 550 44 139 268 532 136 403 410 300 432 18 346 515 7 252 254 443 505 519 441 441 45 
110 184 512 252 261 346 390 318 556 286 182 76 87 123 124 429 529 342 316 246 516 99 395 116 
361 84 100 66 281 155 191 232 324 8 260 200 61 360 248 425 96 72 114 252 467 156 467 571 
528 384 221 129 129 381 200 18 117 277 475 29 342 474 16 570 153 423 517 431 216 316 463 269 
153 474 285 41 177 373 116 16 565 82 106 407 527 279 208 236 528 427 410 336 282 486 379 151 
83 81 441 467 22 151 277 149 91 452 526 308 125 8 193 543 25 366 556 429 543 66 281 462 
286 368 110 156 277 257 215 44 33 269 441 560 85 328 258 406 253 165 393 219 344 373 7 319 
454 397 339 146 8 381 568 79 429 568 284 307 24 129 425 327 86 567 394 184 376 543 486 219 
273 188 509 28 63 550 350 134 273 8 131 487 498 140 456 131 297 463 232 385 108 558 21 381 
413 288 546 550 413 149 106 507 214 540 397 259 335 448 471 452 383 281 449 410 281 117 335 472 
273 297 144 164 233 463 453 458 163 258 396 388 148 331 467 454 350 304 537 194 445 78 308 189 
48 270 407 49 480 542 544 25 159 259 496 174 379 51 281 475 449 517 149 294 90 505 342 361 
123 77 129 59 228 125 511 48 512 269 543 265 175 453 390 219 161 111 529 377 265 45 89 154 
31 556 145 402 325 315 23 419 341 503 131 468 394 338 23 170 170 294 474 171 370 332 463 482 
446 442 224 154 384 369 377 53 370 105 423 106 421 506 533 89 87 528 449 393 219 39 94 115 
548 33 491 277 24 80 149 452 494 58 272 232 522 361 101 231 512 131 249 255 544 299 411 473 
230 308 441 528 513 151 277 390 77 17 461 308 508 8 304 543 571 567 329 429 371 66 18 462 
506 18 321 265 31 413 110 237 41 103 298 59 332 506 558 376 544 285 180 257 34 297 171 27 
144 409 549 69 60 370 67 320 326 373 254 422 510 554 289 65 110 158 329 441 442 164 48 23 
413 416 402 550 413 390 451 279 214 540 397 216 335 42 351 43 383 18 486 410 18 503 317 472 
129 569 122 420 46 245 227 268 168 177 201 76 144 96 388 82 238 46 15 381 78 139 155 429 
106 115 335 96 309 210 528 296 298 92 454 332 189 318 379 148 374 106 41 367 528 273 43 302 
474 273 540 29 241 336 273 8 493 350 518 407 247 567 512 457 557 512 62 410 513 152 26 268 
391 385 327 529 16 13 401 75 380 552 161 208 248 14 438 201 45 275 389 12 139 511 303 248 
