191 21
147 57 172 69 0 5 132 55 116 41 113 35 66 101 72 170 118 126 133 56 169 
83 89 65 72 89 177 168 11 4 159 17 151 148 152 27 72 138 76 33 178 136 
91 181 46 159 132 126 127 80 141 172 18 128 89 7 172 116 151 71 137 38 99 
11 114 44 83 50 72 181 133 169 56 54 146 5 52 122 46 28 55 64 122 132 
182 37 66 93 27 3 182 8 189 116 107 115 154 74 124 166 71 93 116 34 84 
34 167 30 27 18 97 25 11 11 74 95 160 103 116 37 179 133 188 48 1 57 
137 10 1 27 74 62 86 11 11 74 9 70 141 116 37 179 177 164 98 30 57 
37 128 53 130 125 41 37 67 75 65 98 160 67 80 124 108 24 76 170 77 32 
147 57 81 12 64 26 119 55 116 41 57 35 72 101 103 17 118 126 100 89 169 
161 93 63 109 165 95 58 117 103 163 188 139 87 50 190 161 93 48 17 1 80 
39 50 174 161 188 147 26 95 27 136 176 91 132 54 34 90 70 11 126 151 83 
171 73 158 135 148 190 87 50 7 124 44 27 37 130 69 54 22 187 160 62 41 
72 67 146 27 154 29 1 83 167 37 123 40 40 1 50 2 99 118 57 12 115 
3 57 81 24 138 165 132 55 142 73 57 35 141 15 72 170 176 126 100 56 149 
37 173 115 117 149 83 165 152 188 176 22 124 76 63 190 60 33 152 119 152 35 
54 176 36 89 117 70 181 171 178 188 37 104 37 35 141 118 41 84 136 73 148 
14 98 146 98 54 169 125 108 150 146 15 131 27 27 81 85 73 65 64 115 166 
24 118 93 61 152 152 113 189 94 184 146 67 119 43 10 103 101 74 80 33 54 
119 52 46 166 8 178 20 89 94 52 118 170 10 42 125 117 187 117 39 107 159 
12 67 12 32 87 148 84 131 67 49 177 73 137 43 92 162 1 47 74 16 146 
37 20 182 117 170 33 6 152 164 118 172 16 76 158 89 51 83 152 119 152 35 
110 171 79 119 152 11 153 103 41 106 57 116 101 34 68 186 34 140 90 106 165 
61 27 113 1 37 133 59 15 80 70 19 42 84 186 119 52 185 179 93 178 96 
189 5 186 100 146 40 128 48 71 157 127 112 50 47 125 155 133 37 148 125 70 
66 67 146 27 154 101 1 33 167 37 123 18 144 30 50 114 139 118 113 69 115 
184 6 183 133 146 18 19 98 82 157 127 95 50 47 151 155 100 37 148 159 160 
34 10 30 27 74 62 88 11 11 144 112 70 66 142 37 120 100 188 48 30 57 
124 179 73 16 108 12 41 158 135 19 97 146 83 174 0 186 54 163 167 135 13 
190 48 7 74 70 35 79 158 171 156 22 132 67 67 17 91 115 103 179 136 184 
54 176 29 56 117 160 181 171 178 31 37 121 37 35 103 118 73 84 136 73 148 
83 56 42 103 56 133 168 11 93 125 170 111 148 126 27 66 13 76 83 178 136 
93 95 60 115 66 146 44 128 160 35 59 101 55 185 93 148 113 78 93 3 67 
161 4 158 109 26 112 183 117 141 32 45 122 108 50 89 77 4 98 170 30 80 
132 86 61 111 65 132 61 35 175 100 175 100 35 115 166 177 73 184 33 93 160 
67 112 159 129 94 30 61 48 39 69 30 180 148 13 90 123 9 178 27 189 167 
149 37 152 40 43 1 151 117 136 146 0 98 48 67 67 29 106 80 52 35 41 
54 176 101 56 117 160 39 171 166 31 37 94 37 35 103 118 73 171 136 73 148 
186 95 27 144 2 4 85 171 161 100 45 142 100 26 10 16 51 88 27 103 46 
190 146 189 72 46 67 146 90 94 53 143 39 63 39 148 115 61 94 71 89 54 
133 184 67 20 75 123 5 45 56 46 75 154 27 14 154 127 131 135 41 27 148 
132 77 46 178 138 178 14 56 104 52 118 170 167 136 111 117 111 117 181 39 187 
83 175 154 8 100 165 146 75 50 117 34 42 148 148 106 15 150 116 113 126 128 
20 69 153 167 184 63 70 40 35 30 54 118 9 30 57 147 83 80 72 169 32 
102 171 79 119 126 11 128 66 41 106 57 116 29 137 68 186 137 42 179 61 5 
61 27 113 1 37 133 20 36 50 160 53 136 84 131 119 52 7 90 4 178 45 
93 95 145 115 141 146 44 19 70 35 20 15 174 143 93 148 113 38 4 3 67 
171 65 125 30 63 158 79 84 161 140 42 18 113 11 184 146 164 16 27 82 157 
137 1 50 106 175 51 35 30 150 3 149 166 5 176 120 67 160 100 47 170 70 
75 101 87 132 114 29 27 47 178 65 182 4 63 162 27 174 187 160 167 75 11 
75 146 148 190 185 48 190 143 154 17 39 37 98 35 179 128 119 182 175 117 47 
188 32 41 148 20 37 24 157 189 68 165 169 20 125 4 135 69 160 142 104 175 
120 31 54 170 118 148 109 153 41 35 151 187 29 51 184 56 179 24 83 121 178 
88 11 185 117 68 117 74 148 71 67 189 123 11 59 146 164 186 23 80 138 38 
69 67 69 112 87 148 171 131 67 174 100 41 34 43 173 87 1 47 40 124 146 
146 39 166 12 100 4 32 22 59 54 135 45 3 37 47 167 84 13 92 67 68 
38 146 148 89 143 48 190 143 154 169 39 37 98 35 120 128 132 157 175 117 61 
20 188 36 28 152 0 65 45 22 37 40 115 39 119 35 27 69 148 115 123 94 
94 36 115 94 155 124 102 15 34 114 148 32 28 25 54 115 180 165 183 11 56 
98 107 146 21 185 114 67 135 98 190 1 124 37 115 77 40 113 37 27 132 30 
37 92 157 117 170 33 6 126 188 176 81 16 123 158 190 60 83 152 132 152 35 
120 96 54 149 118 148 120 128 41 35 111 187 36 110 184 89 90 24 83 94 166 
137 30 80 106 175 60 35 30 94 87 169 166 5 176 90 67 160 100 47 169 160 
19 146 144 148 109 37 52 117 133 108 32 182 56 55 63 77 133 27 12 73 63 
181 53 75 84 124 1 48 127 92 71 34 109 93 50 139 146 48 50 172 100 84 
87 57 81 69 138 165 132 49 142 73 57 35 141 101 66 170 118 126 100 89 149 
14 12 128 10 184 63 160 144 35 30 54 176 32 1 113 87 33 80 141 169 112 
44 33 117 125 91 23 35 117 186 174 125 162 137 46 179 5 123 72 78 100 166 
133 74 188 154 83 67 158 33 34 160 13 184 27 118 42 87 148 63 148 16 27 
110 84 23 119 126 11 128 141 41 47 113 116 36 137 21 131 137 136 90 106 6 
141 67 146 27 167 101 1 83 167 37 2 40 18 1 50 2 99 118 57 24 157 
152 51 178 73 146 10 131 184 107 160 146 119 90 146 166 175 146 15 165 10 138 
153 146 40 148 120 37 77 117 177 162 95 182 190 55 158 161 177 27 69 41 158 
127 83 117 125 97 23 35 117 183 174 159 162 137 46 90 26 114 72 75 100 178 
83 175 154 64 133 6 146 38 80 117 137 65 148 148 155 101 121 142 57 152 128 
132 52 175 166 0 166 20 190 121 52 118 149 10 42 125 117 151 117 39 181 187 
190 146 184 66 46 67 146 179 104 53 143 39 63 107 148 182 47 121 91 89 54 
71 181 175 159 119 126 172 80 103 81 144 128 56 143 127 142 111 71 34 75 28 
79 11 185 117 180 117 18 148 62 67 189 76 11 92 146 188 186 79 80 0 75 
89 146 189 141 175 67 146 179 94 19 185 181 158 181 148 157 106 104 71 190 54 
184 5 131 100 146 40 53 48 91 182 172 112 50 47 151 106 100 37 148 125 70 
31 112 73 148 59 37 24 182 189 135 6 169 92 111 93 43 24 70 116 104 46 
61 27 57 30 37 133 14 29 80 70 153 65 84 186 132 161 185 109 93 178 96 
53 146 18 148 109 37 77 117 100 3 112 157 56 174 63 161 177 27 24 41 63 
119 79 61 151 140 132 106 35 46 133 175 177 35 115 178 133 41 184 33 4 70 
67 175 104 110 21 149 18 23 46 73 12 106 148 149 100 6 84 142 85 3 37 
56 146 189 141 175 67 146 90 94 19 143 181 63 39 148 157 61 121 62 89 54 
184 165 131 133 146 40 53 48 97 157 81 32 80 61 111 61 177 37 148 125 70 
11 2 81 83 80 141 181 100 149 190 54 146 6 161 122 46 122 49 138 99 119 
189 165 183 177 146 74 53 48 91 182 81 95 50 155 159 155 133 37 148 187 70 
14 96 15 122 126 0 65 31 172 37 40 182 107 119 35 27 24 148 182 114 150 
53 59 172 37 5 152 84 97 132 65 73 50 37 154 35 106 118 116 20 41 105 
128 146 18 148 179 37 77 117 177 87 163 157 56 174 158 161 177 27 69 41 63 
37 92 182 117 17 33 165 152 31 176 81 124 76 63 56 51 33 152 119 126 35 
182 37 103 4 27 87 182 0 189 142 107 115 10 18 16 166 62 4 142 137 84 
112 54 178 19 183 39 17 188 161 115 66 11 65 188 21 17 46 6 155 79 27 
52 4 63 179 6 112 58 117 141 163 45 122 162 50 89 52 4 48 170 1 50 
4 112 145 157 66 146 172 128 160 35 92 101 49 185 93 148 113 85 93 162 67 
19 146 74 148 179 37 161 117 100 108 163 182 56 174 63 52 177 27 69 73 63 
38 101 3 132 2 29 27 47 166 140 115 93 158 108 27 49 151 160 167 78 11 
190 98 143 74 160 35 88 63 84 168 127 132 67 67 149 82 115 103 120 42 184 
164 83 182 70 178 112 156 123 49 6 176 19 134 46 146 171 67 146 112 94 85 
54 118 101 56 117 160 107 84 166 164 37 94 37 35 66 176 73 84 140 73 148 
109 188 54 169 176 148 90 19 41 35 111 159 15 51 184 89 120 12 83 121 166 
22 83 117 159 62 88 35 117 131 174 125 3 137 46 179 26 114 141 38 100 166 
163 54 178 19 58 107 149 188 161 157 72 11 42 164 180 149 46 165 47 23 27 
32 49 30 60 151 15 11 142 166 117 152 142 118 135 27 35 94 157 81 148 126 
34 1 80 61 175 51 35 30 94 162 170 178 26 176 179 67 70 100 155 149 70 
100 189 67 173 75 123 6 188 56 175 78 167 27 14 167 81 58 43 41 27 148 
11 76 44 33 80 72 181 133 169 190 54 146 165 77 139 175 139 174 138 139 132 
153 59 22 37 26 126 171 71 119 140 41 50 37 154 35 61 118 142 59 41 156 
109 164 54 149 118 148 90 53 41 35 159 159 29 60 189 56 179 69 83 150 166 
114 103 3 155 73 83 160 125 4 75 73 87 0 1 178 105 53 184 53 49 176 
52 4 63 90 165 112 131 117 141 112 31 134 162 80 56 161 4 48 17 1 80 
150 29 157 104 106 124 102 29 137 114 148 112 28 86 54 115 135 6 186 11 190 
71 107 175 111 119 126 172 80 72 127 144 128 89 7 81 142 111 82 137 38 139 
7 77 56 146 114 27 118 67 59 104 9 136 17 66 60 54 127 50 4 50 169 
110 67 62 189 77 113 79 146 101 80 37 39 67 32 178 148 34 113 55 41 16 
29 161 58 152 19 49 55 27 148 37 33 53 143 117 67 27 65 58 137 175 189 
188 170 118 73 113 32 154 27 73 33 3 37 26 184 110 94 86 6 107 166 160 
58 126 148 6 112 78 176 128 105 104 116 149 178 184 15 171 135 157 156 30 33 
19 20 44 37 165 126 171 91 132 42 73 80 37 154 35 106 118 116 92 73 156 
32 54 166 153 183 181 169 45 77 182 103 11 136 96 180 169 175 165 61 23 27 
89 48 143 144 160 35 23 63 171 129 172 132 67 67 169 97 182 72 120 42 189 
71 181 175 151 132 126 22 50 141 44 40 153 190 7 44 116 187 62 34 85 139 
59 98 146 98 54 17 125 147 94 146 36 58 27 27 172 85 41 42 8 182 178 
76 72 3 47 73 33 70 159 93 78 41 108 8 30 178 129 128 184 153 49 118 
57 119 116 46 188 101 98 150 140 107 1 146 180 143 5 110 106 143 97 49 100 
155 27 57 1 37 133 20 36 80 160 53 136 84 131 119 52 185 120 4 178 45 
12 67 12 95 162 148 171 183 67 174 177 41 137 43 92 3 1 61 74 124 146 
112 174 30 110 159 29 11 116 178 117 126 142 176 43 27 35 150 115 81 148 152 
112 55 30 60 151 36 11 116 178 117 152 116 176 135 27 35 94 182 44 148 126 
48 107 146 135 7 2 67 180 98 190 1 16 37 157 52 40 57 37 27 132 1 
186 152 148 5 9 85 118 19 129 104 116 170 178 184 15 84 21 115 130 30 83 
45 33 157 160 178 95 129 2 49 26 176 53 134 46 146 84 67 146 163 94 85 
89 48 7 18 70 35 25 158 171 168 44 119 67 67 149 71 157 103 90 65 189 
51 84 86 119 152 11 53 66 41 155 57 142 36 137 21 183 137 136 90 155 5 
173 24 128 167 189 158 70 74 35 30 54 118 112 1 113 162 83 50 66 17 32 
67 163 159 168 104 1 155 48 181 12 30 43 148 8 120 123 112 166 27 184 154 
3 57 81 24 0 26 119 55 142 41 57 35 66 36 103 17 176 152 133 190 17 
190 48 143 74 70 35 79 158 84 129 172 132 67 67 149 71 157 103 109 140 184 
20 12 19 154 189 63 70 74 35 1 54 118 32 1 57 147 83 80 103 170 112 
172 33 117 159 91 23 35 117 183 49 151 87 34 175 179 5 2 141 75 100 166 
51 67 62 189 52 57 23 146 36 80 37 39 67 112 178 148 34 57 174 73 16 
37 19 53 105 187 41 37 67 85 136 98 70 67 50 16 147 12 76 170 161 95 
132 52 175 178 64 178 20 56 150 77 118 149 154 136 111 117 159 117 107 181 111 
179 188 54 170 176 148 109 128 41 35 151 111 101 51 189 89 120 24 33 104 166 
112 81 92 126 83 75 98 177 111 126 142 160 4 37 11 25 58 57 78 0 117 
11 123 127 83 50 66 181 133 169 56 54 146 5 77 28 175 139 55 13 134 132 
2 167 11 55 9 153 14 100 111 119 174 154 172 171 33 140 118 120 132 171 27 
24 118 93 61 126 152 113 184 121 184 146 67 119 43 167 141 29 40 80 33 54 
95 54 178 153 131 39 149 31 77 115 66 11 136 188 68 169 46 6 47 25 27 
76 72 87 47 73 33 70 159 93 38 41 108 13 30 166 168 128 184 19 174 176 
113 132 116 175 188 15 98 104 65 107 30 146 135 143 5 145 106 143 91 174 133 
69 67 24 9 108 148 171 186 67 49 100 73 137 68 173 3 1 47 144 16 146 
107 80 174 161 45 87 165 95 27 42 176 91 119 54 34 109 70 11 126 125 33 
34 30 50 106 46 60 35 1 150 108 170 166 5 176 179 67 70 177 47 169 70 
32 55 30 145 159 101 11 142 166 117 152 142 176 43 27 35 121 115 172 148 152 
7 161 56 146 2 27 118 67 14 104 95 140 169 141 102 54 22 80 4 80 169 
39 53 75 84 124 1 48 127 14 62 34 109 93 50 122 146 48 50 172 133 84 
114 103 147 47 73 83 160 111 4 85 73 3 13 30 166 168 128 184 128 55 118 
126 110 166 73 146 167 183 189 181 70 146 119 90 146 166 175 146 15 5 154 13 
23 11 185 117 21 117 74 148 82 67 184 76 11 14 146 164 186 25 80 13 85 
11 114 44 33 80 141 181 100 169 56 54 146 26 161 99 46 99 55 64 134 132 
52 4 63 179 6 112 186 117 66 95 164 139 147 80 190 52 4 48 170 30 80 
4 95 51 115 66 146 44 53 160 35 20 101 55 143 4 148 57 75 93 3 67 
34 10 1 27 144 62 79 11 11 144 112 70 141 116 37 109 100 31 48 30 57 
67 157 133 188 73 123 4 83 67 180 125 142 189 42 29 176 140 40 77 137 116 
107 50 55 77 188 87 6 32 27 65 118 97 119 54 137 179 160 11 152 125 83 
163 174 1 51 125 15 11 116 166 117 152 142 118 180 27 35 104 182 81 148 126 
24 176 93 61 152 152 113 184 94 184 146 67 119 68 10 141 15 74 80 83 54 
69 176 93 47 126 126 57 184 121 184 146 67 119 135 167 66 29 18 80 33 54 
67 175 150 51 135 170 40 25 175 41 69 47 148 17 100 6 171 116 85 162 37 
61 27 113 1 37 100 59 101 50 70 53 136 84 131 119 52 7 120 93 166 31 
37 59 157 117 17 33 26 152 188 118 44 16 2 158 56 60 33 126 119 152 35 
78 146 148 89 7 48 89 143 167 17 39 37 98 35 109 128 119 182 46 117 61 
171 136 151 30 63 63 23 171 161 140 65 144 57 11 184 146 31 124 27 91 182 
31 170 118 41 113 9 10 27 41 83 108 37 26 189 60 94 86 26 107 178 70 
188 33 182 70 166 163 129 114 55 6 176 53 122 46 146 171 67 146 112 104 85 
67 115 177 31 73 2 93 83 67 135 151 116 189 136 15 176 42 18 77 34 116 
128 59 172 37 165 152 171 62 119 65 41 80 37 167 35 106 118 142 20 41 105 
145 84 23 132 152 11 128 103 73 106 57 142 29 34 43 58 34 140 120 61 6 
100 189 67 173 78 114 26 164 89 46 78 154 27 92 10 44 58 43 73 27 148 
7 77 89 146 2 27 118 67 59 104 32 42 17 72 60 54 127 80 4 80 169 
98 107 146 43 7 2 67 135 48 56 1 16 37 182 52 40 57 37 27 119 30 
149 32 29 79 94 63 54 48 122 100 73 44 160 128 113 118 69 17 73 154 146 
37 19 153 130 111 73 37 67 38 42 48 160 67 80 124 147 12 2 169 161 112 
48 39 146 68 143 114 67 68 98 56 30 16 37 157 161 144 113 37 27 132 30 
114 103 147 106 41 83 160 151 93 38 41 162 13 1 166 129 128 184 53 174 118 
93 112 102 182 72 146 81 19 70 35 59 15 174 7 93 148 113 38 4 147 67 
169 95 29 23 121 63 54 98 99 100 73 172 70 53 57 176 12 169 73 167 146 
59 164 36 99 152 8 140 164 22 37 40 157 181 132 35 27 12 148 182 76 94 
