56 20
29 5 25 21 8 47 42 47 42 18 55 39 47 25 12 13 45 28 38 50 
31 6 28 25 1 46 47 14 47 55 30 26 55 50 47 47 48 54 47 22 
47 48 3 21 3 6 18 14 17 27 31 55 55 28 18 40 20 17 55 25 
47 43 2 21 25 12 18 14 51 43 41 49 14 54 18 10 20 28 35 25 
47 39 25 24 55 42 40 25 36 8 35 35 32 47 23 24 40 9 24 47 
47 11 2 23 49 24 33 50 40 53 35 35 32 47 46 7 40 32 46 47 
47 32 12 17 41 47 17 3 3 11 47 48 50 20 48 21 18 21 48 18 
55 5 6 3 34 9 53 21 6 35 37 53 14 3 28 49 38 17 1 5 
22 52 50 21 29 47 7 47 46 19 49 9 47 2 19 13 54 54 38 25 
47 31 2 23 14 42 33 3 33 22 49 14 41 47 7 44 33 11 23 47 
4 40 5 49 0 3 47 21 22 45 36 47 2 49 16 52 6 0 47 19 
47 41 50 7 49 34 33 50 10 53 35 55 11 47 24 23 33 39 23 47 
47 5 43 16 31 47 54 50 50 31 47 48 25 46 48 53 12 15 19 19 
47 5 12 51 4 47 17 2 3 39 47 13 25 7 43 15 13 26 43 18 
22 25 24 8 35 6 20 3 36 40 48 36 5 13 21 47 10 5 22 41 
21 9 25 8 8 47 44 47 20 48 35 11 47 3 19 6 51 17 54 50 
52 18 37 25 1 34 47 49 47 49 45 26 55 2 47 47 13 1 47 0 
11 48 16 25 54 24 47 49 47 14 38 22 14 50 47 47 18 37 47 0 
47 32 48 37 11 47 30 2 3 32 47 13 25 44 48 26 19 21 13 6 
47 39 13 37 41 47 45 2 50 41 47 48 3 23 12 22 6 0 27 6 
14 39 18 25 44 4 21 22 13 55 28 26 35 25 30 55 30 38 28 4 
15 39 2 53 21 47 23 47 20 19 14 9 47 50 13 19 17 1 54 50 
21 11 2 29 0 47 44 47 34 13 14 41 47 3 48 6 51 38 30 50 
49 32 13 50 20 39 15 0 13 14 54 8 14 2 30 55 30 54 37 52 
55 52 48 3 46 4 21 53 13 35 51 15 14 2 30 35 1 38 17 4 
47 27 2 22 25 18 43 55 37 27 31 49 49 51 13 36 42 38 49 3 
26 4 25 29 8 47 44 47 46 48 49 31 47 3 6 13 30 28 17 50 
47 4 48 37 11 47 28 2 50 52 47 19 3 7 43 8 12 0 43 12 
9 13 30 25 54 7 47 35 47 55 45 0 55 50 47 47 19 45 47 21 
8 9 2 0 8 47 23 47 46 43 55 11 47 50 48 13 45 37 17 50 
9 19 54 3 45 44 47 35 47 49 45 0 49 3 47 47 48 17 47 0 
47 5 3 46 14 34 40 3 36 22 14 14 5 47 24 7 33 41 24 47 
47 5 2 7 35 7 40 50 36 53 35 55 9 47 42 24 10 31 34 47 
9 10 32 14 22 50 47 8 29 1 40 47 50 55 1 32 6 21 47 48 
35 31 6 50 24 32 0 22 27 55 54 22 49 50 17 14 37 30 1 5 
21 2 24 15 55 48 20 25 36 36 43 10 31 6 53 47 36 5 0 39 
39 40 11 49 29 2 47 22 53 38 40 47 25 49 17 52 27 53 47 13 
41 48 37 3 28 20 47 49 47 14 17 29 14 50 47 47 48 28 47 26 
52 18 1 25 45 34 47 35 47 35 54 15 14 25 47 47 6 38 47 22 
47 11 50 46 55 44 36 2 33 21 49 35 5 47 46 23 33 31 23 47 
9 36 39 49 29 25 47 29 0 1 33 47 2 49 45 52 12 53 47 43 
47 4 25 34 14 24 40 25 10 22 55 35 41 47 7 7 33 39 24 47 
55 52 27 25 42 41 0 26 13 55 51 0 35 3 16 49 54 30 28 9 
47 5 43 54 52 47 54 3 50 4 47 43 3 44 43 15 48 26 13 6 
55 11 43 3 24 31 15 53 6 14 51 0 14 25 30 55 16 16 51 32 
9 48 38 50 38 34 47 14 47 14 1 53 55 50 47 47 12 54 47 26 
55 32 18 3 42 5 8 15 13 35 30 0 35 2 17 55 1 30 30 11 
47 26 17 47 53 14 34 8 44 25 24 25 14 40 27 42 29 35 41 47 
47 11 6 38 5 47 38 25 3 31 47 6 3 46 18 8 18 15 19 48 
0 3 7 53 35 6 24 50 33 36 12 10 32 27 26 47 10 4 26 39 
47 27 3 22 3 27 27 49 51 13 11 55 49 17 19 40 7 17 35 50 
41 43 51 25 54 46 47 14 47 35 17 22 49 25 47 47 48 54 47 15 
47 5 25 20 35 20 36 50 10 22 55 14 32 47 46 23 10 32 34 47 
22 11 50 15 29 47 23 47 23 6 14 52 47 25 27 48 54 37 45 2 
9 48 51 50 17 7 47 14 47 49 17 15 35 3 47 47 13 17 47 21 
21 2 23 22 14 18 24 3 40 36 18 33 52 27 21 47 36 9 8 5 
