495 1
333 
333 
261 
214 
480 
449 
243 
459 
52 
222 
351 
418 
454 
185 
306 
333 
62 
125 
385 
467 
306 
423 
470 
281 
154 
214 
122 
433 
433 
167 
161 
225 
295 
372 
58 
261 
457 
432 
89 
320 
16 
269 
394 
89 
300 
151 
388 
89 
210 
391 
123 
157 
306 
456 
427 
295 
333 
207 
363 
100 
263 
306 
405 
225 
103 
31 
420 
153 
116 
77 
27 
485 
177 
134 
260 
427 
142 
329 
69 
431 
198 
169 
353 
363 
116 
389 
319 
391 
22 
79 
467 
83 
160 
116 
77 
263 
384 
9 
479 
193 
322 
96 
54 
433 
380 
118 
372 
393 
36 
398 
313 
77 
467 
467 
298 
249 
196 
320 
290 
479 
471 
325 
4 
143 
125 
343 
170 
135 
40 
384 
21 
454 
412 
328 
88 
36 
319 
300 
40 
167 
160 
340 
402 
376 
116 
263 
143 
116 
84 
203 
256 
297 
64 
16 
467 
319 
459 
158 
164 
423 
488 
484 
351 
97 
26 
398 
441 
396 
384 
16 
363 
278 
317 
125 
179 
18 
313 
72 
389 
362 
141 
391 
454 
100 
384 
261 
481 
340 
26 
475 
77 
134 
370 
201 
310 
153 
224 
151 
68 
325 
302 
177 
118 
483 
214 
54 
424 
378 
481 
89 
482 
93 
28 
199 
368 
166 
293 
78 
459 
295 
134 
459 
428 
451 
116 
256 
150 
301 
33 
170 
412 
170 
320 
459 
32 
468 
198 
209 
321 
21 
301 
300 
116 
134 
381 
311 
201 
159 
364 
83 
19 
296 
451 
384 
109 
433 
281 
66 
150 
125 
244 
123 
18 
221 
44 
391 
349 
116 
214 
381 
40 
311 
371 
417 
253 
40 
165 
108 
378 
412 
345 
271 
310 
121 
209 
143 
371 
134 
432 
461 
201 
459 
151 
383 
125 
149 
36 
249 
467 
134 
211 
408 
42 
209 
333 
83 
123 
125 
54 
333 
240 
92 
94 
444 
91 
342 
168 
36 
116 
246 
264 
75 
298 
108 
19 
185 
158 
383 
133 
428 
40 
454 
75 
178 
146 
134 
333 
298 
278 
311 
337 
400 
421 
433 
99 
4 
491 
118 
484 
44 
206 
141 
209 
69 
381 
198 
305 
368 
374 
417 
378 
343 
428 
125 
134 
484 
134 
391 
455 
44 
116 
484 
338 
122 
167 
322 
493 
278 
4 
134 
415 
148 
311 
79 
356 
21 
64 
116 
75 
300 
153 
198 
201 
431 
222 
18 
371 
463 
298 
58 
286 
428 
351 
143 
199 
62 
18 
448 
79 
133 
243 
85 
211 
448 
461 
467 
456 
365 
91 
325 
263 
418 
312 
351 
60 
371 
311 
167 
445 
159 
310 
401 
482 
351 
417 
69 
98 
98 
358 
157 
64 
144 
433 
243 
487 
467 
331 
269 
478 
340 
33 
9 
122 
371 
334 
261 
240 
144 
469 
23 
319 
160 
408 
300 
78 
7 
226 
350 
314 
456 
225 
108 
7 
313 
50 
420 
11 
312 
311 
269 
360 
337 
391 
421 
449 
285 
312 
396 
311 
312 
380 
475 
463 
177 
269 
