244 23
214 202 135 43 239 37 11 124 236 35 55 137 188 210 62 100 105 141 13 169 192 102 50 
44 109 12 238 137 139 156 68 165 103 107 191 130 68 12 23 12 39 14 24 192 84 77 
20 202 210 139 158 222 4 163 125 115 90 52 225 109 94 223 227 12 179 139 201 89 60 
39 106 229 106 109 129 110 12 36 142 145 66 29 120 81 50 54 73 27 156 242 16 7 
76 77 13 131 139 49 87 181 80 124 79 43 239 148 210 175 74 135 142 147 43 224 180 
122 42 137 71 51 135 123 213 214 108 213 194 79 1 24 35 198 23 213 59 229 168 33 
170 106 81 106 12 17 25 12 36 142 145 91 21 153 229 133 28 119 27 138 242 114 7 
209 116 136 74 111 104 62 90 56 105 219 118 34 207 210 126 124 70 10 137 189 14 205 
51 202 183 191 155 122 201 69 117 103 143 105 146 106 11 50 81 25 40 24 177 147 144 
177 63 55 56 10 24 93 31 147 187 156 169 182 104 93 32 195 172 41 175 224 56 155 
79 197 104 107 169 68 145 224 74 98 211 32 184 122 229 175 210 122 215 143 86 103 24 
196 174 182 63 187 205 218 125 237 171 169 54 103 25 171 124 118 113 24 32 133 100 146 
81 55 79 56 214 192 54 121 144 74 231 147 163 118 106 208 147 156 142 40 211 164 152 
74 161 38 117 24 221 204 55 201 21 95 145 145 211 151 131 60 151 23 112 114 181 1 
155 100 59 148 223 138 223 48 85 155 78 224 190 215 68 0 237 223 45 201 96 141 68 
198 84 93 176 135 225 172 141 82 220 231 3 31 198 57 134 140 165 100 142 86 155 37 
178 134 218 0 93 225 211 105 63 142 101 50 210 218 84 211 74 112 102 21 27 145 67 
74 232 217 106 24 240 40 55 226 21 183 145 145 211 151 222 60 60 23 5 16 181 189 
56 150 121 95 35 25 23 159 176 56 48 211 150 41 83 104 201 73 174 193 243 229 69 
122 31 137 71 51 135 47 213 214 72 213 167 79 1 24 87 198 23 213 79 81 183 9 
56 239 81 161 36 198 35 99 107 73 74 10 77 150 73 156 146 35 8 130 119 206 186 
227 70 213 241 125 231 192 139 207 39 146 122 171 67 7 140 105 24 138 132 155 234 201 
177 63 55 56 10 24 93 31 147 187 156 105 186 187 93 32 83 40 41 141 224 56 155 
50 122 75 120 32 195 147 24 120 184 216 214 208 231 74 46 9 55 93 99 130 237 236 
48 11 213 42 117 117 62 15 146 134 81 122 39 124 155 161 2 75 124 15 10 95 137 
182 62 134 233 102 164 101 184 98 46 0 16 137 122 51 242 121 66 74 51 110 50 167 
186 126 134 233 102 48 181 184 98 46 188 114 137 122 51 242 121 8 74 51 110 133 167 
221 122 214 96 34 121 170 158 133 201 167 192 214 58 239 202 162 61 29 51 56 157 24 
163 125 92 104 239 49 216 83 101 202 92 53 60 217 170 175 206 72 182 186 55 49 57 
228 70 213 44 125 130 192 139 12 39 114 122 171 176 7 140 169 24 156 37 155 234 226 
56 239 229 57 43 96 87 99 107 73 74 10 77 98 119 156 146 87 8 60 73 152 182 
57 147 1 205 92 136 203 226 79 96 62 55 17 8 202 50 51 171 21 132 167 122 24 
112 30 39 145 10 213 122 238 167 239 96 45 125 73 141 207 39 117 95 59 167 186 85 
177 48 55 56 10 24 93 42 147 104 138 105 182 187 93 32 90 46 208 141 224 56 155 
164 150 182 56 177 117 24 23 74 49 236 102 116 237 215 222 100 124 107 201 51 230 65 
139 163 223 3 68 223 235 10 53 105 43 192 139 12 161 228 89 103 122 56 55 15 71 
137 50 38 103 139 20 139 155 100 169 115 155 12 31 177 137 126 139 239 74 126 51 180 
68 45 223 37 141 96 208 47 141 68 131 101 229 42 194 220 221 208 144 55 131 177 74 
73 145 233 201 24 159 215 178 31 147 239 223 140 225 165 207 55 140 175 214 41 162 37 
122 23 83 121 47 154 93 60 1 32 114 134 54 135 210 100 53 43 159 226 203 180 125 
175 236 81 173 90 38 76 147 4 213 150 241 169 213 134 56 80 138 97 223 34 188 14 
133 129 38 90 173 19 150 25 190 178 101 109 96 65 222 122 147 167 198 224 155 32 139 
232 147 219 205 6 75 203 226 79 198 126 55 17 8 215 50 51 171 21 37 194 122 24 
137 50 65 103 139 20 139 155 100 105 80 155 109 31 177 137 126 139 239 74 62 51 180 
79 100 227 39 50 242 107 177 127 10 53 21 55 165 55 175 192 202 22 104 45 124 223 
155 100 79 237 223 156 223 164 85 155 78 224 72 202 68 0 4 223 14 226 198 175 68 
141 118 81 173 195 38 44 147 178 213 236 154 105 213 134 56 242 138 89 223 82 88 14 
74 193 74 200 76 6 81 56 226 210 216 135 180 39 182 32 84 213 192 67 171 240 145 
122 18 100 140 213 103 188 156 224 158 67 93 221 27 224 63 177 41 24 50 78 134 72 
92 194 154 111 140 100 145 119 24 96 14 70 76 214 177 139 125 174 172 119 96 208 174 
181 187 119 241 43 182 217 42 87 47 101 36 76 187 223 133 116 159 146 146 17 47 160 
177 223 172 115 239 159 42 68 15 109 134 32 7 29 11 118 19 11 79 15 112 6 242 
2 63 102 218 7 119 195 157 79 24 158 230 200 35 177 35 142 200 104 83 48 164 122 
229 203 70 107 24 68 109 227 76 71 1 54 240 91 124 10 169 28 28 173 223 10 152 
152 125 6 187 239 80 94 90 101 215 92 86 151 38 170 175 206 18 186 186 55 242 161 
160 122 116 100 192 224 121 122 167 210 209 52 118 104 125 125 216 14 214 78 219 96 35 
226 194 37 182 139 230 11 83 200 32 125 64 48 71 159 147 197 190 68 185 14 159 131 
149 9 172 240 68 169 31 38 8 169 12 56 203 157 83 105 26 67 223 184 90 103 223 
203 171 75 74 205 104 62 90 56 169 219 98 167 12 210 126 124 235 10 137 219 14 205 
90 122 61 19 10 194 135 41 94 157 214 216 15 111 56 193 200 84 81 52 41 188 99 
64 23 107 155 50 61 125 88 230 50 28 224 214 68 12 240 210 103 36 220 60 194 68 
157 58 61 14 162 213 155 144 122 52 222 52 50 224 46 106 116 193 93 224 76 122 178 
17 61 74 179 142 200 134 225 235 128 125 137 27 86 66 81 195 11 50 127 24 144 73 
122 108 100 140 213 103 188 138 224 158 67 93 240 27 224 48 177 208 24 133 163 134 18 
177 63 55 56 10 24 93 31 147 104 156 105 186 187 93 32 90 46 41 141 224 56 155 
73 145 233 226 24 159 215 4 42 147 239 223 58 225 185 207 55 58 141 214 208 162 37 
84 202 168 191 155 122 201 228 106 103 176 169 16 117 11 133 229 26 46 24 177 147 144 
15 28 175 54 169 12 43 55 127 147 148 37 70 129 207 155 124 80 170 83 103 86 70 
168 103 94 147 210 122 141 184 132 11 52 135 143 215 27 169 156 23 179 137 37 196 63 
181 47 39 104 169 70 54 104 121 91 77 49 145 98 58 111 122 120 205 41 54 239 56 
214 223 101 170 180 89 177 51 132 229 199 221 210 143 154 24 32 100 187 75 81 198 98 
133 122 136 120 32 83 147 24 120 99 166 214 41 60 74 172 64 55 93 99 231 148 98 
56 118 212 199 35 26 71 29 67 56 63 211 150 208 195 104 226 73 174 221 129 229 227 
44 142 132 139 56 35 207 56 27 225 167 145 100 135 223 124 41 17 141 62 42 151 223 
56 224 124 162 107 241 93 68 224 184 206 68 55 239 61 143 117 45 121 8 164 103 31 
237 221 208 73 11 145 224 231 40 57 124 212 158 237 202 238 134 166 200 27 38 39 50 
79 100 227 39 50 115 107 177 185 10 86 21 55 185 55 175 192 215 64 104 45 124 223 
184 3 60 236 10 62 111 105 73 211 46 210 226 27 86 44 205 185 43 241 28 214 201 
124 105 82 128 132 88 186 25 125 182 211 41 161 56 163 52 99 142 103 96 239 198 101 
83 122 61 112 10 167 135 41 216 225 214 149 144 205 56 221 123 51 229 180 41 0 184 
3 167 241 205 140 100 145 73 24 96 14 70 44 214 177 139 125 174 46 73 198 208 174 
142 36 183 206 79 142 86 64 134 38 210 103 115 101 58 71 112 196 238 228 238 56 223 
164 150 186 56 177 106 24 71 74 80 236 218 116 148 202 89 100 124 107 201 51 230 38 
166 38 93 121 211 147 93 59 75 27 236 224 161 26 103 240 222 41 41 193 53 241 192 
177 223 172 242 239 159 31 68 15 12 134 32 58 21 11 150 196 11 79 144 112 6 115 
229 203 235 107 24 68 12 69 44 71 189 54 240 234 124 10 169 28 54 2 223 10 78 
81 209 235 107 24 68 109 227 44 71 1 28 193 91 124 10 105 54 54 2 223 10 78 
139 152 223 6 68 223 191 10 85 105 36 192 139 12 232 69 131 103 122 56 55 144 71 
214 215 135 43 239 37 11 124 150 87 55 137 188 210 126 100 105 141 13 169 192 102 50 
168 145 72 93 212 213 52 207 205 10 122 116 160 109 198 205 155 211 96 113 208 40 71 
94 65 93 121 211 147 93 59 75 27 150 224 161 110 103 193 131 208 208 221 85 241 192 
51 215 168 235 155 122 201 228 117 103 143 105 114 106 11 133 229 26 40 24 177 147 15 
39 117 81 106 12 13 25 207 36 142 145 91 21 128 81 133 28 73 27 138 242 16 140 
106 27 15 146 135 210 74 56 52 141 189 61 154 211 56 32 116 211 126 234 125 210 52 
178 172 126 41 174 71 54 21 42 128 24 153 213 193 212 144 107 181 213 141 176 108 75 
7 155 229 229 191 205 75 231 192 67 135 45 41 124 189 145 36 171 124 107 77 79 13 
2 11 24 227 57 15 126 102 118 51 14 68 122 177 222 210 202 213 65 239 93 104 28 
183 145 72 93 212 213 180 12 111 10 122 171 160 12 198 205 155 211 96 174 41 46 71 
116 56 195 106 111 236 73 22 147 122 56 137 99 98 137 19 132 122 0 6 67 73 61 
176 104 41 105 66 68 147 59 27 112 233 62 191 138 36 27 120 191 63 184 175 202 68 
21 116 230 164 14 145 33 85 52 55 209 169 140 12 87 183 117 218 93 57 125 44 90 
213 221 135 139 142 183 74 143 96 74 16 138 52 9 109 137 117 54 184 90 24 224 240 
81 15 5 239 122 187 75 169 56 224 174 10 54 8 218 186 103 107 209 107 50 190 106 
204 25 192 146 164 55 107 214 133 58 181 155 212 99 242 218 161 238 143 75 122 181 1 
74 177 166 42 53 151 211 138 133 130 99 204 197 33 28 171 177 24 93 85 194 77 151 
189 55 164 145 205 122 224 237 43 74 211 53 99 42 152 66 143 21 190 5 125 229 134 
170 86 221 84 213 76 11 200 209 61 155 213 134 23 74 126 46 93 142 74 41 32 217 
239 133 103 76 93 204 62 27 118 77 122 193 68 95 208 26 15 177 218 27 87 121 117 
56 118 212 95 87 25 71 159 67 56 63 211 236 41 83 187 201 119 160 240 17 229 69 
81 55 59 56 214 192 28 212 15 74 231 147 78 236 117 208 147 156 142 46 211 48 206 
182 62 134 233 218 164 181 99 98 172 179 114 137 122 84 49 121 8 74 51 26 50 34 
54 207 2 69 93 68 1 214 65 235 161 118 225 103 100 125 73 134 187 180 52 227 102 
122 42 137 71 84 135 123 213 214 108 213 34 59 189 24 87 96 23 213 79 81 183 64 
74 77 139 55 27 3 100 102 128 107 215 26 47 198 120 107 184 41 160 166 32 224 17 
148 134 102 88 93 225 211 169 164 142 101 133 210 218 51 211 74 112 102 21 27 145 176 
92 82 76 111 140 100 145 119 24 198 14 235 76 214 177 139 125 113 172 119 96 41 160 
211 138 100 109 10 63 40 0 196 25 63 1 222 168 19 54 48 137 200 165 54 184 188 
39 86 221 51 213 154 11 200 203 61 155 213 134 71 74 126 40 93 142 74 41 32 217 
116 56 83 117 205 236 119 33 147 122 56 137 184 150 137 112 37 122 179 6 176 119 197 
76 142 37 139 56 35 207 56 27 157 82 145 100 135 223 124 208 129 141 62 31 231 223 
171 12 226 109 148 104 59 91 173 55 3 109 107 107 24 41 169 86 121 186 24 15 177 
235 1 28 101 213 112 107 184 170 236 75 78 83 206 52 116 35 169 189 1 123 142 28 
218 23 77 170 228 124 154 138 239 184 216 170 73 172 147 75 1 74 105 223 158 43 55 
74 240 74 47 154 92 229 56 201 210 149 135 180 39 182 32 51 213 192 143 116 193 145 
169 32 139 96 131 111 164 46 150 220 73 174 181 152 120 71 177 82 24 224 41 68 163 
30 58 217 90 59 140 198 16 218 110 113 140 134 142 152 155 159 162 74 147 168 134 35 
17 197 74 188 142 200 134 157 70 153 125 137 27 86 91 81 83 11 133 238 24 144 119 
139 192 107 147 74 243 54 171 123 227 36 213 107 213 29 135 226 1 101 239 236 144 20 
116 12 226 207 237 104 79 66 209 55 6 207 107 107 24 208 169 86 212 186 24 15 177 
74 220 217 117 24 193 172 55 201 29 95 145 145 211 60 89 130 231 71 112 146 101 219 
64 23 107 155 50 197 125 179 92 133 28 224 214 68 207 240 210 103 36 232 130 194 68 
168 145 108 93 121 213 180 207 205 10 122 171 113 109 198 111 155 211 198 160 41 46 23 
68 14 223 132 141 198 41 123 141 68 131 101 81 31 194 232 193 41 15 55 131 177 74 
181 187 73 76 43 186 38 42 87 200 181 36 241 187 223 50 116 21 16 146 17 123 113 
177 192 111 9 56 78 224 7 208 30 147 110 59 218 143 122 92 85 155 169 23 243 32 
56 71 157 136 174 119 210 174 12 177 66 100 29 224 170 68 243 117 55 212 62 170 107 
148 240 208 73 11 145 224 151 204 57 124 121 162 148 215 127 134 166 47 27 65 39 50 
124 210 158 31 120 132 20 73 155 189 123 20 199 197 160 220 108 1 101 11 112 145 144 
52 145 135 161 22 241 144 187 24 215 153 37 117 151 187 192 1 33 162 205 239 210 134 
197 92 136 25 75 14 148 185 186 62 122 177 147 7 56 237 239 27 4 209 9 119 84 
173 171 75 74 111 187 62 83 56 105 189 236 34 207 210 126 124 235 10 137 219 14 111 
52 145 105 84 24 30 90 169 6 228 139 210 192 229 147 135 210 68 156 105 29 101 223 
235 13 96 116 38 49 222 142 108 56 27 214 155 107 48 229 139 155 232 14 212 45 137 
144 54 141 54 169 109 43 55 185 147 148 37 70 243 12 155 124 49 170 195 103 53 70 
96 84 93 143 135 225 172 175 34 232 151 6 31 198 57 134 7 185 100 142 53 155 37 
105 187 147 98 71 56 135 7 38 54 77 56 124 197 52 111 1 87 184 221 14 185 68 
148 134 102 0 93 157 211 105 48 142 181 133 210 218 51 211 74 196 218 159 27 145 176 
7 125 108 75 110 148 79 110 180 197 239 141 234 107 5 192 199 69 31 168 122 91 28 
241 77 17 89 139 80 35 181 115 124 59 43 239 4 210 175 74 135 142 147 36 224 180 
148 46 126 41 174 71 28 21 31 128 24 120 213 240 121 15 107 101 213 175 176 72 136 
171 56 83 106 205 236 119 64 147 122 56 137 184 150 137 5 37 122 179 92 143 119 61 
9 23 107 155 133 61 125 0 6 133 28 224 214 68 109 221 210 103 43 232 60 34 68 
124 169 82 153 132 179 186 26 125 182 211 208 220 56 163 180 184 142 103 198 239 96 181 
116 207 226 12 4 187 59 234 203 55 3 109 107 107 24 41 105 86 121 182 24 144 177 
79 100 228 39 50 242 107 177 185 10 85 29 55 185 55 175 192 215 22 187 45 124 223 
237 60 146 114 188 75 77 48 65 120 24 183 170 31 155 93 94 227 228 235 32 175 135 
180 145 135 232 22 44 15 187 24 215 153 37 117 231 104 192 1 64 158 205 239 210 134 
81 122 144 133 109 74 126 28 131 54 142 170 200 224 188 182 111 221 178 27 197 225 108 
45 93 155 75 122 11 223 175 147 219 232 102 147 38 141 22 231 183 74 195 117 39 177 
69 235 213 154 125 130 192 139 109 170 114 122 171 67 140 58 169 24 156 132 155 8 201 
74 77 139 55 27 6 100 218 153 107 202 110 200 198 128 107 99 41 160 166 32 224 13 
166 22 172 193 68 169 31 217 8 105 207 56 209 157 195 105 110 67 223 184 83 103 223 
14 93 155 75 122 11 223 141 147 189 161 218 147 65 175 22 151 95 74 90 106 39 177 
124 105 167 128 132 188 186 110 125 182 211 208 161 56 206 180 99 142 103 198 239 96 101 
122 190 100 7 213 103 179 138 224 158 143 93 221 27 224 164 177 41 24 50 78 134 18 
139 192 107 147 74 13 54 171 200 227 43 213 107 213 159 135 226 1 181 239 118 15 20 
148 46 126 41 174 71 28 159 31 153 24 120 213 193 121 15 107 181 213 175 67 190 136 
48 118 186 56 177 106 24 71 74 80 236 102 171 178 215 89 100 124 107 201 51 230 65 
58 155 81 229 191 205 136 151 192 176 135 45 208 124 189 145 36 116 124 107 77 59 129 
189 55 48 145 111 122 224 178 43 74 211 86 99 42 206 91 67 159 18 112 125 81 134 
122 71 90 212 200 44 93 151 189 32 146 134 54 135 210 100 53 36 159 201 203 52 125 
211 156 100 12 10 48 40 88 5 26 63 189 89 199 19 54 48 137 47 127 54 184 0 
175 150 229 2 83 65 76 147 237 213 98 76 105 213 134 56 80 138 89 223 167 179 14 
30 215 210 139 158 222 237 152 125 49 195 180 225 109 216 223 69 207 0 139 226 222 231 
74 77 139 55 27 230 100 102 128 107 202 25 47 198 153 107 99 41 113 94 32 224 13 
180 145 169 51 24 20 83 105 3 69 139 210 192 229 147 135 210 68 156 169 29 181 223 
15 54 141 28 105 12 43 55 127 147 4 37 235 129 12 155 124 80 170 195 103 53 70 
107 28 100 116 224 141 104 11 138 117 124 221 94 154 36 52 125 210 71 15 10 104 152 
154 77 17 89 139 49 35 181 80 124 59 43 239 148 210 141 74 135 142 147 36 224 52 
214 215 135 43 239 132 11 124 150 35 55 137 88 210 62 100 169 141 129 105 192 218 133 
209 164 218 102 7 119 83 157 79 24 162 230 200 35 177 87 142 47 104 90 164 48 122 
213 193 135 139 142 95 74 143 198 74 16 156 52 64 109 137 117 28 184 195 24 224 221 
214 239 29 38 145 205 124 26 236 77 211 163 107 93 177 228 147 53 213 28 47 228 41 
7 155 81 81 70 111 136 60 192 67 135 45 41 124 1 145 36 116 124 107 77 79 243 
67 187 208 105 234 68 147 59 27 19 30 126 70 156 43 27 120 191 164 184 175 215 68 
139 192 107 147 74 13 54 171 47 227 36 213 107 213 159 135 201 189 181 239 118 144 30 
214 239 29 217 145 111 124 26 236 77 211 206 107 93 177 227 147 53 213 54 123 228 208 
74 177 94 31 53 60 211 156 50 231 99 172 61 22 28 116 177 24 93 85 194 77 231 
214 215 135 36 239 132 11 124 150 87 55 137 179 210 62 100 105 175 243 169 192 102 133 
76 12 109 238 137 139 138 68 185 103 107 235 231 68 207 71 109 39 45 24 192 51 77 
56 150 121 183 35 25 71 21 176 56 164 211 98 208 83 104 201 73 174 221 17 229 228 
214 223 101 170 180 89 177 51 132 229 183 193 210 176 154 24 32 100 187 136 229 96 236 
121 122 41 221 177 135 99 69 186 198 168 215 232 158 122 16 239 208 93 101 162 55 111 
170 142 207 74 146 196 83 211 207 229 133 36 186 117 15 231 215 10 212 40 227 56 169 
164 150 182 56 177 117 24 71 74 242 98 102 171 148 215 97 100 124 107 226 51 3 217 
216 217 93 121 211 147 93 59 136 27 236 224 57 110 103 240 131 41 41 221 86 154 192 
122 42 137 23 51 135 123 213 214 72 213 167 59 189 24 35 198 23 213 79 81 95 9 
157 140 61 45 158 213 155 15 122 52 97 52 133 224 46 106 171 221 93 224 76 122 4 
2 11 24 227 220 144 62 218 98 51 45 68 122 177 222 210 202 213 217 239 93 104 54 
140 155 81 229 70 205 75 231 192 67 135 45 41 124 1 145 43 171 124 107 77 79 243 
74 193 74 200 241 230 229 56 226 210 94 135 52 39 182 32 51 213 192 143 116 221 145 
223 35 77 33 213 15 209 9 147 146 45 145 224 138 149 142 154 76 135 28 240 177 63 
241 107 152 106 91 69 190 75 142 187 178 211 104 166 210 41 139 123 239 226 178 235 93 
233 202 210 139 158 131 178 152 125 115 195 52 225 207 216 223 227 207 188 139 201 222 231 
141 150 229 203 90 217 44 147 4 213 236 241 105 213 134 56 49 138 89 223 194 88 45 
54 12 2 69 93 68 219 214 217 70 220 98 225 103 100 125 119 134 187 52 180 227 102 
124 169 167 128 37 188 182 110 125 182 211 208 220 56 78 180 99 142 103 198 239 198 181 
229 55 59 56 214 192 28 121 15 74 231 147 78 236 106 208 147 156 142 172 211 63 152 
50 17 65 90 173 112 236 25 190 237 101 109 96 65 131 122 147 82 198 224 155 32 139 
233 215 210 139 162 97 4 206 125 242 90 180 225 207 149 223 69 12 188 139 226 222 151 
107 125 159 243 142 129 80 90 185 74 226 113 48 136 139 192 140 74 84 174 41 115 25 
180 93 197 56 65 64 45 129 192 171 45 2 100 122 78 107 142 127 103 67 135 71 106 
191 219 28 101 213 112 107 99 170 98 75 206 90 78 180 171 35 169 219 1 123 142 54 
164 214 237 144 95 100 145 72 213 177 213 56 5 214 73 42 8 29 53 224 5 52 74 
23 233 215 82 45 11 210 80 173 124 137 180 122 238 32 132 181 45 170 85 14 64 56 
76 107 78 106 8 228 72 75 142 104 4 211 104 149 210 208 139 200 239 226 4 235 93 
4 172 126 41 113 71 28 29 31 120 24 153 213 221 212 144 107 101 213 175 143 108 136 
119 145 30 226 24 21 215 4 42 147 239 223 7 225 127 12 55 58 141 214 41 162 37 
81 15 5 239 122 104 75 105 56 224 113 10 54 234 102 182 103 107 209 107 50 18 117 
154 207 207 165 137 139 138 68 165 103 107 235 130 68 207 23 207 170 45 24 192 84 77 
166 33 40 221 68 105 31 65 66 169 12 56 203 157 90 105 26 67 223 184 195 103 223 
170 142 12 74 114 196 83 211 207 229 50 43 186 117 15 60 215 10 121 40 227 56 169 
168 145 72 93 121 213 52 207 111 10 122 116 113 207 198 111 155 211 198 113 208 46 23 
198 30 214 134 112 159 141 149 92 177 222 41 87 6 116 118 121 158 224 34 121 161 213 
217 41 28 12 47 156 139 223 201 155 3 124 11 161 157 49 126 177 196 226 141 14 113 
229 122 144 50 12 74 62 54 89 28 142 170 123 224 188 182 111 240 237 27 197 225 108 
223 35 77 33 213 144 2 64 147 146 45 145 224 156 94 142 154 44 135 28 193 177 164 
181 200 170 104 169 70 54 187 121 91 77 49 145 98 58 111 122 128 111 208 54 239 56 
101 200 170 187 105 235 28 104 121 66 77 80 145 236 140 205 122 153 205 208 54 239 56 
142 36 95 206 79 142 86 33 134 65 210 103 49 101 140 23 5 19 238 227 127 56 223 
39 117 229 117 109 129 110 109 36 142 145 91 21 153 81 50 54 119 27 156 115 146 7 
64 71 107 155 133 197 125 179 230 50 28 224 214 68 207 193 210 103 43 220 60 194 68 
94 33 46 221 68 105 42 65 8 105 109 56 2 225 195 169 25 67 223 184 195 103 223 
56 239 81 161 43 198 35 99 107 119 74 10 77 236 119 138 16 87 234 60 73 152 182 
51 215 183 191 155 122 226 69 106 103 143 169 114 117 11 133 229 26 46 24 177 147 144 
214 223 181 39 180 131 177 51 37 81 183 193 210 67 76 24 32 100 104 136 229 96 236 
116 56 195 106 111 236 73 9 147 122 56 137 184 236 137 196 37 122 188 6 143 119 197 
154 77 17 222 139 80 35 101 115 124 79 43 239 237 210 141 74 135 142 147 43 224 52 
139 192 107 147 74 129 28 171 123 228 43 213 107 213 21 135 201 189 101 239 98 144 233 
212 19 66 190 19 84 169 173 185 133 14 118 223 11 137 240 212 10 199 58 128 211 81 
39 142 109 74 16 196 195 211 12 229 50 43 186 106 144 231 202 10 121 46 227 56 105 
79 100 228 170 133 115 107 177 127 10 85 29 55 165 55 141 192 202 22 187 14 124 223 
92 82 154 111 7 100 145 73 24 198 45 70 76 214 177 139 125 174 40 73 198 208 174 
74 220 217 117 24 193 40 55 201 29 183 145 145 211 130 89 130 231 23 112 114 181 219 
