126 26
68 78 20 107 73 24 60 121 62 19 80 97 32 59 90 71 86 82 108 103 95 8 103 87 86 72 
124 54 72 90 103 75 8 104 90 96 119 120 111 51 103 104 36 28 6 103 95 121 30 76 103 6 
8 7 122 59 35 75 110 96 108 103 112 8 72 75 37 56 30 116 26 69 121 79 108 81 36 8 
5 37 72 0 56 45 63 58 103 112 11 26 33 103 76 67 100 23 95 113 14 98 107 103 122 120 
8 63 16 76 48 75 56 116 108 103 32 8 72 75 37 43 100 116 114 69 99 92 108 105 74 8 
110 123 83 122 19 45 54 102 75 59 107 8 63 71 93 33 103 107 9 103 54 87 15 56 108 32 
43 93 35 104 19 101 54 98 75 22 17 8 52 71 78 33 103 107 9 103 11 116 66 110 95 32 
54 56 24 35 48 54 14 44 124 31 14 86 69 99 84 16 105 6 103 10 10 38 9 95 106 95 
98 72 114 72 124 19 120 8 110 91 86 29 97 41 41 103 51 115 2 94 95 47 31 9 28 16 
8 64 16 33 93 58 110 119 108 103 41 8 72 58 37 56 17 18 47 121 85 27 108 70 26 8 
33 54 72 90 103 75 8 122 102 116 116 85 115 51 103 122 47 19 6 103 95 120 84 12 103 6 
29 102 107 108 14 72 81 2 109 13 19 77 112 73 108 0 28 60 54 71 72 75 37 2 72 69 
34 101 91 107 96 117 92 49 17 86 36 22 41 22 60 63 28 50 108 103 108 8 103 119 28 72 
27 75 21 95 56 31 50 103 98 87 75 15 58 62 23 122 56 51 23 85 112 115 9 104 25 72 
0 11 72 90 103 75 8 122 61 73 73 49 115 37 103 122 114 70 6 103 95 99 100 59 103 5 
103 31 51 112 1 46 103 112 103 79 1 15 41 31 103 103 111 35 95 2 18 74 58 13 37 102 
18 46 42 75 88 6 73 31 112 96 37 72 5 53 65 88 88 54 77 61 7 53 83 38 95 97 
60 58 46 95 110 37 82 103 90 119 58 77 75 62 23 16 56 51 24 49 112 113 42 104 122 72 
122 93 84 8 43 37 77 8 95 40 27 108 89 66 11 18 83 46 76 83 116 40 82 13 90 91 
28 54 11 8 101 65 77 122 37 6 65 109 120 11 70 103 103 54 100 12 116 108 76 122 68 51 
72 66 51 32 64 111 8 41 119 103 54 56 103 81 28 89 11 2 11 54 8 72 51 46 32 39 
72 66 31 112 94 39 8 41 119 103 54 110 103 105 105 77 54 2 54 11 8 72 51 46 32 65 
44 35 82 17 18 23 27 121 62 19 3 97 41 22 92 52 105 88 108 103 108 8 103 119 28 72 
8 14 107 8 90 111 95 112 25 8 119 35 54 47 56 82 20 103 103 69 103 122 115 110 43 17 
8 67 100 8 98 111 108 41 16 8 73 101 54 3 56 46 82 103 103 85 103 25 115 43 110 107 
87 20 4 75 20 6 96 37 32 87 37 72 29 34 39 38 50 11 77 61 52 44 78 46 95 22 
29 31 72 59 110 35 63 75 103 32 11 36 12 103 59 10 30 117 95 39 67 92 107 103 104 49 
54 37 89 108 72 72 31 34 108 97 86 56 112 107 55 4 42 112 87 31 87 66 58 88 68 46 
81 11 11 8 78 111 66 122 51 6 118 109 121 11 81 103 103 11 30 97 119 95 124 122 24 31 
56 83 78 104 28 93 11 98 58 59 30 8 94 7 93 59 103 107 2 103 11 119 89 56 108 32 
60 58 38 108 110 37 91 103 92 96 58 15 58 17 23 16 110 37 23 69 32 115 42 104 104 72 
80 20 72 8 1 116 100 2 6 10 72 114 72 89 63 5 33 40 55 12 43 108 103 25 110 17 
8 5 94 77 54 72 109 74 72 28 31 43 5 8 38 103 75 20 41 63 81 102 104 28 69 1 
24 101 46 107 73 117 79 85 62 81 36 59 112 97 90 71 19 38 95 103 108 8 103 73 70 72 
8 10 13 8 61 39 108 41 122 8 73 48 11 3 110 82 50 103 103 121 103 25 113 56 110 100 
8 52 17 98 52 110 58 72 54 69 14 53 33 110 72 6 81 22 23 95 1 87 75 104 72 13 
6 31 72 33 56 83 63 75 103 41 11 74 22 103 33 10 100 24 108 65 1 27 100 103 16 120 
74 38 72 8 10 73 17 4 6 10 72 114 72 89 71 6 59 15 68 124 43 108 103 122 110 30 
72 40 31 112 7 65 8 32 96 103 54 56 103 28 86 89 54 42 11 11 8 72 37 38 41 113 
11 48 2 31 62 51 104 71 95 37 91 35 71 86 72 112 41 3 97 43 53 96 31 78 25 16 
103 51 51 32 10 20 103 32 103 92 67 66 32 31 103 103 115 123 108 109 119 47 75 84 37 79 
8 6 71 66 11 72 4 80 72 19 51 43 29 8 50 103 58 46 32 52 19 92 104 81 69 1 
8 64 16 12 35 58 43 73 108 103 112 8 72 75 37 56 30 116 74 69 49 79 108 28 106 8 
10 72 44 19 30 97 18 108 11 94 31 18 90 30 108 31 103 41 68 108 116 46 48 103 123 10 
8 67 84 8 61 39 95 112 16 8 73 93 54 106 56 46 91 103 103 121 103 104 113 43 56 13 
8 7 100 90 71 110 58 72 11 85 14 117 76 110 72 5 105 12 55 108 10 87 58 16 72 107 
72 89 51 41 63 115 8 112 116 103 11 110 103 86 105 40 11 109 11 54 8 72 51 88 112 39 
5 37 72 124 56 123 63 58 103 32 11 74 97 103 33 67 13 44 95 65 1 92 30 103 16 99 
8 7 100 90 7 43 75 72 11 69 14 23 33 56 72 5 28 59 23 108 1 73 75 122 72 107 
89 75 48 30 94 105 51 111 49 32 58 106 118 56 72 89 64 95 58 103 56 14 8 21 88 5 
72 89 31 112 71 115 8 32 119 103 54 56 103 105 86 15 54 4 11 11 8 72 31 20 32 39 
26 91 72 8 67 119 62 2 5 14 72 26 72 15 94 29 33 66 55 22 110 95 103 16 110 13 
11 110 24 83 93 11 1 53 97 37 1 19 85 69 84 16 70 29 103 1 67 38 4 108 114 108 
8 10 17 8 27 111 108 32 104 8 116 78 54 3 110 50 82 103 103 121 103 122 111 43 56 107 
6 79 84 108 67 72 86 125 4 84 28 77 112 116 95 76 81 90 54 94 72 75 37 57 72 69 
8 14 62 8 90 113 108 41 25 8 116 35 54 80 56 21 82 103 103 120 103 16 39 110 56 30 
14 72 68 70 100 97 73 95 11 7 31 18 61 107 108 51 103 112 55 108 87 91 48 103 45 10 
8 63 122 97 78 75 43 87 95 103 32 8 72 75 51 43 30 87 114 49 85 102 108 81 36 8 
72 7 45 55 11 103 120 50 116 76 110 1 103 67 100 56 108 46 51 75 6 45 101 105 58 23 
24 35 91 17 73 34 92 121 13 28 74 97 112 33 60 94 86 88 95 103 108 8 103 119 70 72 
11 51 77 95 72 72 51 55 95 12 81 56 112 84 34 57 9 41 116 51 18 15 58 91 24 88 
54 37 77 95 72 72 37 23 95 22 70 56 32 13 53 2 57 112 73 51 18 89 75 38 117 50 
92 75 82 108 56 31 20 103 60 73 75 66 58 13 68 104 56 31 117 69 41 65 109 122 25 72 
11 56 34 123 45 11 14 68 76 31 67 81 120 49 107 122 86 5 103 1 14 21 42 108 106 108 
54 56 117 123 123 11 14 23 59 31 1 86 49 49 13 25 105 5 103 14 1 91 4 108 114 108 
54 48 57 31 100 37 122 64 95 31 20 45 94 105 72 32 32 80 0 110 23 18 51 101 16 104 
103 31 37 32 14 21 103 41 103 102 1 66 32 31 103 103 111 48 95 9 119 3 75 17 51 98 
0 54 72 79 103 58 8 25 61 96 119 85 111 37 103 122 114 81 5 103 108 121 62 33 103 5 
8 67 13 8 90 39 95 32 25 8 87 93 54 80 43 21 50 103 103 85 103 122 113 56 110 13 
40 75 78 107 64 28 37 113 69 32 58 74 113 43 72 15 7 108 75 103 110 14 8 82 46 6 
28 54 54 8 35 111 15 25 31 5 113 42 120 54 28 103 103 54 17 12 18 95 59 122 55 31 
11 43 53 78 83 11 14 44 12 31 14 86 85 99 13 16 28 5 103 1 10 50 57 108 3 95 
66 64 109 94 58 86 116 14 2 98 103 29 0 9 70 72 33 73 80 72 14 104 93 18 6 51 
16 101 13 8 56 37 15 8 108 40 60 108 66 66 54 119 123 20 124 83 119 66 91 17 27 88 
29 31 72 76 43 78 7 58 103 41 54 36 97 103 33 67 17 68 108 65 10 60 84 103 104 49 
72 7 78 23 54 103 120 21 116 22 43 14 103 1 100 110 95 91 37 58 5 93 93 105 58 55 
55 83 82 84 119 55 27 99 84 105 80 59 112 76 90 71 105 50 95 103 108 8 103 18 19 72 
103 51 37 41 10 50 103 32 103 27 14 89 32 37 103 103 115 101 108 2 18 3 75 13 31 102 
8 7 84 102 64 110 75 72 11 69 14 44 0 56 72 29 81 124 53 108 14 73 58 122 72 62 
11 31 77 95 72 72 31 44 95 124 105 43 112 100 34 2 57 32 73 37 73 15 58 82 53 21 
29 51 72 0 56 123 64 58 103 32 11 36 0 103 97 10 100 44 108 115 10 61 30 103 25 85 
19 11 54 8 35 115 66 25 51 29 65 109 49 11 81 103 103 11 17 33 87 95 0 104 117 51 
72 89 51 41 64 115 8 41 18 103 11 110 103 70 28 66 11 125 54 54 8 72 51 38 112 113 
8 63 100 79 71 56 75 72 11 49 67 55 59 56 72 29 86 0 34 95 14 119 75 122 72 17 
27 58 46 108 43 37 88 103 27 18 58 40 58 30 44 16 43 37 24 99 32 39 109 104 25 72 
89 75 48 62 63 86 37 111 121 32 58 47 118 43 72 40 71 95 75 103 56 1 8 88 38 6 
19 11 11 8 83 65 15 25 51 6 118 109 85 11 19 103 103 54 100 76 119 95 97 25 24 51 
25 48 100 8 110 37 15 8 108 89 79 108 89 66 11 119 83 50 12 83 73 15 46 100 61 20 
72 40 31 112 52 111 8 32 73 103 11 110 103 86 81 89 11 2 11 11 8 72 51 38 32 113 
103 37 51 112 67 50 103 32 103 98 1 77 41 37 103 103 118 48 108 2 96 74 75 13 31 27 
11 51 89 108 72 72 37 55 108 12 19 110 32 107 68 125 4 41 18 37 119 40 58 82 44 21 
72 89 37 32 52 65 8 32 119 103 11 56 103 28 19 66 11 4 11 54 8 72 37 82 41 113 
54 31 77 108 72 72 31 68 95 59 86 56 112 107 44 4 4 41 96 37 96 89 58 91 53 38 
8 64 13 98 52 110 75 72 11 49 14 34 124 110 72 29 81 76 53 108 10 119 58 25 72 30 
54 110 24 123 35 54 10 117 33 37 14 105 99 120 84 104 19 5 103 10 10 91 57 108 3 95 
37 11 71 72 58 11 32 1 74 18 54 58 38 43 37 53 25 39 44 116 108 79 96 6 13 17 
16 35 62 8 110 37 89 8 95 89 102 95 77 15 54 87 93 21 97 45 73 89 82 17 60 46 
34 35 88 30 73 68 61 85 107 70 36 33 32 76 27 64 70 88 95 103 108 8 103 119 105 72 
11 31 66 108 72 72 51 44 95 0 81 110 41 17 23 42 2 32 96 31 87 89 75 46 53 20 
66 75 48 30 7 86 51 65 121 112 75 80 115 110 72 77 63 95 58 103 110 1 8 82 21 5 
27 58 21 95 56 37 82 103 92 96 58 89 58 13 23 122 110 31 117 120 41 111 4 16 122 72 
8 7 13 102 63 110 75 72 11 49 1 34 0 110 72 5 81 22 23 108 67 119 58 122 72 30 
54 31 40 95 72 72 37 24 95 33 105 110 41 100 23 57 4 32 18 37 73 77 75 21 53 88 
112 64 57 53 103 52 57 108 111 108 92 31 103 1 54 119 95 111 2 27 95 95 75 18 70 44 
116 91 125 75 82 29 116 31 41 73 37 72 5 44 113 38 20 54 15 61 64 23 101 21 108 0 
19 11 54 8 101 118 15 122 31 6 65 57 85 11 19 103 103 54 62 59 73 95 59 122 24 51 
5 31 72 33 43 101 63 58 103 32 54 114 97 103 33 14 62 23 95 39 10 61 13 103 104 85 
90 75 46 108 56 51 91 103 102 73 58 66 58 100 117 25 43 31 34 121 112 39 57 122 104 72 
51 11 94 72 75 11 32 1 36 116 54 58 21 110 31 44 122 118 68 73 95 60 116 29 100 13 
8 71 25 59 93 58 110 116 108 103 112 8 72 75 31 110 30 87 36 85 49 98 108 19 26 8 
10 72 44 105 30 0 96 95 54 52 37 18 92 100 95 51 103 112 34 95 116 20 123 103 93 67 
11 83 9 31 17 31 104 94 95 51 46 83 94 81 72 41 41 47 12 56 117 119 37 45 104 16 
8 5 52 89 54 72 125 114 72 19 51 56 6 8 38 103 75 91 112 94 19 60 122 28 121 14 
54 45 109 37 100 31 25 94 108 51 20 101 63 81 72 32 112 114 124 110 44 73 31 48 122 104 
6 51 72 97 56 78 52 75 103 41 11 80 97 103 124 1 62 117 108 115 1 92 30 103 104 99 
11 35 9 37 30 31 16 64 95 31 88 83 52 105 72 32 32 3 22 56 24 87 51 48 25 25 
104 83 107 8 110 51 77 8 108 40 102 108 40 66 11 119 78 88 59 45 18 66 38 30 27 88 
8 10 30 8 61 118 108 41 25 8 116 48 11 47 56 38 21 103 103 85 103 16 118 43 110 62 
54 83 4 51 100 51 25 71 108 51 21 123 94 19 72 112 112 36 124 43 117 96 31 78 122 25 
104 78 100 8 110 31 66 8 108 66 92 108 89 15 11 116 48 20 22 83 119 66 20 84 79 46 
89 58 93 13 64 105 37 65 85 41 75 3 113 110 72 77 52 95 58 103 56 67 8 21 91 6 
15 75 123 100 52 81 31 113 85 112 58 80 118 110 72 77 63 95 58 103 43 14 8 38 38 5 
96 20 109 75 82 29 73 31 41 18 51 72 29 117 111 88 88 11 89 61 63 44 78 91 108 0 
8 94 17 60 63 43 75 72 11 49 14 68 59 110 72 29 86 33 34 108 10 119 58 16 72 13 
53 78 82 84 119 53 98 85 107 70 47 124 41 33 98 64 70 50 95 103 108 8 103 87 105 72 
8 52 104 97 45 58 56 87 95 103 41 8 72 58 31 43 100 119 47 49 49 98 95 86 47 8 
