62 16
60 16 8 16 3 43 0 6 59 3 0 56 31 27 41 47 
9 40 33 5 34 31 16 20 41 45 11 8 40 17 11 28 
12 41 38 40 34 21 33 8 52 56 7 8 33 59 39 39 
59 8 58 34 53 15 47 0 24 12 52 27 22 54 8 28 
3 0 0 0 10 2 29 38 44 29 47 34 46 22 14 3 
26 41 0 19 27 24 7 58 38 54 34 49 46 7 33 56 
17 6 38 2 34 20 33 53 52 33 56 9 56 1 13 25 
43 59 45 40 21 23 38 8 36 0 14 0 0 47 0 28 
49 29 8 23 13 34 32 46 12 23 39 27 57 13 2 28 
10 56 53 23 15 34 37 4 12 12 15 1 36 49 41 47 
9 27 38 15 25 9 38 41 41 0 46 39 57 44 36 30 
5 41 47 54 10 52 42 21 53 22 27 27 31 9 12 7 
61 60 28 8 49 44 37 55 53 19 1 1 42 8 17 33 
54 59 0 10 39 53 26 2 18 38 58 13 37 16 57 30 
11 60 38 18 34 58 56 9 35 33 7 54 45 59 39 13 
8 59 38 39 39 9 38 6 40 26 21 39 32 44 43 48 
27 8 46 34 53 39 28 0 24 11 16 1 19 53 54 28 
30 6 47 53 13 52 50 4 9 48 27 27 57 8 12 56 
23 6 0 41 34 51 45 8 3 33 7 8 33 59 15 13 
26 18 38 30 1 22 56 55 0 8 34 25 21 7 56 7 
44 26 0 0 10 6 45 0 52 33 28 34 46 61 18 3 
3 0 0 26 39 41 33 0 44 29 28 34 21 30 18 52 
0 2 0 24 1 48 7 21 0 54 34 15 58 45 56 56 
5 14 47 54 25 52 50 4 9 48 27 1 37 8 12 45 
26 41 0 19 59 48 45 58 38 54 34 25 4 45 56 29 
8 1 0 13 49 54 38 60 6 26 20 25 31 16 43 5 
2 35 53 44 3 43 0 14 1 52 38 7 32 1 60 47 
9 2 56 24 34 31 44 21 40 45 12 54 41 17 17 28 
53 0 11 52 2 53 12 17 34 53 23 31 38 46 48 30 
31 59 33 40 4 23 0 54 42 26 40 38 38 28 38 28 
38 18 26 19 27 24 33 20 26 9 34 49 55 29 56 33 
6 11 24 34 34 22 17 5 37 47 8 50 34 9 5 45 
18 23 22 34 34 48 17 24 31 28 53 37 34 9 48 7 
36 1 7 18 55 11 38 8 32 38 14 38 26 47 38 28 
38 38 37 34 7 0 26 34 53 10 49 12 52 34 50 48 
59 9 55 34 9 15 28 26 22 11 16 27 61 8 9 47 
2 23 24 34 34 48 12 30 43 47 53 43 34 53 5 33 
60 11 61 34 34 24 23 5 31 47 54 42 34 8 48 7 
60 35 9 44 16 32 26 41 27 52 0 7 43 59 2 47 
9 1 0 15 49 9 26 2 6 0 55 25 31 35 42 19 
23 2 26 6 34 46 33 53 35 45 29 9 56 1 49 39 
23 18 0 18 34 51 56 9 16 56 29 9 29 59 49 25 
40 11 61 34 34 48 17 19 42 47 54 57 34 9 5 56 
60 12 30 34 34 24 12 5 43 47 53 32 34 9 22 56 
1 53 4 34 53 39 47 26 19 17 44 27 24 8 53 47 
42 27 33 14 21 11 38 8 36 38 60 38 38 47 0 47 
44 0 0 26 15 6 56 26 52 33 47 34 21 22 2 44 
9 38 11 3 41 54 12 17 34 9 11 42 0 58 22 22 
26 2 0 30 1 19 33 55 38 54 34 39 58 7 33 7 
54 59 38 39 15 54 0 41 2 0 4 10 37 3 50 19 
60 11 48 34 34 48 17 19 43 28 9 43 34 53 19 45 
3 26 26 26 25 2 29 38 16 7 47 34 4 22 6 52 
1 9 21 34 54 39 28 0 19 12 35 1 48 9 53 28 
49 7 53 17 10 34 37 55 17 23 25 59 37 10 2 47 
10 7 53 12 10 34 37 58 23 17 49 1 31 25 60 47 
52 38 38 0 49 18 7 26 44 56 28 34 55 61 41 3 
31 59 33 18 58 17 0 54 37 38 18 38 26 28 0 28 
2 12 61 34 34 24 12 19 42 47 9 57 34 9 48 45 
44 0 26 38 25 6 29 0 3 45 47 34 20 48 6 44 
54 14 7 30 34 57 3 55 41 33 11 9 2 17 12 28 
17 14 26 18 34 46 33 9 52 45 56 8 56 1 10 10 
26 2 0 48 59 19 45 46 26 8 34 49 51 7 7 29 
