187 25
99 96 151 1 135 137 92 57 164 102 137 128 50 176 173 1 23 85 38 148 31 26 148 107 134 
111 141 107 11 2 183 54 117 71 108 171 44 29 176 28 21 30 89 155 183 44 176 124 161 24 
1 127 24 70 74 71 103 166 103 116 150 173 142 41 110 15 90 181 26 93 175 131 134 112 27 
158 105 21 94 31 178 127 1 183 146 23 160 146 44 134 78 110 4 175 46 119 89 148 138 2 
129 119 24 37 81 178 103 106 95 37 52 15 52 65 182 11 37 35 24 158 137 134 19 3 140 
59 93 35 129 21 49 140 1 186 33 128 76 133 19 104 84 167 148 108 6 4 163 34 12 38 
154 23 94 41 84 25 113 133 89 40 31 27 6 140 104 90 103 160 85 80 132 126 52 166 11 
31 158 150 168 167 110 166 154 25 181 56 51 139 172 132 99 24 127 178 66 168 142 70 157 27 
78 140 166 15 124 147 62 133 145 87 91 179 55 122 26 30 79 21 125 33 176 35 31 58 1 
11 108 70 140 184 31 135 2 45 119 110 103 23 163 18 134 4 36 85 170 62 47 174 12 156 
48 126 176 20 35 157 64 130 51 21 41 50 45 60 107 107 124 62 15 169 37 18 108 178 124 
60 64 31 177 164 49 186 66 38 163 24 150 156 107 8 72 159 45 121 125 61 176 163 77 93 
31 182 16 21 40 147 98 158 125 146 36 75 83 137 169 9 110 39 109 25 176 13 54 182 76 
87 11 17 11 136 5 182 15 148 186 36 103 92 37 164 24 23 54 167 128 91 14 23 103 50 
114 27 29 96 112 81 37 84 108 50 158 78 124 93 19 53 114 181 159 91 184 150 24 82 95 
73 133 95 135 22 31 31 21 166 163 169 37 21 145 1 11 39 185 115 161 155 24 39 87 47 
1 16 59 73 78 141 4 67 54 139 132 106 147 178 11 21 26 93 22 176 107 5 167 130 9 
50 115 18 108 28 152 20 87 161 37 95 173 122 70 36 124 153 140 114 178 49 28 30 116 182 
114 20 62 173 112 81 37 43 108 50 158 78 124 93 53 53 114 181 124 91 184 150 24 82 95 
77 28 17 38 133 104 18 120 20 128 160 24 107 91 108 74 4 164 66 49 156 114 171 115 103 
183 151 114 125 145 107 52 67 77 36 26 19 8 116 133 5 159 103 96 108 93 28 119 122 114 
50 176 168 122 183 74 44 36 142 73 101 19 23 34 142 84 36 150 169 105 149 176 12 3 31 
110 58 50 97 181 92 164 128 115 31 78 149 108 84 111 151 143 27 1 82 86 32 16 171 64 
61 182 83 11 49 84 122 77 150 122 151 122 17 70 184 143 64 116 65 97 182 67 94 64 128 
16 23 25 186 125 0 84 170 69 157 72 45 135 92 21 36 31 115 175 60 79 181 157 184 170 
110 29 54 7 183 117 79 8 6 20 27 2 46 138 49 86 57 156 173 68 16 31 103 174 167 
173 103 150 80 177 1 37 173 117 59 47 178 36 180 73 172 41 175 108 167 95 164 159 105 137 
102 151 114 125 145 107 172 94 77 36 174 53 8 116 133 35 159 103 96 108 93 180 119 122 114 
94 46 140 176 125 98 61 79 138 124 47 8 181 22 22 63 64 6 166 14 106 23 159 47 141 
27 13 126 23 103 160 3 133 34 134 35 20 90 45 125 8 74 101 114 11 139 4 184 89 162 
137 164 165 158 37 183 155 124 146 158 153 50 134 126 73 114 163 144 24 70 156 31 66 76 79 
87 66 124 81 142 121 94 41 182 184 90 50 128 93 8 82 2 151 128 31 31 6 101 54 116 
52 21 8 19 108 11 115 110 78 16 150 160 177 50 15 29 147 88 4 105 152 178 34 11 93 
13 64 154 76 141 51 163 91 59 8 144 126 134 39 53 137 105 13 90 79 99 110 90 129 181 
140 139 90 71 35 23 24 150 177 106 23 37 12 160 17 149 19 116 88 82 79 71 93 93 122 
82 93 35 12 21 49 140 1 186 144 128 155 133 19 160 84 167 74 108 74 57 163 34 129 101 
79 36 102 181 65 182 154 97 166 96 114 146 135 49 93 96 65 23 11 164 83 142 28 100 90 
74 72 50 91 103 132 51 163 58 167 181 127 27 90 23 79 62 79 120 73 69 78 74 143 178 
66 123 37 116 114 112 70 163 125 182 181 111 108 80 20 150 94 52 97 63 64 95 0 150 93 
1 170 71 159 11 13 173 122 31 29 9 163 90 167 2 93 58 37 114 60 158 110 140 59 102 
167 31 126 60 91 126 17 35 79 146 32 172 53 13 78 135 28 16 12 173 116 75 84 122 54 
42 64 87 150 170 47 150 31 11 78 179 47 131 135 57 169 166 72 61 40 155 129 159 36 184 
107 73 20 78 85 160 106 88 50 128 156 155 31 115 76 11 137 49 95 16 31 19 147 115 178 
28 125 62 47 183 91 4 125 145 102 127 121 46 47 32 24 49 27 18 77 92 82 138 145 128 
172 21 8 19 108 11 170 110 78 16 150 104 3 50 15 62 171 130 4 111 152 16 34 11 93 
140 145 90 113 5 23 24 150 179 9 23 37 12 104 68 149 53 116 130 59 79 7 93 93 122 
106 166 125 137 109 47 178 105 119 12 12 50 176 15 137 151 149 53 160 51 30 72 178 45 25 
126 170 72 49 185 101 43 23 159 47 122 103 63 166 49 144 39 78 45 138 141 160 32 184 125 
114 20 83 173 141 81 37 84 108 50 158 78 159 93 19 53 114 181 159 91 184 150 24 59 153 
118 133 153 169 173 31 31 21 166 163 135 37 21 168 1 11 39 10 115 13 76 24 39 85 47 
70 91 15 59 78 114 175 84 143 123 11 95 169 81 65 147 140 84 113 166 147 167 163 128 31 
158 1 24 174 168 69 43 143 169 1 47 170 114 66 95 49 12 134 93 56 64 1 104 140 110 
103 166 163 153 98 122 88 126 69 170 145 78 47 78 155 46 122 29 114 178 170 184 44 162 23 
77 28 17 101 133 160 18 154 20 128 104 24 107 186 108 74 57 136 158 15 156 114 147 170 103 
78 39 27 168 39 136 137 160 134 148 117 39 184 142 162 152 121 77 13 33 107 136 89 117 11 
14 77 125 50 96 31 165 13 184 27 140 175 115 97 167 87 175 28 79 103 45 151 125 114 6 
106 166 125 137 131 47 16 111 144 12 129 50 176 15 137 151 99 19 160 51 156 72 178 81 152 
12 144 24 37 81 178 103 9 95 37 175 49 52 65 182 11 37 35 24 158 137 134 19 179 140 
84 99 49 42 64 85 114 152 163 87 184 11 163 39 97 49 104 40 7 144 140 181 77 87 175 
100 95 125 90 182 135 157 18 47 111 103 158 162 85 21 101 5 91 39 22 11 152 167 17 140 
72 23 152 90 86 140 159 69 82 48 72 134 146 182 38 160 166 50 0 158 21 106 170 154 126 
48 147 44 47 130 184 49 148 122 78 72 88 32 15 103 182 11 166 77 108 71 92 101 183 166 
27 161 126 23 103 104 179 133 45 134 35 27 90 34 125 118 6 101 114 11 139 57 41 89 162 
78 39 27 168 39 136 137 160 134 148 69 39 41 185 80 25 106 77 161 33 107 164 89 117 11 
61 179 183 165 120 138 61 23 160 167 140 5 28 66 98 21 48 26 106 71 84 134 57 6 25 
26 108 53 170 1 137 89 170 16 77 37 167 166 85 26 33 109 140 183 13 81 54 184 167 11 
81 120 126 117 123 16 80 103 146 90 142 40 169 38 136 102 61 64 13 2 169 35 124 93 84 
108 130 116 114 77 122 4 183 132 21 61 107 70 21 31 106 185 102 77 162 128 11 39 34 53 
50 115 48 108 28 25 20 87 161 37 153 173 122 58 36 159 95 140 114 16 15 28 156 116 182 
60 22 151 1 135 137 2 138 164 102 137 128 50 176 96 1 23 85 101 148 31 174 74 107 134 
43 99 49 109 64 87 114 25 163 85 41 11 163 39 46 49 160 40 7 33 140 181 77 87 52 
31 158 150 139 167 110 166 120 25 181 97 76 168 52 130 60 24 55 16 158 145 142 58 157 27 
158 142 39 127 143 78 108 131 98 66 143 166 161 140 179 124 104 89 176 61 131 107 80 136 102 
78 140 166 15 159 147 83 133 168 85 186 3 100 122 26 156 79 21 125 33 176 35 31 70 1 
154 23 75 184 84 25 113 133 89 40 31 27 148 140 104 90 103 104 85 162 132 126 175 166 11 
108 88 116 114 77 122 138 183 130 21 165 107 123 21 31 121 10 102 77 162 128 11 39 81 53 
158 1 24 174 145 0 43 64 135 1 47 115 114 158 153 49 12 134 93 46 143 1 104 140 110 
39 173 170 23 9 101 121 86 21 81 45 59 138 140 156 158 77 36 161 72 90 52 124 85 86 
12 139 24 161 99 52 167 63 137 166 24 78 0 49 90 68 71 93 172 25 183 27 104 14 91 
6 31 25 32 146 134 78 23 126 116 126 156 16 125 183 11 47 75 167 102 11 77 131 33 111 
79 159 177 53 87 36 135 71 91 14 143 15 108 69 82 23 65 27 5 135 180 71 143 141 171 
140 145 90 113 5 23 24 150 177 121 23 37 129 160 68 99 53 65 132 59 79 113 93 93 122 
100 153 125 90 182 135 61 48 47 105 103 66 80 85 21 38 35 186 39 22 11 152 167 17 140 
20 161 126 23 103 104 177 133 81 134 35 20 90 81 125 73 148 101 114 11 139 4 41 112 162 
180 125 83 47 183 186 138 125 139 183 100 9 97 47 32 24 49 20 14 77 2 82 4 139 128 
76 126 86 125 108 31 41 162 102 167 124 25 39 169 91 91 14 84 85 38 118 37 46 96 8 
78 39 20 145 39 136 137 160 134 148 69 39 184 142 80 152 9 77 161 33 107 136 89 0 11 
51 126 63 125 108 31 41 162 183 167 124 152 39 135 186 91 48 43 85 101 73 37 56 173 73 
32 80 95 124 60 118 118 89 82 28 99 162 40 169 128 128 81 55 181 27 145 41 150 39 158 
87 59 2 172 87 126 151 131 100 85 161 79 93 122 95 30 141 122 127 98 114 93 134 50 70 
137 150 50 156 161 183 165 183 79 54 100 138 57 167 133 35 35 112 98 174 173 140 184 150 21 
123 46 74 39 140 1 168 1 137 45 33 104 31 66 7 93 142 116 31 146 110 53 79 103 169 
1 55 24 70 6 7 103 166 103 65 150 173 185 41 110 49 90 181 26 93 172 131 134 112 27 
108 24 53 52 47 43 95 90 5 83 113 180 174 135 0 39 143 162 40 159 40 81 68 72 105 
108 130 65 114 77 122 4 102 88 21 61 107 70 21 31 121 10 102 77 80 128 11 39 45 53 
36 50 122 161 34 107 39 55 2 24 136 140 136 31 111 62 22 115 103 83 68 125 39 119 123 
110 58 50 46 181 92 136 128 170 31 78 99 108 84 105 151 64 20 1 82 54 32 178 171 143 
121 166 125 137 131 47 16 111 144 129 12 50 176 49 137 151 99 19 104 51 156 98 16 34 152 
158 10 39 100 143 78 108 109 98 158 64 166 13 140 3 159 104 112 176 61 131 107 162 164 183 
98 23 152 90 86 140 124 69 82 48 72 134 151 182 101 160 166 50 0 66 21 9 170 154 126 
48 77 125 50 173 31 61 13 184 20 140 52 170 46 167 87 175 28 79 103 34 151 125 114 6 
158 123 37 65 114 141 123 163 125 182 181 105 108 162 20 150 67 175 97 63 64 153 0 150 93 
141 11 118 160 112 65 182 131 61 21 185 156 31 181 35 37 94 122 13 183 43 21 109 99 108 
158 103 79 43 31 92 116 49 64 79 105 45 107 35 38 51 76 107 79 93 47 90 109 121 47 
103 145 181 103 119 25 27 97 95 6 78 140 90 69 40 1 33 34 55 38 97 50 167 126 169 
132 118 169 1 94 163 80 127 86 90 90 122 65 11 57 181 114 186 170 115 35 153 35 147 43 
11 108 70 140 184 31 169 92 34 119 110 103 23 163 14 134 138 36 87 115 62 47 174 12 30 
151 174 93 36 85 126 57 59 147 16 110 144 176 140 57 38 161 134 14 83 77 21 27 89 43 
104 119 122 48 87 71 97 131 65 107 166 183 23 50 123 93 73 143 139 156 8 36 155 141 122 
107 8 20 78 85 160 121 130 50 128 30 51 31 170 76 11 137 49 153 16 31 53 147 115 16 
156 125 161 3 162 38 12 86 166 100 41 122 59 39 79 153 48 47 85 145 116 161 130 147 69 
130 118 135 1 94 163 162 100 86 90 90 122 65 11 4 181 114 91 115 170 35 153 35 147 84 
87 59 2 52 85 126 151 42 100 87 161 79 93 122 95 156 89 122 55 98 114 93 134 50 70 
31 66 150 168 167 110 166 154 25 181 97 51 139 175 130 99 24 100 16 158 139 142 58 61 20 
150 40 64 78 33 108 126 47 117 160 38 33 27 31 179 97 20 143 28 79 164 132 34 74 157 
15 90 144 165 103 34 134 176 62 75 82 4 126 182 163 134 85 135 54 146 18 78 78 31 154 
26 108 53 115 1 137 112 115 178 77 37 167 166 87 26 33 131 140 183 13 34 86 41 167 11 
60 173 146 1 135 137 92 57 164 102 137 128 50 176 96 1 23 85 38 74 31 26 6 107 134 
78 140 166 15 159 171 83 133 139 87 91 177 55 122 174 30 79 21 125 144 176 35 31 123 1 
161 64 154 155 141 51 163 91 82 8 33 126 134 39 19 137 111 161 90 79 99 110 90 12 181 
150 136 78 90 162 64 87 21 88 115 64 167 47 67 178 50 163 17 79 50 148 182 122 161 129 
11 108 58 140 41 31 135 92 45 144 110 103 23 163 18 134 138 36 87 115 29 47 174 129 156 
104 11 104 50 140 66 114 21 124 15 59 126 162 167 82 136 139 79 123 24 129 12 59 79 172 
43 60 15 131 64 87 114 25 163 85 41 11 163 39 97 15 160 40 113 33 140 181 77 85 52 
37 50 44 85 103 105 114 137 85 152 182 112 6 99 128 167 156 178 20 24 146 154 163 159 80 
166 140 174 56 31 102 150 3 124 29 17 9 23 182 66 25 117 66 162 126 52 180 35 130 125 
31 182 140 131 68 134 36 62 146 17 23 101 105 110 1 151 79 108 99 79 165 186 106 166 7 
48 77 125 50 96 31 165 161 184 20 140 172 170 56 167 85 175 28 79 103 45 146 125 114 6 
139 168 32 85 109 126 143 128 104 51 78 72 78 128 167 181 7 175 37 2 14 47 85 116 35 
31 182 16 21 40 171 72 66 125 146 36 75 83 137 135 121 110 39 42 25 176 13 63 182 51 
32 80 153 124 149 73 118 141 59 180 60 80 40 135 128 128 45 100 181 20 168 184 150 39 66 
107 8 27 78 85 104 106 130 50 128 156 76 31 115 155 11 137 49 95 178 31 19 147 170 16 
32 80 95 124 99 118 118 141 82 180 60 162 40 135 128 128 34 127 181 27 168 41 150 39 158 
64 77 53 90 112 11 9 56 21 42 105 162 25 152 186 166 19 40 159 32 129 186 96 105 99 
24 162 21 146 136 7 79 39 88 30 126 12 36 75 85 110 129 23 28 143 45 184 142 84 158 
103 146 142 5 32 87 52 150 137 1 120 37 31 30 127 44 50 40 133 84 118 184 179 121 106 
128 133 47 31 156 49 25 157 137 136 76 48 46 137 109 126 145 24 120 101 15 113 96 176 183 
180 160 126 35 65 21 85 101 154 44 179 35 148 20 176 178 126 133 108 80 125 77 65 181 71 
12 33 24 37 34 178 103 106 153 37 172 49 175 65 182 11 37 35 24 66 137 134 53 3 140 
79 152 77 28 174 16 133 69 79 183 92 168 21 60 158 30 49 114 45 178 50 156 170 142 150 
5 27 148 123 11 78 99 115 182 91 1 176 24 29 0 181 78 186 56 26 163 129 30 184 81 
85 59 2 172 85 126 151 42 100 87 13 79 93 122 95 156 112 122 127 98 114 93 134 50 123 
14 126 176 27 5 61 64 130 51 21 184 50 81 149 107 107 159 62 49 135 37 14 108 178 159 
165 3 102 165 154 138 165 23 104 167 140 35 28 66 98 21 18 174 121 7 43 134 57 74 152 
161 143 120 51 141 76 163 186 82 8 33 126 134 39 19 137 111 161 90 79 149 110 90 12 181 
79 25 77 28 174 178 133 69 79 183 2 168 21 60 66 30 15 114 34 16 50 156 115 142 150 
166 98 65 14 177 146 166 65 122 155 67 78 116 98 91 39 1 84 183 61 42 174 115 99 40 
40 174 82 21 128 166 80 142 68 79 28 140 114 76 173 11 30 37 113 50 76 143 103 126 113 
120 23 67 41 43 25 7 133 112 40 31 20 148 140 160 90 103 104 85 80 132 126 172 166 11 
98 23 25 90 54 140 159 0 82 14 72 134 151 182 38 160 166 50 0 66 21 9 115 120 126 
174 84 47 186 174 111 5 8 184 42 76 67 135 144 152 86 162 103 94 132 77 14 63 5 36 
166 72 65 18 177 146 166 116 122 76 67 78 65 72 186 39 1 84 183 165 109 174 115 99 40 
110 62 63 7 183 117 79 118 6 20 20 92 46 57 15 86 57 30 96 17 178 31 103 26 167 
36 50 122 161 45 107 39 100 92 24 164 140 136 31 111 29 173 115 103 29 68 125 39 119 123 
150 164 78 90 162 64 87 21 132 170 143 167 47 67 16 50 163 17 79 50 74 182 122 161 129 
158 1 24 174 145 69 84 64 169 1 47 170 114 66 153 49 129 134 93 46 143 1 104 140 110 
137 136 61 66 37 102 155 159 146 158 95 50 134 126 118 114 163 119 24 123 156 31 158 76 79 
14 171 44 47 88 41 15 74 122 78 72 88 32 15 103 182 11 166 77 108 113 92 38 102 166 
81 154 126 69 58 16 80 103 146 90 10 40 169 101 164 183 61 143 13 2 135 35 159 93 43 
37 50 32 87 103 105 114 137 87 25 182 89 148 149 128 167 30 178 20 24 151 120 163 159 162 
103 168 181 103 119 25 27 46 153 6 78 140 90 0 40 1 119 34 127 101 56 50 167 126 135 
87 11 68 11 164 5 182 49 74 91 36 103 2 37 136 24 23 86 167 128 91 48 23 103 50 
79 159 179 53 87 36 135 71 91 18 143 49 108 117 59 23 65 27 5 169 180 113 143 141 147 
139 78 164 183 141 163 130 105 17 176 103 17 89 8 128 87 95 183 126 185 121 130 176 184 133 
128 133 47 31 30 15 152 61 137 136 76 18 97 137 42 126 145 24 120 38 15 7 22 176 183 
14 147 32 47 130 41 15 148 122 78 72 132 44 49 103 182 11 166 77 108 71 2 38 102 166 
55 141 91 21 72 36 70 146 19 152 166 140 47 15 28 26 40 114 7 75 181 24 31 90 134 
79 159 24 66 59 11 72 129 77 88 1 43 183 169 12 41 61 69 80 33 106 87 43 18 76 
79 25 77 180 26 178 133 117 79 183 92 168 21 60 66 30 49 114 45 16 50 156 170 10 150 
103 146 10 35 32 85 172 150 137 1 120 37 31 30 55 32 50 40 133 43 8 184 3 106 106 
15 90 33 61 103 81 134 176 29 94 59 4 126 182 163 134 87 135 63 146 14 78 78 31 120 
40 26 82 21 128 166 80 10 68 79 180 140 114 155 22 11 156 37 71 50 155 143 103 126 113 
103 166 163 95 72 122 130 126 69 115 145 78 47 78 51 97 122 83 114 16 170 41 32 80 23 
110 58 50 46 181 92 136 128 170 31 78 99 108 43 111 146 64 20 1 82 54 32 178 147 64 
22 103 150 162 3 1 37 96 69 82 47 16 36 180 8 52 184 172 108 167 153 164 124 111 137 
103 166 163 153 98 122 132 126 0 170 139 78 47 78 76 97 122 62 114 178 170 184 44 80 23 
137 71 32 80 182 54 75 126 16 78 146 108 8 39 96 43 150 23 146 141 133 154 40 18 21 
66 111 21 75 31 16 55 1 183 146 23 104 146 44 134 78 110 138 52 97 33 89 148 57 92 
1 178 59 73 78 89 138 75 54 145 88 106 147 16 11 21 174 93 173 176 107 5 167 130 121 
158 105 21 94 31 178 55 1 183 151 23 160 151 44 134 78 110 57 172 46 33 89 6 138 92 
75 56 140 176 125 98 61 79 4 159 47 73 181 22 96 63 143 6 166 18 121 23 124 47 112 
99 31 14 71 134 81 134 20 20 125 108 20 36 126 128 114 67 167 62 161 110 155 47 139 167 
181 40 68 177 95 77 109 13 22 40 55 120 134 174 24 134 61 134 73 87 165 101 89 163 108 
112 11 73 160 89 65 182 131 61 21 142 156 31 181 35 37 75 122 161 102 43 21 131 99 108 
131 143 87 150 170 47 150 31 11 78 177 47 109 169 138 135 166 72 61 40 51 12 124 36 41 
18 126 176 27 5 61 64 130 155 21 184 50 34 99 107 107 124 83 49 135 37 18 108 178 159 
58 46 74 39 140 1 168 1 137 81 33 104 31 158 113 93 10 65 31 146 110 53 79 103 135 
