143 21
11 103 132 6 70 122 110 130 24 103 78 140 59 51 84 11 103 57 78 111 73 
68 25 66 65 130 138 20 78 121 23 24 112 139 11 10 90 116 141 131 100 120 
68 66 25 91 99 122 20 13 121 23 24 112 125 8 10 63 46 64 30 64 50 
17 10 127 76 16 122 130 142 13 86 55 53 57 108 107 27 34 40 140 9 74 
19 53 65 124 64 32 26 102 115 76 20 127 62 29 59 61 38 103 135 133 8 
108 39 82 76 9 82 47 50 114 8 23 90 74 93 133 111 93 29 84 56 113 
103 101 95 57 10 139 127 126 11 63 117 36 130 65 24 34 28 21 121 51 43 
78 71 135 31 110 48 29 55 60 39 127 69 12 34 131 142 101 139 65 37 101 
88 4 32 14 15 128 82 42 38 130 116 14 128 111 49 2 68 46 47 54 34 
75 122 28 125 72 65 102 111 92 136 128 115 73 140 26 102 76 28 114 121 59 
100 57 108 62 73 82 140 107 62 98 89 35 7 110 103 126 126 84 34 122 115 
83 119 22 14 15 29 82 40 38 99 116 27 128 133 46 18 92 46 47 136 34 
132 26 10 8 107 96 116 24 116 94 62 54 5 69 96 35 134 128 19 99 59 
93 128 110 65 7 137 140 23 28 114 133 111 78 140 135 3 74 11 118 129 114 
117 73 114 114 82 110 44 48 82 28 121 28 105 103 21 28 39 32 68 142 121 
64 38 85 82 102 84 86 113 38 59 87 73 71 10 29 68 108 103 48 87 91 
45 35 103 8 108 117 128 34 132 7 108 72 65 38 108 141 84 115 33 138 119 
95 68 78 111 60 9 30 119 68 142 29 82 81 98 19 92 1 137 127 19 102 
92 25 66 65 130 122 88 78 121 23 24 56 125 8 105 90 49 141 30 141 50 
123 137 84 82 23 106 8 108 141 97 26 131 80 35 98 58 23 115 2 102 19 
121 115 126 43 4 53 23 82 7 114 74 127 106 114 16 91 53 35 59 7 62 
39 63 87 73 7 82 43 70 125 137 24 125 32 22 10 19 62 116 12 109 105 
50 44 59 55 109 72 13 70 103 27 126 84 77 110 117 95 0 37 80 7 129 
49 23 32 96 43 125 32 135 50 26 11 26 15 55 39 99 19 26 135 97 127 
17 118 127 76 16 138 130 142 13 86 55 39 98 108 107 27 37 42 140 9 74 
113 137 28 66 35 0 76 26 85 27 120 117 140 57 39 48 59 68 121 91 79 
89 52 24 3 10 99 108 137 133 100 135 21 19 103 116 120 59 87 114 79 136 
117 73 114 114 82 110 9 66 82 28 121 28 10 103 21 28 53 22 92 26 121 
91 49 108 31 83 88 98 22 14 3 126 137 118 87 113 52 38 60 86 46 77 
10 7 33 21 7 45 137 59 71 53 20 141 85 94 124 142 17 75 23 102 124 
27 6 19 24 82 103 3 135 114 108 115 16 140 86 128 118 127 34 132 57 117 
14 76 19 3 82 103 3 135 114 108 115 16 140 33 29 118 127 37 132 57 117 
120 9 59 55 109 58 78 74 103 14 126 84 137 110 117 71 87 37 80 7 52 
141 17 120 4 82 32 85 21 62 8 37 23 19 115 22 55 125 48 104 133 126 
10 23 68 114 52 137 127 126 84 30 47 101 62 106 15 128 23 4 132 33 103 
82 7 92 9 19 134 55 56 120 16 133 91 133 23 132 63 4 135 135 53 7 
69 18 82 59 17 57 85 88 112 15 63 28 140 98 62 67 84 70 62 90 84 
118 23 68 114 129 137 127 126 84 30 47 97 62 130 52 128 23 41 47 33 103 
13 76 95 128 128 0 97 37 44 90 68 76 115 103 28 34 0 126 29 126 82 
118 108 20 5 20 111 19 21 21 101 124 62 23 91 92 26 103 86 108 142 93 
85 115 77 140 19 139 33 64 19 96 8 87 84 72 15 130 68 12 77 71 74 
19 53 65 124 141 22 26 0 115 94 83 127 62 29 59 61 73 103 135 133 8 
85 115 77 140 19 125 86 64 19 80 11 102 84 72 129 106 68 109 137 95 134 
71 92 75 111 21 44 30 4 68 26 29 82 69 98 19 68 1 77 127 19 102 
13 122 28 139 72 91 87 133 68 54 29 115 73 140 142 0 76 28 114 121 59 
101 122 73 126 12 19 135 33 13 12 125 113 56 47 31 115 81 2 103 64 118 
35 92 135 42 123 78 82 95 7 50 129 106 7 85 125 130 84 127 135 8 73 
131 92 23 70 19 84 117 136 125 91 127 96 80 103 10 11 8 34 131 87 137 
124 137 28 25 35 87 76 142 85 27 120 117 140 57 39 48 59 68 121 65 79 
35 68 135 40 123 78 82 95 7 50 52 99 7 85 139 130 84 127 135 8 38 
39 140 17 52 142 24 106 137 107 80 106 139 100 94 54 70 84 68 59 50 22 
108 132 47 120 124 69 65 68 110 117 57 3 30 81 12 39 121 55 33 39 108 
141 38 85 82 102 84 86 113 73 59 102 38 71 10 29 68 108 103 48 102 91 
118 108 88 136 88 111 19 21 21 97 124 62 23 65 92 142 103 33 108 142 90 
108 53 82 76 44 82 47 50 114 8 23 93 70 93 111 133 93 29 84 56 124 
114 124 0 19 3 140 112 89 15 28 0 103 59 88 59 60 86 23 140 57 35 
116 115 59 54 14 142 92 85 120 91 142 65 17 23 116 38 45 135 11 3 18 
140 19 52 88 87 6 76 35 100 125 135 91 71 11 136 18 132 92 113 36 8 
45 35 103 8 108 117 128 34 132 7 108 16 65 73 108 141 84 115 86 138 119 
115 112 59 7 57 69 82 56 55 14 114 103 113 25 32 133 28 39 87 61 0 
53 63 102 73 7 82 43 134 139 77 24 125 32 22 105 19 62 116 109 12 10 
60 74 9 117 66 140 129 99 139 108 84 70 89 27 5 74 61 107 45 36 98 
13 107 7 121 117 25 84 136 88 132 95 23 27 117 45 59 111 138 35 120 84 
142 90 112 32 56 19 33 73 23 62 131 14 124 105 29 2 82 82 131 67 130 
117 67 23 66 137 120 123 28 114 19 127 59 36 85 7 72 57 86 57 23 72 
34 41 65 103 113 62 132 93 8 118 65 114 70 138 14 118 140 79 9 40 81 
124 137 28 66 35 102 6 142 85 14 120 117 140 98 53 48 59 68 121 65 79 
101 138 73 126 104 19 135 33 75 12 139 113 112 132 31 115 69 2 103 64 10 
80 64 21 110 73 98 67 103 85 8 26 104 81 66 27 114 124 92 122 37 23 
108 47 132 50 36 51 91 92 110 117 57 3 131 51 104 39 121 55 33 39 108 
39 71 38 103 105 91 122 108 87 140 112 123 30 137 45 116 24 114 103 114 44 
108 116 40 120 1 78 70 68 84 127 55 21 61 19 139 37 15 126 117 131 102 
45 35 103 8 108 117 29 34 132 7 108 58 65 73 108 141 84 115 33 138 119 
78 94 95 29 29 87 61 37 44 63 92 6 115 103 28 34 87 126 29 126 82 
39 95 38 103 105 91 122 108 0 140 112 112 31 137 67 46 24 114 103 114 9 
90 128 107 91 7 77 140 23 28 114 133 111 13 140 135 24 134 8 10 15 114 
103 61 71 98 118 125 127 126 11 63 117 113 99 91 3 34 28 21 121 51 43 
109 59 136 28 139 127 115 55 125 3 23 112 123 116 109 95 91 66 142 44 78 
90 29 110 65 7 137 140 23 28 114 111 133 75 140 135 3 70 11 10 15 114 
101 122 38 126 12 19 135 86 75 12 125 113 56 47 30 115 69 2 103 64 118 
38 73 24 9 108 82 126 140 129 91 108 114 110 0 96 124 142 126 26 8 33 
108 47 132 50 124 81 65 68 107 117 57 3 131 81 109 53 121 55 86 53 108 
16 7 97 97 50 58 79 131 30 26 41 64 84 109 112 17 85 108 34 35 7 
121 115 126 89 41 53 23 82 7 114 134 127 106 114 16 91 39 35 59 7 62 
82 13 64 125 11 91 63 30 1 134 130 111 117 18 120 100 52 62 80 63 102 
61 96 136 64 29 34 115 123 139 70 122 107 141 105 7 28 126 131 52 29 103 
64 43 50 41 82 22 85 21 62 11 34 23 19 115 32 55 125 25 12 133 126 
11 103 132 94 70 138 110 130 24 103 75 140 59 81 84 8 103 98 78 111 38 
121 115 126 17 4 53 23 82 7 114 70 127 130 114 16 91 39 35 59 7 62 
95 92 75 133 60 44 131 119 68 142 29 82 51 57 19 68 2 137 127 19 0 
26 93 112 32 112 19 33 38 23 62 131 14 124 10 128 2 82 82 31 67 99 
37 4 91 103 124 62 132 63 11 10 65 114 70 122 27 10 140 45 9 40 51 
80 100 21 107 73 98 67 103 85 8 142 12 81 48 14 114 113 92 122 37 23 
26 93 123 32 123 19 33 73 23 62 31 14 113 118 128 2 82 82 131 79 130 
103 101 95 57 10 139 127 126 8 93 117 36 99 91 24 37 28 21 121 81 17 
108 49 40 120 2 78 134 68 84 127 55 60 97 19 139 37 15 126 117 30 0 
73 73 3 44 108 82 126 140 15 65 108 114 107 87 80 124 26 126 142 8 86 
60 70 44 117 25 140 129 106 125 108 84 74 43 14 54 70 101 110 67 36 98 
140 19 15 88 0 76 6 35 64 125 135 91 71 8 5 18 132 92 124 36 8 
60 103 102 92 122 91 38 100 27 116 82 73 64 108 104 61 118 100 123 52 13 
117 45 23 25 137 50 56 28 114 19 127 59 113 85 7 72 57 86 57 23 72 
21 70 9 117 66 140 15 106 125 108 84 74 17 14 136 74 97 110 79 124 57 
8 103 47 6 74 138 107 130 24 103 75 140 59 51 84 11 103 98 75 133 73 
103 92 120 110 80 127 69 140 57 114 27 70 26 55 4 113 127 40 115 73 123 
47 26 105 11 107 96 49 24 116 6 62 5 54 69 80 35 70 128 19 130 59 
141 57 108 62 38 82 140 107 62 57 89 35 7 110 103 126 126 84 34 122 115 
21 103 102 92 138 65 38 64 14 46 82 73 100 108 109 97 105 141 123 52 13 
59 121 118 11 99 126 127 123 61 57 119 108 40 24 13 66 16 2 23 84 121 
137 29 21 42 80 46 19 62 85 131 31 32 133 55 59 127 55 134 122 108 15 
47 142 10 8 110 96 46 3 46 76 62 54 54 69 80 35 70 128 19 106 59 
59 121 10 11 130 126 127 56 101 57 4 108 40 3 78 48 58 1 23 84 121 
54 127 138 22 82 120 115 130 101 53 135 47 126 53 24 23 27 42 62 10 84 
116 115 59 136 27 142 68 85 120 91 26 91 43 23 49 38 67 135 8 3 18 
69 1 82 59 89 57 85 88 56 129 63 28 140 57 62 45 84 74 62 93 84 
53 24 19 110 65 85 108 138 39 135 22 121 26 37 91 80 49 103 20 97 142 
115 80 45 42 62 135 80 19 72 7 98 3 71 94 35 23 98 95 132 64 136 
35 68 135 40 123 75 82 95 7 120 129 130 7 85 125 130 84 127 135 8 73 
140 118 106 135 114 140 47 19 50 51 9 98 52 34 72 140 24 13 69 86 135 
100 98 108 62 38 82 140 110 62 57 43 35 7 110 103 126 126 84 37 122 115 
19 39 91 113 100 22 26 102 115 6 83 127 62 29 59 97 38 103 135 133 11 
39 140 17 52 26 24 99 77 110 80 130 125 64 76 5 134 84 92 59 120 32 
7 105 9 130 103 102 84 115 7 40 121 33 50 40 41 130 48 109 7 33 84 
18 83 125 132 72 46 11 65 61 89 84 86 24 26 89 55 14 61 80 114 50 
49 115 59 54 27 142 68 85 120 91 142 65 89 23 49 73 67 135 11 24 18 
69 2 82 59 17 98 85 20 56 15 93 28 140 98 62 45 84 70 62 93 84 
33 45 19 109 97 77 33 117 139 108 0 112 95 114 23 6 101 21 118 70 35 
125 138 33 32 19 133 126 7 105 35 14 30 18 58 36 100 68 59 109 63 108 
0 107 82 118 100 57 52 26 29 100 23 43 135 9 126 65 124 60 124 2 84 
118 7 33 60 7 67 77 59 71 39 20 64 85 76 113 26 43 75 23 0 36 
141 38 85 82 102 84 33 36 38 59 87 38 95 10 128 68 108 103 48 102 91 
21 103 102 92 122 91 38 100 27 116 82 38 141 108 104 61 10 141 112 15 13 
14 76 19 3 82 103 3 135 114 108 115 58 140 33 29 10 127 37 47 57 117 
31 92 23 70 19 84 117 5 139 91 127 80 80 103 118 8 8 34 31 0 137 
5 127 122 32 82 120 115 130 97 39 135 47 126 39 3 23 14 42 62 118 84 
53 95 73 103 118 65 122 108 102 140 112 123 31 77 79 46 3 114 103 114 9 
26 7 29 135 69 53 95 64 134 48 62 23 82 114 68 43 95 98 138 95 115 
108 53 82 76 44 82 47 50 114 8 23 63 74 90 111 133 90 128 84 112 124 
12 59 54 28 125 127 115 55 125 3 23 123 56 116 12 95 91 48 142 44 13 
1 20 139 47 16 116 11 91 101 17 84 33 3 26 43 55 14 61 96 114 120 
86 67 19 109 97 77 86 117 139 108 87 123 71 114 23 94 61 21 118 74 35 
102 113 84 29 120 27 126 38 38 107 137 23 115 140 107 24 70 21 77 37 70 
117 79 23 48 77 120 56 28 114 19 127 59 124 85 7 72 57 33 57 23 72 
17 15 24 24 118 99 108 77 111 100 135 21 19 103 46 50 59 87 114 79 136 
