133 1
28 
125 
106 
70 
117 
95 
5 
66 
30 
79 
74 
70 
74 
54 
49 
110 
104 
64 
97 
23 
26 
30 
34 
56 
117 
54 
132 
75 
100 
73 
39 
122 
83 
26 
91 
6 
109 
129 
26 
56 
71 
36 
22 
43 
128 
16 
36 
119 
110 
84 
99 
36 
23 
81 
5 
109 
50 
62 
64 
53 
131 
108 
80 
74 
27 
121 
37 
104 
84 
65 
34 
0 
63 
30 
40 
106 
111 
73 
77 
79 
99 
80 
61 
28 
26 
26 
83 
26 
119 
7 
52 
91 
103 
79 
30 
95 
100 
2 
49 
98 
47 
87 
80 
81 
51 
112 
75 
85 
129 
31 
88 
3 
20 
5 
36 
69 
65 
96 
18 
80 
64 
19 
52 
19 
23 
106 
4 
89 
15 
62 
62 
59 
92 
