90 19
22 69 69 58 35 50 19 27 40 45 71 8 89 42 73 30 7 40 13 
79 64 30 79 6 1 15 27 62 16 55 80 13 18 77 10 38 6 87 
49 59 16 75 50 73 0 39 64 81 11 21 81 10 49 57 43 15 28 
54 42 30 67 75 81 51 78 56 47 6 34 20 37 78 2 3 56 22 
10 57 30 65 78 61 45 12 40 25 18 26 53 86 49 58 33 76 7 
62 19 40 34 4 38 15 53 17 22 56 0 3 49 24 85 12 24 88 
89 52 86 42 60 6 9 67 31 53 75 24 19 41 87 40 61 12 12 
79 65 37 75 57 67 11 23 45 3 56 66 47 53 38 6 33 88 83 
36 76 59 23 89 25 85 42 74 58 77 16 18 7 70 36 46 61 3 
30 14 22 20 85 17 37 79 46 33 70 52 7 48 81 60 5 37 44 
11 25 58 25 68 54 65 27 61 50 79 21 2 57 67 1 37 21 29 
16 60 68 60 67 18 64 27 81 71 16 54 77 19 23 52 74 43 33 
18 63 9 12 4 51 44 44 79 86 59 79 25 49 22 55 52 73 20 
12 62 54 73 57 50 43 35 42 74 42 57 8 62 73 4 66 41 30 
41 3 38 19 35 69 8 30 48 32 10 1 35 70 62 35 36 39 88 
34 80 44 64 17 38 89 22 46 46 40 17 73 21 28 88 22 42 5 
84 35 75 63 6 65 47 44 32 50 70 77 85 23 42 84 71 8 41 
80 43 43 17 52 55 36 26 76 20 2 85 80 35 73 77 39 24 26 
54 52 44 80 18 1 13 78 18 27 17 29 42 78 16 42 80 4 5 
73 81 16 12 74 10 22 54 56 29 22 68 41 64 49 63 89 81 87 
66 75 27 29 52 81 63 14 62 25 47 17 72 43 22 82 87 53 52 
31 2 75 86 0 6 20 61 55 53 77 60 30 37 51 50 86 89 10 
14 62 52 87 31 36 16 31 45 70 54 23 19 74 43 56 89 78 53 
34 86 46 50 42 47 40 64 35 12 87 50 57 34 80 17 89 5 51 
4 37 27 76 77 66 35 13 78 41 27 12 46 67 4 10 47 65 19 
19 81 83 51 22 1 53 46 39 80 46 0 61 53 33 0 64 34 32 
26 79 48 35 22 89 38 71 43 20 8 66 2 85 56 28 0 81 46 
77 44 50 1 56 29 60 88 18 26 79 65 57 38 0 51 83 32 29 
13 89 70 41 81 86 5 73 89 53 67 21 83 28 75 14 31 58 72 
43 6 70 62 31 34 12 15 24 84 51 86 62 46 68 24 75 74 68 
46 57 22 76 63 64 74 70 1 77 19 3 82 78 72 54 2 64 26 
41 25 62 50 19 53 47 20 42 4 1 82 25 32 23 20 61 53 76 
46 28 27 24 46 50 5 43 30 46 5 19 38 9 35 25 17 5 45 
34 66 15 9 65 8 32 46 26 63 13 51 60 70 17 63 54 0 14 
10 79 66 76 2 61 39 89 10 9 82 31 38 42 58 85 61 81 82 
72 50 75 22 81 80 24 45 27 68 56 17 2 36 58 77 87 54 33 
46 79 44 30 3 33 16 68 73 51 51 50 89 70 89 42 32 65 0 
52 42 29 66 14 25 37 14 88 27 38 12 6 0 34 6 34 26 40 
32 36 47 40 28 23 3 13 72 21 65 77 16 46 28 0 72 40 80 
31 12 73 22 30 74 41 29 26 10 75 32 86 47 19 48 49 55 36 
71 57 47 52 0 56 38 48 48 63 59 12 5 52 37 37 58 72 20 
27 54 79 48 60 42 9 74 30 58 14 88 2 33 57 83 70 32 27 
8 88 24 38 50 18 43 78 14 40 73 87 14 32 19 49 0 51 4 
32 72 61 33 50 47 23 54 89 71 47 88 48 35 2 8 21 79 29 
15 15 15 29 28 83 81 75 89 34 12 8 52 76 61 37 19 29 59 
89 55 62 61 52 67 85 72 3 20 73 46 29 53 67 24 81 36 10 
40 18 53 61 51 63 66 7 82 89 33 9 10 3 87 67 42 27 31 
63 23 10 55 63 49 38 79 73 21 49 42 24 79 80 24 86 24 26 
51 20 73 16 65 79 12 67 21 88 61 52 20 24 84 65 51 32 85 
6 48 45 7 32 73 44 16 63 50 63 64 77 36 12 36 81 15 4 
89 45 25 27 7 20 29 5 33 42 10 35 66 85 19 21 31 43 16 
65 31 2 79 12 51 75 4 89 75 65 26 39 71 19 31 80 42 65 
0 88 22 84 58 56 42 27 29 53 11 88 77 73 2 67 28 53 40 
1 1 11 33 28 8 69 56 52 43 36 63 60 16 71 40 64 19 39 
63 19 61 60 28 29 74 33 46 40 44 25 18 82 19 76 5 80 55 
55 44 14 82 8 3 78 71 58 69 82 22 73 52 56 34 30 11 15 
82 57 19 56 29 58 84 1 78 71 28 85 67 9 8 81 17 38 12 
85 27 12 3 14 54 78 88 48 10 80 32 2 19 63 34 27 23 77 
52 57 75 61 35 7 34 75 27 40 74 77 16 21 68 51 73 29 75 
47 30 26 24 51 68 72 0 37 82 62 56 30 81 59 47 40 51 70 
71 28 73 28 51 6 38 85 45 30 82 41 45 25 40 7 76 87 74 
31 7 4 67 62 51 40 16 46 77 39 70 65 57 21 57 25 79 50 
4 3 66 50 81 80 41 38 52 30 61 25 34 11 35 24 79 44 82 
60 38 17 35 56 79 42 25 72 47 64 30 5 15 24 34 0 21 17 
33 66 4 54 77 41 40 57 73 8 27 89 32 10 38 39 35 23 67 
52 33 73 85 49 1 51 86 67 65 74 44 12 14 7 41 22 24 50 
55 23 65 24 15 15 81 88 19 54 52 35 83 33 44 74 8 78 3 
66 1 26 85 67 84 2 64 13 32 49 41 27 45 9 64 35 51 31 
13 16 66 25 66 23 1 58 8 22 88 70 37 20 58 60 42 52 42 
7 64 84 13 45 40 50 61 69 15 53 62 13 39 26 85 89 31 57 
27 45 48 62 57 57 2 64 87 75 51 86 30 46 65 52 4 37 51 
52 47 63 67 45 54 71 17 8 47 36 71 73 66 55 12 5 46 76 
59 73 51 57 38 38 52 76 17 29 58 67 58 82 43 15 64 14 69 
52 29 83 27 32 48 54 57 27 38 80 76 18 26 19 16 76 76 64 
75 16 55 30 38 18 35 84 33 24 65 24 83 37 55 63 77 44 74 
22 65 65 83 8 16 65 58 45 17 73 42 12 79 74 73 84 64 19 
42 17 58 84 84 19 0 8 1 6 56 81 62 51 49 38 12 38 66 
41 61 62 47 78 39 46 89 45 83 78 62 41 15 66 19 80 5 32 
53 59 80 1 51 77 69 32 2 70 64 48 24 86 87 72 59 65 47 
23 79 81 38 37 21 64 49 34 50 25 59 55 38 18 8 52 36 12 
88 33 82 9 7 48 56 28 24 33 76 9 0 21 78 34 74 10 28 
28 54 81 85 73 32 53 75 5 65 60 39 75 68 3 68 89 4 53 
18 83 13 14 89 44 62 71 6 31 41 32 32 58 75 38 10 55 5 
34 41 67 26 65 49 50 70 52 43 33 73 19 35 37 70 89 75 73 
32 45 63 64 49 76 80 56 30 89 19 69 59 12 86 24 16 45 24 
17 26 50 65 6 43 1 78 15 88 73 31 35 47 75 33 45 72 17 
26 5 30 16 27 45 62 22 64 48 33 82 16 89 61 26 11 72 36 
2 32 6 46 53 16 38 10 34 61 84 0 8 33 17 35 55 34 18 
88 0 71 64 6 12 1 19 48 30 48 2 87 66 74 71 1 6 47 
46 45 21 46 66 1 31 15 32 68 17 88 39 60 86 10 25 82 31 
