737 1
201 
113 
61 
176 
456 
665 
6 
172 
436 
266 
424 
194 
179 
25 
157 
328 
614 
6 
118 
557 
16 
505 
638 
344 
549 
294 
40 
99 
94 
396 
659 
151 
619 
392 
82 
73 
465 
401 
396 
638 
343 
30 
113 
381 
454 
438 
29 
566 
331 
51 
50 
669 
215 
725 
344 
343 
282 
156 
52 
172 
396 
182 
735 
172 
67 
367 
728 
387 
715 
219 
392 
626 
94 
226 
278 
282 
542 
259 
392 
696 
470 
542 
125 
58 
227 
725 
48 
436 
430 
622 
151 
460 
484 
633 
707 
513 
51 
470 
621 
719 
734 
231 
282 
37 
160 
118 
557 
686 
640 
523 
6 
696 
428 
482 
441 
495 
270 
533 
308 
569 
629 
267 
686 
629 
241 
477 
278 
48 
716 
179 
71 
127 
454 
410 
267 
484 
456 
647 
441 
264 
468 
135 
157 
318 
477 
479 
344 
495 
318 
418 
640 
401 
210 
356 
661 
610 
647 
260 
665 
318 
172 
367 
711 
73 
267 
29 
67 
527 
365 
558 
154 
3 
392 
142 
484 
4 
647 
192 
556 
671 
611 
5 
331 
269 
430 
345 
397 
355 
428 
347 
141 
638 
629 
614 
659 
712 
160 
157 
113 
3 
138 
542 
71 
205 
79 
547 
396 
495 
162 
593 
172 
633 
141 
365 
365 
29 
216 
392 
28 
625 
716 
165 
113 
401 
689 
51 
347 
330 
718 
159 
5 
717 
226 
156 
156 
486 
659 
248 
118 
11 
172 
725 
696 
562 
454 
58 
358 
567 
645 
549 
148 
340 
56 
734 
270 
157 
429 
179 
67 
647 
501 
111 
599 
611 
384 
396 
621 
42 
401 
725 
269 
117 
158 
734 
239 
267 
533 
30 
388 
179 
30 
428 
355 
392 
172 
256 
285 
130 
259 
172 
619 
259 
267 
189 
45 
356 
51 
487 
460 
412 
716 
629 
172 
611 
136 
407 
25 
392 
608 
356 
470 
4 
130 
696 
396 
647 
231 
734 
441 
270 
641 
701 
267 
82 
392 
3 
269 
215 
231 
172 
58 
428 
365 
704 
51 
484 
126 
151 
56 
179 
401 
184 
549 
647 
51 
607 
596 
58 
356 
86 
392 
113 
218 
359 
734 
102 
671 
123 
673 
210 
334 
228 
160 
392 
709 
487 
460 
188 
638 
82 
369 
201 
470 
381 
20 
725 
256 
456 
428 
331 
734 
51 
400 
172 
4 
700 
79 
56 
429 
144 
388 
686 
607 
543 
228 
619 
219 
356 
173 
622 
86 
315 
226 
30 
600 
278 
156 
647 
256 
428 
154 
641 
216 
269 
573 
716 
460 
734 
172 
103 
689 
735 
30 
3 
302 
120 
276 
355 
42 
414 
260 
30 
626 
73 
638 
504 
51 
629 
113 
638 
318 
645 
228 
67 
471 
724 
611 
180 
205 
614 
436 
323 
309 
613 
650 
556 
355 
357 
456 
183 
353 
67 
316 
638 
154 
477 
701 
318 
651 
286 
315 
471 
505 
5 
182 
302 
84 
260 
225 
581 
17 
205 
103 
521 
308 
172 
625 
28 
264 
205 
401 
627 
725 
165 
3 
528 
549 
56 
96 
45 
179 
210 
218 
340 
454 
396 
29 
401 
194 
172 
728 
218 
573 
16 
470 
157 
118 
157 
410 
48 
392 
412 
640 
259 
418 
505 
182 
94 
478 
418 
142 
172 
3 
174 
566 
526 
401 
162 
172 
199 
593 
125 
650 
601 
67 
396 
259 
25 
201 
188 
339 
114 
585 
120 
427 
556 
269 
325 
37 
505 
533 
118 
318 
392 
468 
114 
256 
700 
3 
157 
136 
67 
396 
188 
94 
67 
117 
242 
355 
716 
377 
141 
600 
365 
73 
275 
37 
118 
557 
506 
430 
37 
171 
429 
574 
432 
593 
694 
638 
342 
221 
650 
685 
686 
291 
711 
717 
478 
454 
25 
728 
113 
396 
569 
400 
641 
131 
660 
51 
404 
428 
157 
343 
48 
160 
48 
94 
428 
343 
113 
670 
141 
355 
607 
436 
717 
619 
505 
715 
120 
601 
477 
173 
381 
401 
441 
226 
419 
76 
647 
58 
51 
556 
334 
172 
696 
30 
231 
533 
154 
154 
94 
172 
638 
160 
231 
686 
5 
521 
188 
711 
94 
194 
651 
67 
366 
259 
613 
27 
619 
340 
396 
131 
167 
182 
157 
411 
172 
392 
27 
366 
400 
157 
396 
51 
396 
99 
172 
29 
704 
569 
645 
340 
428 
703 
67 
51 
3 
365 
610 
432 
404 
51 
341 
6 
542 
432 
432 
470 
3 
67 
521 
573 
432 
318 
119 
94 
401 
535 
17 
138 
210 
614 
15 
570 
157 
172 
