373 1
192 
227 
159 
224 
352 
230 
87 
151 
244 
303 
368 
28 
266 
121 
94 
65 
241 
296 
65 
224 
155 
219 
328 
88 
30 
107 
30 
12 
167 
47 
298 
313 
6 
141 
6 
180 
40 
261 
56 
260 
266 
189 
146 
151 
132 
56 
236 
165 
193 
27 
117 
241 
30 
159 
244 
165 
264 
227 
259 
283 
228 
228 
56 
313 
281 
216 
115 
64 
298 
298 
201 
33 
64 
121 
15 
167 
193 
216 
159 
216 
201 
27 
216 
56 
17 
184 
72 
321 
236 
121 
201 
94 
47 
0 
283 
212 
94 
13 
61 
6 
343 
94 
266 
224 
224 
201 
224 
77 
69 
224 
57 
27 
241 
57 
151 
358 
146 
371 
224 
18 
51 
279 
201 
167 
365 
285 
328 
244 
221 
69 
67 
167 
59 
236 
160 
283 
56 
270 
94 
201 
123 
228 
101 
283 
281 
51 
328 
88 
30 
111 
56 
228 
368 
183 
343 
45 
18 
239 
224 
66 
358 
315 
99 
132 
57 
100 
56 
12 
33 
64 
55 
146 
0 
201 
56 
56 
217 
56 
3 
244 
75 
259 
18 
56 
328 
324 
219 
283 
261 
321 
315 
94 
146 
255 
146 
328 
34 
322 
28 
236 
57 
207 
18 
77 
248 
300 
170 
260 
224 
167 
248 
224 
348 
300 
281 
296 
366 
27 
191 
9 
160 
60 
227 
193 
159 
371 
154 
256 
212 
56 
64 
22 
260 
94 
146 
9 
343 
56 
346 
236 
225 
343 
55 
82 
146 
6 
322 
146 
371 
68 
283 
69 
22 
298 
94 
56 
224 
146 
30 
137 
228 
259 
183 
32 
91 
286 
357 
82 
350 
296 
212 
57 
174 
159 
94 
18 
193 
94 
167 
153 
369 
371 
255 
44 
297 
9 
216 
35 
56 
94 
41 
293 
67 
314 
259 
362 
56 
141 
141 
230 
335 
46 
240 
266 
283 
123 
132 
9 
365 
227 
106 
56 
199 
298 
239 
259 
146 
362 
282 
141 
225 
371 
300 
57 
266 
224 
283 
109 
12 
56 
298 
65 
260 
230 
174 
248 
104 
169 
262 
56 
56 
281 
141 
366 
282 
65 
60 
365 
65 
334 
141 
54 
94 
170 
213 
260 
165 
28 
165 
195 
266 
46 
279 
201 
104 
266 
228 
241 
192 
192 
227 
56 
46 
