135 1
58 
53 
34 
0 
122 
77 
34 
13 
100 
63 
117 
117 
50 
37 
92 
105 
108 
92 
50 
112 
34 
44 
102 
39 
29 
83 
123 
47 
45 
108 
10 
119 
53 
55 
86 
68 
75 
104 
24 
43 
34 
59 
50 
34 
64 
36 
125 
36 
119 
47 
24 
114 
36 
76 
36 
72 
134 
111 
131 
41 
97 
56 
47 
108 
112 
38 
38 
125 
124 
92 
56 
68 
51 
50 
105 
70 
38 
3 
92 
97 
83 
90 
108 
92 
36 
44 
117 
54 
0 
68 
77 
21 
13 
54 
125 
34 
53 
0 
109 
50 
120 
56 
36 
105 
88 
92 
39 
105 
48 
44 
39 
14 
17 
44 
112 
107 
113 
92 
113 
51 
43 
107 
92 
90 
134 
60 
45 
11 
87 
45 
56 
125 
94 
103 
72 
