384 1
93 
8 
250 
73 
126 
322 
47 
197 
78 
130 
264 
37 
88 
256 
88 
123 
380 
231 
89 
167 
18 
251 
97 
9 
282 
291 
93 
298 
349 
37 
308 
336 
89 
243 
93 
296 
236 
180 
243 
349 
242 
20 
359 
112 
276 
93 
314 
356 
47 
302 
300 
180 
236 
108 
167 
54 
37 
19 
178 
300 
126 
119 
250 
124 
126 
309 
189 
170 
197 
282 
51 
291 
345 
381 
88 
231 
138 
112 
229 
51 
281 
325 
281 
378 
22 
335 
33 
309 
199 
229 
112 
219 
60 
5 
93 
108 
19 
342 
83 
220 
294 
234 
378 
65 
342 
192 
145 
9 
203 
126 
278 
47 
111 
156 
9 
381 
342 
351 
229 
250 
156 
47 
135 
229 
318 
222 
231 
71 
192 
80 
331 
321 
143 
192 
243 
236 
355 
281 
275 
302 
83 
192 
216 
9 
180 
174 
259 
137 
71 
18 
322 
323 
381 
282 
348 
144 
168 
305 
282 
144 
156 
51 
51 
115 
178 
278 
356 
309 
183 
381 
37 
9 
256 
9 
302 
37 
192 
37 
168 
99 
39 
251 
93 
379 
51 
372 
235 
265 
142 
360 
4 
142 
282 
372 
33 
232 
47 
282 
88 
330 
90 
135 
93 
22 
77 
307 
112 
309 
145 
9 
266 
226 
37 
118 
314 
16 
198 
135 
206 
78 
309 
11 
190 
291 
229 
53 
119 
358 
103 
360 
126 
360 
282 
251 
287 
381 
256 
147 
237 
93 
345 
47 
229 
89 
213 
88 
93 
379 
112 
334 
168 
282 
9 
192 
282 
291 
281 
178 
309 
139 
174 
372 
106 
345 
89 
90 
291 
317 
348 
282 
116 
88 
64 
296 
276 
112 
147 
19 
236 
348 
232 
178 
162 
223 
37 
355 
1 
60 
291 
93 
309 
168 
28 
355 
78 
367 
381 
104 
287 
93 
108 
93 
160 
112 
112 
291 
151 
361 
147 
76 
73 
126 
291 
175 
219 
307 
112 
381 
213 
229 
120 
190 
282 
211 
263 
134 
292 
17 
353 
365 
80 
380 
312 
282 
365 
243 
145 
309 
112 
178 
320 
53 
106 
51 
334 
156 
275 
51 
229 
178 
149 
226 
37 
366 
139 
381 
180 
282 
168 
372 
326 
142 
308 
250 
205 
80 
112 
180 
126 
16 
93 
381 
191 
116 
294 
37 
364 
380 
211 
224 
342 
352 
192 
378 
