151 1
89 
104 
127 
98 
24 
79 
33 
20 
33 
79 
5 
128 
149 
104 
113 
48 
111 
110 
87 
48 
77 
91 
33 
66 
4 
103 
51 
128 
0 
37 
89 
66 
113 
104 
128 
7 
89 
56 
40 
73 
3 
41 
115 
117 
36 
53 
25 
44 
72 
103 
76 
48 
79 
36 
149 
30 
33 
136 
147 
146 
5 
103 
117 
87 
91 
66 
60 
33 
3 
111 
51 
41 
39 
44 
98 
39 
113 
77 
79 
64 
136 
67 
48 
121 
66 
36 
13 
18 
128 
134 
141 
141 
3 
66 
32 
66 
117 
131 
20 
141 
103 
149 
98 
113 
85 
103 
141 
128 
49 
67 
26 
146 
150 
113 
33 
38 
22 
21 
20 
115 
13 
63 
48 
26 
149 
79 
102 
51 
38 
117 
118 
121 
111 
33 
123 
48 
15 
63 
131 
45 
5 
55 
113 
48 
0 
0 
1 
15 
8 
138 
64 
