828 18
467 659 134 731 66 420 660 775 298 753 475 687 631 258 339 339 406 335 
75 52 73 690 174 68 655 25 335 115 56 729 411 154 647 609 473 370 
196 742 595 313 457 728 323 87 453 457 171 46 358 233 623 799 738 137 
257 236 580 788 96 662 107 412 515 326 727 693 287 70 193 457 820 399 
294 419 422 339 236 316 328 582 246 51 622 426 226 692 51 660 216 769 
595 115 811 683 172 667 140 330 775 613 600 798 194 60 237 760 409 141 
713 158 748 237 661 170 374 635 23 709 378 339 417 313 815 578 490 592 
668 493 543 547 388 310 198 758 51 721 236 519 360 349 612 196 656 79 
820 353 204 82 698 423 87 785 789 335 807 577 825 358 129 8 134 595 
542 452 553 395 76 615 400 441 218 440 28 86 670 457 54 353 747 775 
469 299 426 61 340 298 150 383 601 629 374 675 548 465 387 236 727 154 
165 129 463 151 169 375 720 170 668 685 463 105 403 704 505 217 61 547 
147 105 529 669 240 448 722 752 379 602 107 824 340 722 83 463 164 376 
404 37 718 789 240 680 558 717 287 104 107 181 596 722 573 338 164 740 
402 370 710 694 564 611 131 393 124 338 389 718 215 198 8 623 457 710 
72 273 347 339 703 3 395 539 322 9 722 352 627 648 551 767 645 77 
605 378 425 517 384 332 245 548 569 652 32 623 13 140 236 265 3 251 
452 159 133 590 499 391 692 585 761 396 225 106 785 351 469 616 667 236 
381 37 225 422 326 623 309 219 504 826 730 157 427 299 343 254 16 397 
274 205 321 136 526 581 775 697 121 225 741 280 254 79 232 324 739 339 
673 51 384 564 271 471 77 263 495 244 684 489 803 591 540 236 690 243 
258 51 395 693 524 711 77 263 126 355 160 489 87 591 540 236 553 578 
282 789 196 378 758 195 53 160 628 721 518 458 145 294 269 815 746 556 
388 181 591 491 492 438 526 151 370 794 720 715 25 721 167 260 716 375 
326 557 674 441 335 140 381 313 86 448 467 757 739 476 285 718 262 384 
8 650 64 240 775 416 471 344 714 801 623 507 188 693 635 92 692 134 
213 546 553 440 418 8 140 39 721 689 452 761 449 387 143 801 149 140 
55 628 245 393 236 635 589 368 676 399 732 128 682 667 546 3 113 228 
747 678 73 77 151 789 103 217 335 538 301 296 586 287 647 406 473 370 
552 370 692 459 395 80 384 633 706 227 739 547 81 371 249 427 339 760 
190 204 729 600 564 553 355 340 79 263 591 8 547 703 412 219 746 26 
185 66 607 160 559 704 681 177 739 92 276 656 122 775 169 323 398 345 
129 687 453 395 51 546 568 791 0 415 787 601 631 82 339 339 39 335 
605 688 134 98 97 26 150 381 648 269 547 450 168 463 573 449 493 737 
638 344 548 699 429 276 80 164 122 698 344 547 321 749 4 529 92 585 
427 349 601 344 14 602 447 187 62 642 272 8 634 778 783 265 474 730 
114 354 682 775 396 4 487 420 254 690 11 225 803 197 37 235 704 263 
218 549 690 395 313 106 400 630 823 440 663 658 701 457 415 353 654 791 
233 263 187 682 521 822 368 329 767 738 513 44 612 723 584 336 710 701 
359 156 529 412 283 688 69 484 123 817 104 423 565 609 306 266 3 275 
287 8 616 311 717 272 653 633 739 239 176 606 324 731 160 622 154 49 
659 736 743 545 31 23 210 542 455 737 404 552 98 44 802 694 397 219 
370 170 104 380 610 252 162 303 67 623 812 276 67 767 343 38 623 653 
459 772 788 584 457 516 88 752 389 104 703 412 342 197 539 483 633 453 
373 256 171 241 141 248 163 172 473 233 261 263 197 349 16 192 768 249 
761 628 124 302 236 635 566 368 761 643 809 645 682 670 546 233 113 402 
499 819 807 420 73 183 467 389 726 602 566 309 343 623 197 597 333 10 
690 822 570 823 16 601 400 96 324 432 128 791 293 121 785 335 341 604 
342 648 288 484 171 496 389 370 529 71 160 4 356 739 558 548 161 548 
746 535 243 105 623 591 33 641 703 295 719 436 215 358 620 547 396 581 
370 255 104 2 248 520 421 235 2 623 812 276 2 668 204 221 623 653 
592 815 788 453 168 491 398 452 227 675 540 589 225 262 193 85 548 589 
781 559 196 815 10 205 10 761 63 229 709 140 674 141 111 387 200 719 
165 351 184 14 169 175 363 255 668 719 463 9 777 159 456 217 195 547 
22 347 174 578 173 705 452 621 444 311 439 710 375 613 61 758 722 778 
17 231 389 457 10 731 313 543 479 218 160 742 325 57 540 623 92 548 
555 826 4 339 655 233 731 65 364 178 558 304 306 85 101 767 242 553 
323 4 781 243 173 207 409 802 444 311 439 565 173 681 660 758 543 243 
404 178 765 669 433 700 558 205 379 257 323 824 44 722 577 338 374 761 
140 229 751 812 10 541 314 424 8 355 802 239 309 686 686 509 448 19 
31 657 672 812 10 230 314 614 8 757 379 477 309 686 252 93 277 19 
748 825 547 695 227 744 693 88 436 179 203 292 95 401 201 229 633 739 
370 255 104 380 484 686 396 206 380 623 309 276 421 668 204 210 623 48 
101 142 483 339 103 80 395 536 106 37 543 304 740 160 756 668 128 690 
782 186 358 70 299 623 596 331 633 324 785 95 280 810 549 633 263 92 
340 757 196 241 758 568 11 533 628 465 60 505 812 724 568 815 156 11 
436 815 813 134 168 491 171 409 227 675 503 605 225 783 193 533 548 589 
196 62 203 313 457 557 796 87 453 457 642 46 487 80 623 17 770 137 
123 540 400 233 637 558 335 246 665 29 441 548 254 803 593 518 79 614 
181 694 710 478 145 87 815 739 547 590 379 550 580 143 573 715 524 316 
68 294 657 313 632 172 758 251 81 433 335 167 679 595 635 170 111 734 
244 724 229 313 53 713 758 251 81 33 335 167 117 516 641 646 459 734 
508 110 671 690 174 669 103 217 335 538 301 454 559 621 229 581 528 370 
503 8 81 601 686 101 826 633 97 648 623 415 576 584 400 111 171 709 
156 26 778 105 623 561 232 641 103 295 17 574 510 358 60 547 67 609 
443 595 236 616 498 70 560 354 433 51 2 211 707 286 687 358 494 380 
370 193 400 675 27 212 370 92 400 568 672 66 599 173 263 502 187 400 
656 313 673 679 292 215 806 623 110 382 688 762 381 457 355 564 367 83 
692 562 409 459 699 692 243 547 183 341 793 358 198 263 778 586 259 768 
381 94 225 357 636 623 309 46 719 826 71 247 227 586 16 213 343 397 
180 236 580 788 96 522 107 749 345 636 471 564 287 730 193 457 261 399 
480 636 225 189 686 335 8 567 359 98 800 742 396 126 496 710 236 724 
540 344 407 645 138 241 21 758 491 808 825 440 55 103 525 577 768 66 
213 313 351 66 634 707 183 782 352 455 367 810 426 120 728 2 686 513 
69 590 61 355 643 77 221 529 495 682 693 523 164 738 427 42 135 236 
411 464 754 414 683 701 41 356 457 478 365 420 81 532 125 76 281 578 
479 214 739 96 145 400 246 166 452 539 699 692 737 568 367 315 280 42 
96 452 91 103 302 214 767 197 65 453 67 10 632 404 737 356 656 487 
469 559 110 327 44 298 150 383 464 629 574 81 548 805 331 236 471 308 
244 23 657 313 556 172 758 324 81 33 335 165 147 203 641 255 111 451 
381 571 225 626 326 623 812 765 719 212 71 157 612 299 16 213 204 397 
335 568 216 499 250 463 547 586 400 165 692 327 272 394 628 150 101 16 
578 274 37 506 257 138 126 17 748 105 320 485 327 343 609 655 230 645 
697 533 346 48 813 17 263 791 344 636 248 564 768 653 626 547 1 251 
300 409 690 384 313 215 400 794 146 285 551 249 670 457 495 353 654 775 
55 628 245 741 236 641 69 368 740 643 13 128 682 202 163 80 113 157 
29 395 731 34 59 66 702 60 10 51 17 453 96 309 369 195 547 404 
515 211 576 132 713 8 480 38 79 544 824 655 59 10 579 634 203 197 
141 348 634 132 457 203 10 454 389 602 103 346 48 137 323 483 633 453 
491 571 225 626 466 623 309 219 743 212 696 402 427 299 16 254 204 397 
689 96 764 564 484 534 400 195 187 8 376 10 17 696 666 60 555 637 
747 531 337 553 781 222 703 159 335 157 63 729 299 621 657 279 320 370 
326 577 498 102 335 493 491 313 658 700 153 818 739 480 386 718 36 384 
151 468 150 607 498 535 420 780 764 462 469 770 306 325 138 160 780 339 
507 638 634 323 690 374 10 189 133 74 491 549 690 310 624 731 611 309 
769 409 690 731 76 364 400 24 300 440 28 86 667 457 415 570 505 775 
675 400 576 10 53 524 507 400 370 784 671 263 93 791 457 95 369 368 
270 222 196 7 758 195 556 684 628 805 530 505 812 362 660 96 156 632 
755 759 561 381 492 552 510 781 370 138 644 774 760 737 165 473 716 450 
503 8 675 687 267 555 246 198 384 648 623 125 576 584 400 141 398 709 
174 411 196 815 10 622 10 627 649 657 709 598 330 459 141 13 321 462 
412 438 491 144 397 299 75 416 239 697 785 76 710 560 652 491 733 612 
156 399 310 9 623 47 33 641 103 230 685 436 322 455 59 547 396 406 
248 527 307 233 196 760 230 613 729 703 381 633 213 150 339 707 562 8 
29 393 504 94 576 362 377 823 358 447 135 438 43 270 154 446 397 529 
697 207 431 199 8 711 550 497 66 93 612 75 153 422 623 213 97 233 
619 461 291 237 95 255 436 356 762 438 168 339 128 76 96 778 360 274 
126 229 236 58 280 684 671 460 580 722 195 487 98 635 323 257 557 92 
627 628 707 302 236 356 589 368 55 399 13 645 682 701 420 80 792 157 
415 647 236 331 150 648 671 579 383 543 61 455 520 356 323 104 577 92 
746 819 578 94 623 293 779 356 703 295 17 574 297 455 59 547 67 581 
233 263 216 276 321 822 368 703 767 509 473 596 427 729 584 821 710 202 
335 327 52 429 389 338 547 586 400 532 692 327 686 199 656 280 555 16 
692 309 453 265 332 740 621 221 457 487 621 662 92 23 775 707 484 80 
185 443 56 345 158 342 411 368 135 812 273 349 574 564 142 324 386 739 
107 4 14 243 175 534 409 308 662 311 620 710 375 681 269 758 722 778 
539 347 151 778 173 207 452 621 127 341 530 565 375 681 182 758 558 578 
313 198 483 3 793 370 263 339 196 155 233 459 396 281 511 775 191 324 
796 433 695 248 149 186 342 586 304 159 22 169 565 255 565 638 546 149 
634 693 322 153 409 570 774 125 92 743 788 780 8 758 370 376 775 387 
792 181 341 381 119 438 510 781 370 334 363 501 217 447 167 473 492 450 
156 401 243 94 623 561 790 641 329 816 155 592 322 455 620 547 396 406 
692 708 339 340 400 198 503 457 825 381 209 809 352 532 211 331 236 401 
169 601 165 116 139 207 338 255 62 703 70 662 598 38 236 710 53 623 
580 398 480 616 249 324 739 400 398 500 492 421 343 551 335 192 160 530 
373 657 236 735 150 266 671 62 580 558 319 358 371 356 539 104 557 92 
75 475 743 547 397 472 365 65 155 739 489 658 343 282 655 807 237 463 
500 96 655 58 9 692 111 635 39 584 555 408 787 281 634 466 170 96 
466 557 330 138 335 140 491 76 517 277 234 669 739 477 285 718 772 395 
69 748 568 222 819 690 221 765 125 682 693 611 274 194 227 42 679 236 
255 51 350 684 586 217 613 405 739 92 682 628 567 791 157 65 344 604 
19 552 381 512 397 411 654 386 477 785 785 76 565 311 437 491 64 227 
88 280 350 818 803 745 614 778 377 525 35 755 422 427 410 647 353 549 
766 209 276 791 396 347 358 163 213 690 11 225 666 137 178 816 217 263 
134 647 332 704 538 512 429 625 18 628 275 93 86 236 126 148 275 112 
764 204 207 408 222 131 692 49 229 622 325 420 513 429 610 602 266 92 
692 99 452 141 699 692 310 547 805 341 793 358 633 263 778 299 664 73 
125 229 236 732 150 160 768 275 383 543 660 487 371 641 65 104 577 92 
747 610 504 547 397 78 291 536 155 739 635 281 343 596 655 701 689 253 
227 99 29 344 174 257 737 678 275 344 43 8 413 578 262 282 428 696 
739 464 297 440 725 368 622 760 519 774 325 788 3 93 203 771 397 42 
157 370 565 606 564 369 514 736 124 617 389 718 364 198 8 623 457 710 
381 105 225 357 326 623 309 529 462 521 366 614 427 411 204 213 204 397 
813 316 526 153 452 689 496 753 92 17 788 70 8 758 370 627 775 732 
215 293 147 74 342 67 733 237 319 409 633 395 400 66 693 710 170 791 
452 25 333 6 499 184 692 618 376 162 225 106 697 153 282 616 419 236 
508 766 504 547 397 218 748 65 784 739 641 517 343 469 329 202 570 463 
785 207 620 5 8 726 82 410 66 770 227 654 467 665 623 213 384 233 
245 171 548 733 499 682 233 374 607 698 344 547 246 19 186 46 92 258 
8 295 699 433 791 440 727 344 369 708 623 54 203 693 635 92 692 453 
411 464 393 672 575 670 41 635 457 582 748 546 675 532 125 313 517 243 
325 576 558 547 388 778 198 758 66 183 236 745 360 506 612 196 628 562 
196 742 188 76 457 573 539 803 453 457 398 529 358 80 623 799 423 211 
343 466 126 639 505 118 449 547 80 782 15 255 150 715 287 803 498 204 
557 457 271 389 255 411 313 77 370 550 54 177 581 543 727 330 692 28 
165 438 631 644 628 548 147 431 517 496 639 547 353 457 233 656 785 688 
788 389 282 756 229 397 564 226 703 168 243 145 477 724 302 309 666 225 
165 709 814 720 628 548 147 544 86 49 45 547 353 457 3 628 697 199 
767 493 722 547 226 778 633 758 66 805 236 289 820 152 612 196 656 18 
697 207 518 192 8 437 82 410 51 509 427 654 153 665 623 213 395 3 
566 6 327 669 26 77 221 529 125 276 564 714 822 93 612 42 147 236 
285 470 96 45 480 778 714 137 735 548 673 220 523 815 8 324 648 580 
383 527 389 111 598 173 694 772 339 731 499 337 563 66 762 656 63 354 
803 287 435 108 96 97 168 616 33 43 597 175 463 64 397 442 778 272 
402 370 710 446 316 523 74 511 600 617 389 219 215 633 8 623 457 710 
803 379 127 624 96 384 378 725 779 371 377 175 30 315 397 422 310 686 
335 195 216 546 250 184 547 586 400 575 692 269 520 817 628 150 101 16 
692 48 339 469 400 198 540 457 749 491 593 58 385 575 137 732 236 191 
300 409 553 384 313 510 400 630 300 285 72 517 670 457 495 353 505 775 
638 398 548 64 420 682 3 274 698 176 642 547 142 19 4 529 92 258 
373 638 634 539 553 574 88 79 133 715 381 452 690 243 724 731 123 309 
752 739 803 557 732 749 201 397 263 580 596 236 590 472 262 63 236 658 
6 749 547 567 427 726 693 88 436 461 432 681 661 643 644 229 198 739 
133 381 212 697 380 3 447 578 713 29 487 682 550 815 647 370 367 633 
47 204 717 638 693 553 757 44 506 263 561 8 547 329 749 718 786 26 
605 365 61 757 399 690 597 219 373 682 316 367 574 423 227 275 679 236 
724 419 21 339 236 693 40 474 321 51 729 187 755 692 66 660 52 542 
174 586 196 96 10 205 88 761 63 657 709 31 144 111 141 58 273 504 
570 96 764 693 766 534 400 327 531 8 676 88 719 730 803 544 286 350 
491 94 225 626 636 623 145 219 784 212 71 402 612 559 343 213 204 397 
690 374 353 769 204 601 400 815 251 100 242 791 560 210 785 335 591 677 
254 420 690 386 73 8 140 279 737 570 452 288 464 12 143 708 631 493 
432 157 84 683 172 629 598 144 775 292 600 414 93 518 570 760 549 111 
7 238 483 682 760 302 805 158 326 46 778 452 409 192 811 236 786 142 
785 266 825 48 634 155 263 775 398 636 314 564 768 48 20 547 756 251 
116 19 547 502 612 726 564 88 822 332 595 613 482 399 644 229 633 739 
88 331 292 685 605 272 128 44 329 692 675 186 92 254 612 384 310 538 
331 96 103 500 571 692 111 356 279 448 286 594 114 249 788 326 84 815 
483 566 714 7 815 148 631 657 702 565 775 179 353 646 397 337 258 548 
432 169 646 532 172 807 576 512 775 613 638 751 509 530 353 704 409 459 
10 280 502 68 87 519 169 778 221 360 631 388 626 427 593 229 237 409 
76 623 401 563 187 485 368 687 585 109 400 448 590 429 296 385 251 708 
453 105 227 697 450 570 198 112 117 756 86 0 283 326 225 402 332 360 
237 815 618 693 787 534 400 195 678 8 627 10 799 780 666 268 72 695 
589 241 626 281 731 461 245 548 616 726 231 623 331 598 236 270 3 251 
810 339 25 263 746 207 702 372 233 378 617 32 541 370 263 354 750 226 
731 159 67 827 233 429 43 284 772 196 531 438 538 161 389 163 129 41 
797 611 457 220 604 259 236 334 532 138 707 498 709 735 286 396 708 769 
591 16 622 763 693 77 757 340 99 263 372 8 547 103 749 765 148 399 
654 430 738 96 55 370 254 690 710 125 656 225 476 139 702 61 304 396 
3 263 216 276 212 164 368 655 325 194 260 265 227 752 700 482 710 419 
13 815 329 58 37 692 459 641 406 318 555 594 610 249 413 326 185 96 
10 280 502 669 87 519 169 310 377 820 149 388 665 612 445 229 353 549 
378 656 90 656 252 98 602 504 822 458 51 142 573 451 6 347 820 637 
41 593 682 775 396 4 358 546 254 77 556 225 87 211 94 572 704 263 
81 400 493 10 11 301 495 400 370 743 418 263 827 791 457 821 312 368 
781 299 196 815 10 752 88 55 583 647 438 598 512 141 111 804 521 685 
8 541 315 790 775 386 726 344 691 653 623 57 432 564 641 92 692 134 
692 152 409 141 64 692 310 547 797 341 133 487 633 263 778 411 474 430 
163 26 629 546 768 805 702 250 727 257 605 812 343 623 137 38 793 88 
381 37 225 425 466 623 145 765 743 521 366 402 612 411 343 254 204 397 
233 263 187 682 826 274 368 103 668 509 513 596 427 205 448 661 565 670 
367 540 400 233 122 558 335 200 21 659 441 548 254 803 497 620 349 157 
605 590 269 669 819 77 284 46 415 276 564 691 274 423 612 579 117 236 
201 708 202 527 453 489 644 489 758 717 498 36 333 47 11 163 14 548 
795 438 540 14 78 786 300 823 547 718 631 666 139 580 315 725 799 802 
475 158 650 233 196 760 230 613 723 329 381 633 254 150 339 245 152 8 
823 77 696 29 638 589 46 636 339 508 217 612 8 353 262 97 455 822 
697 207 620 817 8 652 673 593 51 827 427 505 153 425 623 254 384 233 
728 569 178 472 368 577 413 540 381 620 221 547 725 564 255 495 787 204 
384 704 396 770 80 546 272 38 289 196 110 552 228 161 389 546 129 314 
234 687 453 395 51 546 327 775 0 373 484 464 587 585 339 339 609 335 
566 817 134 98 97 643 150 491 85 182 547 175 378 30 557 687 576 737 
180 236 383 788 815 486 107 19 345 326 470 693 278 730 563 457 360 399 
788 693 106 467 549 237 496 753 92 799 788 366 8 758 370 627 775 732 
384 25 396 194 3 546 686 121 214 196 531 552 247 168 389 420 351 114 
263 416 375 186 140 261 322 599 692 513 120 399 368 220 66 654 414 81 
537 96 395 240 709 66 276 189 298 62 623 677 680 333 370 114 78 380 
278 8 616 560 205 252 801 198 739 480 637 238 324 731 684 454 278 774 
412 150 356 487 547 386 245 295 225 252 358 568 247 181 400 449 254 225 
566 817 453 272 97 401 280 381 648 61 547 173 7 184 557 464 140 465 
668 140 543 547 755 310 633 758 51 721 236 772 820 189 612 196 656 90 
536 433 350 475 587 186 708 586 231 25 796 614 565 646 565 763 420 631 
739 343 812 416 452 668 655 690 802 16 15 51 160 550 51 263 72 684 
611 540 400 233 698 722 335 321 21 464 102 548 213 87 445 431 349 157 
139 824 271 677 34 708 411 368 119 309 212 349 374 693 273 324 440 739 
10 150 698 68 87 772 538 310 597 261 587 113 357 427 445 647 689 549 
785 534 268 688 8 471 258 497 51 738 427 747 153 407 623 254 731 3 
687 511 155 105 598 23 377 78 455 465 492 552 252 265 621 403 397 46 
531 772 739 96 145 400 826 798 452 539 699 692 797 660 123 315 150 50 
317 326 776 623 457 645 55 83 385 108 559 230 668 368 540 347 558 369 
78 397 263 439 775 641 356 781 661 618 809 175 207 628 175 710 612 632 
111 519 413 132 457 203 10 723 250 180 655 412 342 256 536 347 633 134 
47 16 717 707 693 553 789 270 152 263 311 8 547 655 749 46 156 399 
168 656 79 656 43 267 257 155 164 456 51 142 728 451 590 347 490 698 
605 116 61 789 643 553 284 718 415 276 564 611 164 423 227 742 135 236 
500 96 329 804 178 692 111 641 406 277 101 408 610 249 634 466 185 815 
54 600 813 323 77 592 88 562 793 74 491 409 690 310 762 97 691 309 
503 171 442 128 138 168 422 758 381 404 19 285 676 655 525 557 109 51 
455 98 316 92 274 127 383 365 196 825 602 368 528 623 353 271 352 116 
739 683 92 651 529 339 771 697 36 756 604 214 420 623 459 519 739 463 
96 260 475 287 326 457 96 689 529 282 196 174 582 310 490 469 368 585 
484 497 682 791 67 483 487 499 254 77 632 225 87 211 94 303 159 263 
286 408 561 8 471 418 178 793 421 7 773 397 730 225 521 370 104 400 
8 230 712 779 775 440 437 344 312 48 623 507 188 316 641 92 692 453 
125 197 171 161 459 314 429 713 320 233 261 263 197 189 204 394 768 517 
299 659 302 166 683 202 475 356 457 474 365 420 81 532 54 313 249 778 
141 745 413 132 457 203 10 454 389 257 703 346 801 211 22 4 198 453 
31 647 166 145 10 230 475 115 8 669 621 476 145 98 520 509 680 825 
748 19 547 607 227 437 316 10 592 461 203 681 661 535 644 657 198 739 
753 211 398 7 459 610 546 713 528 233 261 263 211 18 343 5 418 281 
551 521 186 339 103 233 384 536 106 9 722 625 761 85 72 767 242 553 
111 289 413 405 457 203 88 622 250 257 103 19 708 197 22 483 633 134 
10 280 567 757 803 348 228 310 121 360 35 792 442 612 354 647 689 549 
83 457 583 250 139 559 76 77 370 618 125 584 406 722 652 512 692 663 
370 185 602 67 41 520 380 541 162 623 309 682 2 668 16 221 623 801 
642 803 801 163 118 607 806 803 498 259 196 657 370 603 463 319 576 374 
692 653 339 469 400 633 503 457 749 381 410 331 352 575 256 387 236 399 
106 591 492 774 48 67 712 353 195 549 198 384 400 51 316 565 223 775 
713 136 718 749 593 817 566 484 611 5 180 423 565 39 376 160 233 742 
739 687 106 285 616 368 622 704 348 120 767 413 233 770 432 444 397 742 
52 262 739 96 309 400 321 751 549 536 712 692 737 195 714 315 280 460 
57 211 642 7 141 766 429 172 260 80 261 263 197 152 204 192 430 517 
458 109 93 96 55 370 213 77 565 753 656 225 239 434 467 568 32 67 
80 263 678 276 142 574 368 655 668 827 260 340 227 205 584 661 710 629 
138 731 348 368 573 198 368 813 450 423 743 149 647 143 623 547 820 123 
505 531 418 553 151 757 329 760 335 115 649 717 299 621 647 468 528 370 
297 372 135 496 342 396 382 689 61 549 198 384 400 51 316 565 811 775 
685 304 389 457 10 731 313 543 678 218 648 50 325 126 503 623 92 548 
766 497 276 775 67 483 358 429 254 690 632 225 803 256 9 307 25 263 
76 633 483 3 133 370 263 339 196 743 233 459 421 517 302 791 535 324 
359 537 590 689 639 185 574 489 23 552 168 339 417 76 96 243 820 822 
511 229 1 508 688 605 564 170 260 523 503 520 591 285 80 522 549 368 
77 164 237 472 343 806 400 96 324 188 128 791 560 121 697 335 591 677 
755 759 190 491 135 438 322 174 370 102 363 715 159 797 683 473 492 450 
731 264 380 738 80 163 43 210 348 196 531 552 402 161 250 163 702 766 
681 339 217 263 746 782 153 47 3 7 617 481 572 370 263 283 814 388 
81 400 493 88 53 524 753 400 370 504 337 263 827 775 457 45 367 368 
129 449 134 731 66 499 61 791 0 415 314 659 149 82 339 339 39 335 
111 516 717 51 484 581 178 13 470 150 294 368 758 335 697 238 769 173 
692 99 452 111 315 692 578 547 797 311 133 358 633 263 243 586 582 418 
1 142 4 339 103 80 384 796 510 178 558 385 306 533 72 668 242 690 
720 342 667 158 134 641 201 635 758 723 674 36 333 372 632 499 14 548 
731 264 2 827 3 420 43 38 289 196 426 552 157 241 389 420 129 484 
702 687 134 384 51 499 568 775 304 753 766 29 814 673 339 339 279 335 
542 549 77 731 76 526 400 630 542 416 101 658 667 457 126 237 508 791 
462 0 250 457 10 731 313 722 187 769 266 62 668 125 540 623 92 548 
384 704 380 827 233 429 252 377 783 196 531 709 115 7 250 546 702 314 
510 372 492 49 48 421 733 689 269 549 198 731 400 66 693 565 646 775 
550 16 207 594 355 774 692 49 647 717 668 420 260 499 766 602 648 92 
739 343 145 416 409 767 655 690 621 204 773 66 533 585 66 263 28 684 
690 574 353 823 16 464 400 96 324 188 128 775 372 38 697 335 293 677 
692 309 453 265 554 55 379 221 457 487 802 771 92 294 791 245 114 3 
370 563 400 675 95 521 370 92 400 182 798 51 599 375 263 607 479 400 
687 511 784 37 576 724 377 472 455 721 147 438 43 282 308 40 397 46 
207 483 455 696 299 623 340 13 633 251 785 336 150 292 409 633 263 92 
692 280 763 520 92 92 358 222 301 257 381 192 397 319 570 155 250 346 
487 252 564 92 436 486 383 116 196 346 104 368 528 623 237 583 32 6 
692 801 339 469 400 633 540 457 19 491 494 331 352 575 137 58 236 26 
116 19 547 350 227 726 564 10 592 554 595 613 336 399 720 647 633 739 
739 575 92 71 46 339 771 697 348 101 515 289 163 623 459 348 739 463 
88 280 122 789 87 143 247 778 597 360 587 226 407 612 283 657 689 549 
675 400 140 10 556 63 507 400 370 799 430 263 827 775 457 661 611 368 
469 355 196 168 758 61 632 684 628 447 268 456 309 130 327 96 588 632 
218 397 263 431 791 489 356 14 336 82 500 173 782 628 175 710 427 53 
34 692 66 364 605 588 345 555 791 145 806 448 226 824 569 20 323 459 
113 298 265 309 487 657 739 276 802 69 579 425 735 605 339 324 548 644 
291 346 547 176 227 727 693 88 374 179 188 810 661 191 363 647 633 739 
154 8 725 293 205 43 342 198 739 800 350 446 251 97 85 454 621 496 
14 39 280 637 498 399 546 71 82 155 596 194 55 767 102 648 780 339 
453 657 158 704 228 144 163 352 90 628 275 827 281 236 507 156 42 74 
117 94 46 757 779 405 543 454 287 257 539 759 270 722 728 184 164 627 
763 642 548 712 429 276 3 592 502 502 398 547 212 749 483 765 92 764 
614 601 165 748 139 207 208 223 579 329 730 662 576 221 236 565 11 623 
326 577 144 102 335 31 381 76 281 405 351 355 739 800 386 46 289 384 
737 481 491 637 4 4 27 505 558 689 654 371 386 489 5 629 682 485 
676 656 707 754 236 635 605 368 740 643 387 242 682 419 499 233 755 614 
540 8 675 449 267 286 826 633 384 533 623 54 576 132 400 459 171 709 
561 204 205 707 316 553 818 596 90 263 591 8 547 655 412 529 786 399 
649 225 630 313 555 282 479 688 476 540 2 351 8 715 646 118 548 607 
373 256 642 241 459 484 163 172 320 80 261 263 256 18 343 192 109 86 
690 822 237 823 16 659 400 815 324 188 645 775 47 377 697 335 591 515 
342 266 627 475 398 120 389 370 765 71 533 4 641 739 543 548 7 548 
69 378 20 658 731 594 638 548 616 470 304 623 12 140 236 282 80 251 
285 744 96 95 477 578 369 137 804 548 585 152 369 96 8 251 160 580 
455 202 77 465 255 745 389 263 809 565 219 360 33 332 739 92 518 164 
436 723 826 156 106 279 775 785 210 225 393 280 254 506 240 324 739 339 
108 701 425 339 236 564 40 317 212 66 776 599 792 692 66 660 187 769 
41 283 682 791 2 186 358 163 213 690 11 225 87 197 178 303 704 263 
491 105 225 425 466 623 145 46 799 321 70 169 427 586 204 254 204 397 
335 195 479 499 389 463 547 411 400 575 692 568 267 5 628 150 756 343 
813 564 364 153 549 689 112 54 92 719 813 89 8 758 370 288 791 809 
153 464 134 395 66 546 182 791 352 495 248 806 587 764 339 339 581 335 
179 815 97 33 709 51 682 562 625 62 623 677 132 793 370 610 78 396 
458 418 194 815 288 370 213 77 565 54 656 225 480 185 467 61 0 421 
523 503 400 3 176 722 335 246 422 464 334 548 213 666 497 431 506 424 
692 384 752 422 208 469 398 335 260 174 499 788 580 409 609 588 291 543 
258 66 395 564 15 470 690 263 54 818 160 356 803 591 503 236 553 243 
325 266 210 626 509 612 560 344 530 636 416 135 316 145 791 369 510 791 
580 179 250 459 576 175 446 36 339 384 163 671 563 66 130 628 524 410 
96 320 114 287 326 457 815 689 765 44 196 174 259 778 820 469 368 618 
654 109 509 815 761 370 213 690 710 54 656 225 239 811 702 568 481 67 
792 759 190 381 117 709 215 14 370 630 720 74 217 183 683 473 808 375 
313 623 191 563 216 414 368 601 618 337 400 405 748 420 205 0 324 342 
675 400 598 10 11 608 126 400 370 685 73 263 93 791 457 27 691 368 
619 594 291 353 336 185 822 641 294 438 378 339 645 76 815 578 360 574 
244 762 647 313 53 172 758 251 81 790 335 683 147 595 641 434 141 290 
692 145 134 340 461 761 308 38 457 487 379 522 92 724 775 707 314 80 
707 598 8 791 822 363 810 503 684 51 741 295 198 343 656 438 247 727 
692 812 453 270 332 761 154 597 457 358 287 127 92 762 791 763 248 3 
33 164 441 525 325 60 443 348 688 354 457 575 400 563 336 193 570 547 
459 745 813 318 457 595 10 454 250 180 655 412 708 256 536 347 198 453 
690 574 237 542 16 806 400 96 251 516 417 775 190 121 697 335 293 515 
107 347 151 243 173 782 452 308 435 560 620 565 175 292 660 758 722 778 
83 457 773 250 434 559 76 690 370 764 126 405 279 558 711 512 692 28 
803 379 734 362 815 384 378 616 232 371 221 375 253 382 397 407 243 98 
799 231 250 457 88 395 313 722 187 146 684 460 767 495 540 623 92 548 
3 263 52 682 521 822 368 103 668 509 260 270 612 717 584 639 710 670 
325 576 558 547 388 778 198 758 66 447 236 36 261 506 612 196 628 152 
615 560 147 774 708 2 712 237 269 549 198 731 400 51 693 565 139 775 
196 42 432 313 457 83 65 666 453 457 171 718 455 3 623 719 509 137 
182 150 250 711 797 618 697 203 203 194 770 51 210 397 315 343 294 91 
207 186 358 696 411 623 340 58 198 324 785 27 280 681 549 633 263 92 
155 605 639 423 407 298 77 760 102 491 124 552 758 725 149 84 725 304 
345 211 31 277 359 8 480 38 99 544 181 103 544 10 579 413 203 256 
467 659 453 731 66 499 660 775 481 415 41 601 587 618 339 339 581 335 
24 731 519 368 728 633 368 413 450 194 462 35 229 143 623 547 525 611 
404 105 46 222 790 584 558 296 379 602 536 759 265 543 577 30 164 376 
766 461 650 80 196 217 650 681 296 703 491 633 213 280 339 707 349 8 
474 326 723 623 457 128 627 557 625 130 586 816 767 368 540 186 558 369 
813 250 265 756 229 397 564 755 329 241 578 309 800 23 741 309 87 225 
341 204 296 638 316 77 818 265 220 263 591 8 547 655 749 718 148 535 
379 8 616 561 723 520 801 198 739 800 176 40 324 395 648 729 278 501 
720 48 807 594 134 635 720 641 758 622 330 214 133 560 556 499 174 548 
595 538 139 165 713 807 31 144 791 681 245 672 194 620 353 264 452 459 
604 211 598 177 172 8 476 221 349 620 443 655 544 10 62 413 203 197 
196 460 100 76 457 83 107 803 134 457 398 765 358 3 623 504 93 197 
92 417 714 799 403 711 204 87 423 646 387 490 338 335 197 398 349 324 
386 727 815 27 800 243 523 137 58 548 82 349 312 96 8 251 533 383 
213 546 553 416 418 8 31 39 805 570 452 740 29 387 289 801 750 31 
520 173 550 170 595 57 175 109 261 19 550 443 355 288 561 133 379 323 
254 420 553 285 109 8 493 468 465 689 549 288 464 12 36 708 587 576 
785 534 60 817 8 744 673 209 51 423 612 508 153 20 623 213 97 80 
308 8 616 341 296 371 342 198 739 480 637 446 324 395 533 454 379 131 
54 657 236 735 280 533 430 62 580 558 61 455 272 641 107 602 557 92 
692 342 339 270 400 633 503 457 412 491 494 735 231 165 256 809 236 535 
172 136 46 412 497 817 566 41 714 817 104 93 565 468 55 533 80 42 
550 51 731 693 773 744 690 263 54 222 85 635 803 561 540 236 77 778 
763 398 548 382 546 276 80 374 502 695 398 547 200 749 4 219 92 550 
759 284 650 172 225 611 189 489 398 766 276 111 207 482 682 335 577 775 
458 430 827 96 376 370 213 77 565 54 628 225 477 185 153 269 625 2 
141 203 776 66 314 581 105 13 711 150 724 368 758 335 785 694 472 450 
274 454 200 148 215 279 775 785 221 225 393 280 254 79 33 251 739 339 
316 496 75 502 649 759 767 509 658 675 666 186 479 368 377 797 500 21 
413 250 265 101 647 397 316 113 703 241 310 309 477 294 224 812 803 225 
65 483 14 778 175 782 409 621 127 591 431 710 175 292 269 758 558 778 
441 731 348 368 557 633 368 813 173 423 799 814 647 143 623 547 820 714 
323 232 637 766 750 186 653 411 231 25 107 115 710 434 565 707 420 750 
503 8 675 464 98 72 273 633 97 266 623 507 140 700 400 141 344 438 
453 571 612 785 375 570 198 774 716 286 517 32 410 636 225 247 554 820 
204 466 126 27 458 336 687 547 3 534 56 434 150 715 308 666 674 204 
196 460 516 313 457 728 22 666 453 457 398 529 358 80 623 799 194 211 
618 51 395 316 301 470 553 263 495 789 648 356 87 372 503 236 690 778 
697 533 412 801 788 743 263 791 171 466 484 564 337 653 20 547 28 251 
697 782 518 394 8 727 585 209 51 93 227 654 153 357 623 213 395 3 
82 51 97 693 583 727 77 263 495 68 266 635 87 47 540 236 690 578 
151 559 196 96 10 205 10 761 608 229 709 576 674 141 459 331 826 685 
146 77 70 687 124 566 529 326 339 654 760 227 8 353 143 97 455 374 
455 98 693 92 374 435 383 116 196 749 104 368 260 623 689 56 32 365 
16 466 753 661 75 639 29 547 80 534 15 434 280 501 308 87 512 16 
540 8 675 806 686 72 321 198 395 160 623 415 31 584 400 141 398 709 
576 657 751 812 88 650 114 402 8 818 308 800 812 272 43 827 318 346 
353 96 764 693 766 534 400 61 187 8 376 10 17 89 803 268 286 176 
605 192 453 98 731 401 280 381 648 319 547 450 241 617 728 464 576 447 
589 590 269 355 819 77 221 718 126 682 564 367 822 770 427 50 135 236 
76 198 347 3 793 370 263 339 196 719 3 141 162 281 736 775 535 324 
728 457 271 250 84 559 76 77 370 673 54 405 406 543 727 144 692 101 
8 56 438 510 457 436 121 397 473 399 704 467 761 681 593 637 584 383 
515 656 806 557 437 440 491 535 767 273 14 512 750 758 6 693 529 86 
140 657 414 145 88 206 484 538 8 68 621 480 309 252 252 93 277 412 
138 395 783 368 577 198 368 788 450 93 685 35 229 745 623 547 490 367 
326 577 512 334 335 140 491 313 658 405 702 757 739 800 386 765 262 97 
618 66 97 693 56 711 553 263 57 68 648 635 666 190 540 236 77 243 
729 739 666 573 804 19 720 397 263 383 270 236 291 300 262 524 236 249 
76 633 186 233 793 370 263 339 196 743 3 141 396 658 754 791 26 251 
747 430 738 96 676 370 254 553 710 57 628 225 239 255 129 568 32 162 
154 8 569 190 622 43 653 633 739 480 607 238 324 97 648 454 287 715 
333 381 142 697 2 80 797 310 713 659 455 682 764 815 647 370 523 198 
692 653 339 265 400 198 540 457 346 381 410 804 304 532 137 58 236 26 
709 370 692 111 97 3 731 198 730 427 739 547 81 520 517 427 339 159 
666 379 734 23 96 384 378 725 779 371 284 450 617 315 397 21 578 252 
76 198 483 3 793 370 263 339 196 799 233 141 396 517 741 775 643 251 
759 121 303 713 225 367 189 356 344 475 682 459 782 661 276 335 573 791 
383 398 239 725 658 324 739 400 344 804 679 2 343 551 335 199 85 620 
292 339 264 263 786 534 153 47 233 241 338 352 541 370 263 410 631 388 
668 85 377 422 738 427 47 344 518 466 386 147 693 309 775 523 297 775 
181 100 236 725 674 780 561 445 240 66 380 137 707 101 806 358 497 396 
309 722 8 327 445 476 492 581 459 690 260 170 167 705 788 380 277 734 
443 432 236 725 144 696 591 209 433 66 396 211 245 101 464 487 283 162 
825 552 491 674 397 559 456 416 476 785 697 313 565 591 726 491 382 427 
370 185 180 162 314 371 380 541 162 623 145 276 67 668 204 121 623 653 
124 344 548 315 429 276 233 374 122 502 171 547 142 19 483 219 92 82 
549 159 333 748 429 253 692 764 55 67 225 215 785 234 265 569 202 236 
47 343 723 638 564 553 355 596 79 263 591 8 547 703 825 718 148 191 
438 370 692 459 731 3 395 198 89 427 739 547 675 686 658 427 339 25 
333 491 200 785 67 3 737 578 172 659 455 276 258 815 229 370 714 198 
792 0 44 812 358 229 739 276 621 605 460 626 58 605 339 251 548 644 
634 564 322 153 549 570 774 126 92 799 634 706 8 758 370 306 791 387 
359 746 46 19 410 199 589 248 123 394 257 738 710 581 288 85 233 275 
495 256 642 378 141 787 546 359 260 3 490 263 137 562 16 199 73 249 
8 649 438 297 457 164 121 397 260 643 25 351 306 810 593 350 584 383 
8 15 552 364 457 592 377 397 260 401 264 351 376 681 361 567 448 383 
692 79 452 459 382 692 243 547 183 47 333 455 198 263 243 299 603 768 
739 167 92 780 765 339 662 785 745 72 345 348 163 623 459 783 739 391 
487 371 316 92 574 486 580 590 196 346 104 368 320 623 237 608 352 748 
806 393 784 105 493 23 210 300 358 737 119 709 267 282 621 694 397 765 
346 280 635 358 547 440 600 235 225 371 455 319 228 181 400 659 254 225 
412 150 641 358 547 285 600 230 225 520 455 182 115 181 400 464 254 225 
455 520 693 92 436 734 580 365 196 825 257 368 320 623 570 649 385 291 
14 411 196 96 88 752 88 376 524 229 438 598 498 459 111 13 273 504 
346 150 356 487 547 440 763 235 225 686 455 182 424 759 400 806 213 225 
129 601 453 395 51 499 327 791 385 753 41 659 750 82 339 339 581 335 
761 628 245 741 236 635 589 368 306 399 732 645 276 670 420 233 792 115 
762 419 422 339 236 693 446 603 273 51 729 52 226 692 51 660 187 472 
464 511 784 178 598 130 121 769 487 447 808 552 371 270 278 446 397 529 
788 389 44 1 647 397 316 226 703 161 778 309 480 724 224 145 803 225 
313 198 186 3 133 370 263 339 196 155 3 141 2 249 736 791 401 251 
325 85 121 425 509 427 293 642 439 326 386 808 316 309 791 369 615 791 
692 342 339 270 400 198 503 457 825 491 497 500 481 167 211 12 236 643 
692 97 622 626 338 270 398 335 513 174 546 788 580 452 581 588 748 543 
815 473 484 308 636 457 815 237 765 265 196 174 317 243 261 596 368 258 
568 280 250 744 183 82 697 432 432 770 770 51 284 397 315 16 130 607 
54 229 236 13 150 533 109 42 580 558 61 455 252 489 65 257 573 92 
434 51 350 160 586 159 292 700 739 92 276 656 698 775 228 65 642 345 
654 109 738 96 627 370 213 77 565 495 656 225 800 170 234 269 625 396 
323 4 781 243 173 705 452 802 451 311 544 565 450 292 319 758 722 778 
746 535 310 9 623 293 33 356 655 816 685 436 322 358 530 547 380 406 
654 109 738 96 376 370 213 690 565 125 628 225 239 811 234 327 385 162 
134 657 408 704 157 330 429 231 189 628 275 770 86 236 126 786 579 131 
204 466 126 95 505 336 449 547 3 534 301 811 280 120 802 87 330 16 
716 37 765 244 33 584 543 776 154 602 323 824 340 722 83 391 274 55 
746 401 578 105 623 561 33 356 329 541 743 164 364 487 59 547 396 279 
335 182 187 546 250 617 547 559 400 165 692 568 272 192 656 150 756 204 
732 739 623 598 146 748 634 51 400 92 807 386 137 801 743 341 646 613 
409 264 333 365 163 338 692 618 676 380 225 364 785 234 596 569 629 236 
759 188 236 725 498 730 591 494 33 51 380 137 124 551 687 455 497 380 
491 94 225 21 326 623 812 765 719 273 706 538 227 559 16 254 16 397 
796 4 14 778 450 534 409 154 734 591 544 710 173 681 195 758 543 578 
824 100 236 616 144 71 372 283 33 51 421 137 245 286 29 455 497 67 
785 533 346 801 813 719 263 791 344 636 484 693 430 342 626 547 72 251 
675 400 140 10 632 301 753 400 370 784 430 263 827 791 457 336 369 368 
720 48 629 408 453 489 201 489 758 723 674 214 333 293 556 546 151 548 
134 657 594 25 424 144 163 481 189 628 742 194 86 236 54 148 50 120 
739 167 92 89 46 339 486 785 143 551 515 214 546 623 459 519 739 391 
156 401 778 37 623 372 779 356 655 303 784 164 526 358 268 547 396 581 
455 701 690 721 170 519 389 263 13 710 529 261 433 537 739 92 439 592 
689 815 550 316 787 207 400 269 531 8 676 10 685 651 87 530 1 637 
110 772 739 815 145 400 200 672 549 22 712 692 447 269 312 315 280 50 
598 647 795 145 10 235 787 614 8 244 308 476 309 272 272 738 277 749 
114 361 276 775 67 347 358 546 213 77 53 225 666 197 545 816 159 263 
111 519 413 405 457 595 88 723 250 104 329 19 801 197 107 483 633 134 
10 150 122 222 87 348 169 778 38 820 35 755 425 427 445 657 689 549 
76 198 4 80 133 370 263 339 196 799 3 141 380 517 302 791 191 324 
692 145 453 44 554 761 379 597 457 455 802 486 92 130 791 638 766 80 
72 246 186 339 329 233 97 22 322 94 558 231 376 85 555 767 417 77 
96 473 787 278 326 457 815 570 765 282 196 781 582 578 820 469 368 673 
675 400 576 10 556 524 125 400 370 685 430 263 194 775 457 661 123 368 
600 171 548 315 420 276 80 822 695 695 642 547 212 412 483 46 92 618 
739 532 92 651 46 339 444 697 783 1 677 772 163 623 111 262 739 391 
499 535 670 420 109 465 467 250 470 104 566 812 204 623 197 377 333 10 
598 657 672 145 88 230 41 402 8 818 287 480 812 43 371 738 177 346 
14 411 196 815 88 723 88 676 773 657 709 140 498 459 459 804 212 155 
167 552 814 201 656 548 404 431 86 501 821 547 689 457 80 628 697 192 
411 806 736 795 532 667 787 489 457 317 590 546 675 167 125 313 86 778 
737 523 457 562 345 582 236 794 575 24 763 498 709 13 756 380 342 823 
213 546 553 440 671 8 140 581 805 689 549 288 659 732 214 801 631 493 
265 68 196 378 758 195 53 533 656 447 518 456 812 108 61 815 588 556 
763 171 548 712 546 276 3 822 176 502 398 547 246 412 4 529 92 550 
785 705 431 688 8 744 764 354 66 194 612 458 351 626 623 213 395 233 
596 355 196 161 758 61 556 648 656 447 518 654 309 108 568 96 786 632 
500 739 623 140 769 116 413 66 400 92 667 285 211 48 685 372 84 681 
731 159 162 509 80 499 252 221 783 196 479 438 169 161 250 163 234 766 
692 18 549 111 64 692 578 547 797 190 133 455 633 263 310 559 582 418 
71 296 467 229 84 791 530 335 567 22 399 22 7 379 803 229 749 266 
576 647 414 812 10 303 484 614 8 244 379 800 812 272 272 827 405 749 
78 409 553 97 313 510 400 441 472 285 28 86 629 457 373 353 505 775 
343 326 507 639 505 661 449 547 80 705 583 185 280 501 278 803 498 204 
636 462 171 516 589 321 621 812 197 465 219 674 276 421 313 263 133 732 
99 249 146 560 517 390 562 810 778 750 623 335 213 787 607 461 168 76 
759 597 816 619 225 123 349 489 171 41 682 141 207 45 682 335 557 775 
540 398 21 645 102 378 425 758 381 135 346 285 376 329 525 573 109 66 
505 110 671 690 14 669 329 760 335 424 56 622 299 379 657 581 528 370 
345 628 464 577 471 440 491 643 325 212 781 498 587 758 6 316 718 249 
656 313 585 679 613 640 659 623 52 315 192 724 381 457 244 316 312 83 
245 344 548 712 429 682 80 574 607 502 642 547 521 346 483 765 92 673 
508 531 73 690 151 669 329 159 335 402 524 776 299 154 657 279 260 370 
167 129 208 174 228 173 720 646 325 504 184 545 238 159 75 217 269 547 
254 76 702 51 788 707 183 782 625 455 312 292 110 131 728 396 686 260 
696 776 467 647 170 775 544 335 91 323 401 323 378 278 87 229 825 85 
459 595 205 66 114 609 94 331 711 150 362 368 758 335 697 777 542 175 
690 436 237 472 343 601 400 96 251 203 242 791 341 210 697 335 372 677 
690 274 689 78 343 601 400 815 251 100 128 775 372 221 785 335 190 345 
491 94 225 626 326 623 812 219 743 273 780 424 612 586 343 213 16 397 
168 328 347 682 159 754 797 179 636 718 310 549 452 199 170 236 148 321 
692 280 124 686 92 92 358 68 301 257 491 688 397 195 237 462 250 825 
24 250 563 518 742 789 659 134 368 428 457 766 251 264 793 543 113 197 
443 392 710 474 309 803 96 739 547 291 287 258 580 289 577 774 301 693 
335 568 479 499 389 391 547 299 400 575 692 660 252 817 628 150 28 343 
590 825 547 607 227 470 564 88 164 158 188 292 95 819 644 657 198 739 
664 178 236 106 449 263 135 147 201 457 448 263 758 281 587 540 715 6 
179 815 395 33 552 51 276 79 304 460 623 604 405 333 370 766 769 380 
472 549 690 731 313 106 400 441 146 386 663 249 667 457 495 353 747 791 
395 159 396 423 3 429 371 38 262 196 599 709 424 241 250 163 702 484 
254 76 702 66 413 763 737 705 352 487 611 681 52 514 573 380 686 260 
573 457 583 250 170 411 76 690 370 550 495 405 279 543 727 498 692 101 
165 552 35 363 628 548 679 431 281 774 45 547 689 457 80 628 697 817 
434 51 695 684 586 760 292 680 739 92 276 628 607 775 402 536 642 604 
213 313 702 66 813 600 805 782 231 358 367 613 216 131 557 421 267 260 
739 204 145 416 549 767 703 690 308 343 773 66 533 258 66 263 1 533 
370 84 104 2 114 371 380 816 396 623 309 682 2 668 16 210 623 342 
685 566 27 194 425 0 690 704 630 381 638 552 758 616 149 170 725 304 
172 156 718 19 410 817 566 475 523 199 104 770 710 39 376 266 3 50 
358 43 693 92 574 771 580 365 196 749 104 368 320 623 570 271 0 590 
101 321 186 339 103 80 395 22 106 178 722 231 306 266 663 325 128 690 
692 801 339 469 400 633 503 457 412 381 209 735 352 165 137 804 236 399 
503 171 442 417 138 7 20 758 491 679 412 285 761 703 490 728 430 66 
459 203 454 66 766 406 94 732 727 280 724 368 758 335 697 403 218 375 
227 79 449 398 174 257 805 187 460 398 272 8 813 578 36 282 664 366 
508 475 784 547 397 472 748 22 743 739 489 249 204 340 703 202 237 253 
824 238 565 428 309 666 815 739 547 748 802 618 580 783 573 774 271 316 
172 527 365 353 336 139 164 641 23 438 168 339 417 313 96 243 261 436 
77 274 353 542 204 29 400 815 324 432 242 775 591 377 785 335 561 604 
577 457 608 389 434 299 76 77 370 673 54 488 39 543 470 144 692 101 
505 768 423 815 761 370 254 690 710 373 656 225 477 811 467 660 231 67 
124 642 548 733 420 682 233 436 122 637 642 547 212 825 483 46 92 258 
689 96 618 693 41 207 400 195 110 8 376 10 784 89 803 518 663 607 
495 211 344 241 141 610 429 713 260 80 525 263 197 349 16 688 418 658 
3 263 110 682 200 274 368 329 668 827 260 44 227 622 132 118 710 670 
170 51 176 684 299 25 613 318 739 92 682 656 176 775 402 22 642 604 
14 411 196 815 10 622 10 740 301 647 438 576 144 111 459 13 246 685 
139 824 608 604 594 708 586 368 716 812 246 152 164 316 200 324 440 739 
552 370 692 111 97 3 384 633 706 612 739 547 81 252 249 612 339 217 
495 763 413 796 553 164 88 349 133 120 381 452 690 778 724 731 523 309 
455 43 693 92 436 435 580 116 196 19 257 368 528 623 689 15 481 748 
358 701 553 805 811 143 250 263 387 710 718 261 240 537 739 92 439 822 
181 238 565 478 145 666 96 739 547 291 278 673 383 348 83 514 773 564 
379 8 616 561 752 43 653 633 739 477 91 40 251 395 684 729 154 774 
335 182 479 420 250 391 547 586 400 165 692 319 252 688 656 150 101 343 
101 200 347 339 103 3 731 323 106 37 543 32 627 266 28 767 645 77 
713 136 219 346 497 5 589 475 714 199 104 738 565 581 376 533 3 42 
464 224 685 105 140 362 121 300 487 805 404 709 371 265 154 694 397 765 
692 309 453 596 179 740 802 210 457 455 308 522 92 624 775 707 475 80 
218 77 696 806 600 605 529 636 339 654 159 427 8 237 289 731 455 592 
736 229 72 747 192 69 564 434 473 369 503 371 560 285 233 734 549 368 
785 207 518 192 8 652 82 494 66 827 227 505 702 425 623 213 97 3 
81 400 493 10 53 63 373 400 370 17 337 263 827 791 457 27 123 368 
664 178 236 215 449 263 117 147 201 457 132 263 758 249 35 540 715 116 
47 16 205 707 693 553 355 282 99 263 293 8 547 703 19 718 786 819 
503 642 442 645 334 378 626 758 381 147 749 440 306 655 820 557 768 51 
580 594 389 141 493 450 606 262 339 395 429 768 193 51 362 656 773 283 
576 229 751 812 88 303 766 424 8 68 287 239 145 520 43 423 177 825 
526 311 147 496 801 380 712 570 269 452 198 395 400 51 564 710 223 791 
810 339 217 263 786 534 129 47 233 161 30 304 307 370 263 497 750 388 
775 212 102 92 748 8 326 801 327 429 297 468 181 204 212 144 452 360 
226 443 47 491 716 709 106 14 370 138 201 120 159 737 532 513 716 450 
153 601 134 731 51 163 660 791 304 507 41 464 587 82 339 339 279 335 
618 66 731 564 301 471 77 263 415 757 533 641 666 561 540 236 553 578 
504 625 250 457 88 97 76 722 531 472 684 742 767 57 540 623 92 548 
368 414 250 469 506 548 96 684 666 3 623 80 273 0 92 73 186 181 
453 37 427 697 175 353 633 514 135 286 517 481 354 466 225 614 179 360 
466 557 144 334 335 576 491 76 517 488 702 789 739 480 285 718 214 395 
612 90 687 171 174 180 183 599 62 344 520 8 813 578 262 282 603 366 
683 234 617 14 157 375 720 139 668 462 253 37 606 704 75 760 319 547 
4 566 312 168 815 786 631 229 234 565 791 408 689 139 397 418 550 548 
693 74 458 567 63 824 325 827 86 81 666 186 426 368 210 447 735 425 
692 731 717 20 208 270 398 335 260 174 420 413 383 549 39 148 748 543 
226 231 469 145 455 657 739 682 287 589 62 665 331 589 339 324 548 201 
335 182 599 429 389 391 547 559 400 532 692 195 43 394 656 150 551 16 
811 824 649 345 179 48 411 368 135 145 200 220 164 564 826 324 440 739 
376 656 600 393 236 641 605 368 376 399 13 128 276 667 420 233 113 169 
675 400 598 88 53 608 125 400 370 799 430 263 827 791 457 821 312 368 
692 384 752 442 208 265 171 335 513 781 163 813 383 409 581 136 365 543 
285 652 815 821 239 310 714 211 804 548 673 18 312 815 8 324 266 383 
254 420 553 440 337 8 576 468 465 237 409 55 29 735 783 342 631 576 
313 623 26 563 187 751 368 687 618 671 400 132 748 499 296 625 251 342 
323 790 695 114 814 4 342 586 625 25 539 614 565 139 565 124 429 631 
566 116 319 818 26 77 210 529 126 682 316 369 374 827 612 460 135 236 
573 569 178 472 368 728 634 503 491 518 221 547 725 316 434 373 766 16 
299 659 224 795 165 202 314 356 457 428 291 420 675 532 495 76 86 310 
1 273 347 339 103 80 395 22 297 571 722 304 627 684 551 668 417 553 
97 704 396 423 80 499 371 210 36 196 426 709 614 161 250 420 129 484 
669 724 647 76 632 713 758 251 81 33 335 575 492 595 635 139 459 290 
8 15 709 364 457 592 221 397 473 643 264 467 676 292 283 567 448 580 
342 85 376 610 171 496 389 370 765 651 648 4 489 739 558 548 168 548 
824 188 236 569 674 366 293 445 240 51 162 137 124 286 687 487 354 421 
14 279 150 695 512 399 546 706 82 504 44 827 740 767 24 533 366 339 
368 795 250 282 90 548 96 684 87 80 623 233 212 32 92 768 483 759 
83 569 305 542 368 573 813 503 381 518 121 547 616 693 811 753 787 204 
479 262 739 815 309 400 212 485 452 539 699 692 183 61 367 64 150 460 
438 370 692 111 97 233 395 198 696 227 739 547 675 371 517 612 339 159 
365 346 547 637 612 471 316 10 592 537 432 292 45 26 201 229 198 739 
627 656 600 754 236 635 69 368 761 819 500 645 682 629 499 3 226 115 
313 633 483 233 133 370 263 339 196 743 233 111 2 86 736 775 191 251 
505 216 73 77 781 244 655 704 335 157 56 729 559 154 647 39 528 370 
455 43 316 92 574 771 383 6 196 749 602 368 513 623 570 649 304 291 
550 51 395 316 301 711 553 263 125 757 684 356 87 561 503 236 690 310 
96 409 176 655 224 745 668 137 107 453 162 88 11 117 183 489 656 487 
134 94 612 697 375 689 198 74 117 663 658 298 593 466 225 402 179 490 
537 692 66 615 589 746 515 101 791 309 29 132 792 443 616 425 536 459 
367 540 400 3 176 543 335 826 422 687 24 548 254 87 361 439 349 115 
453 305 612 697 173 353 198 120 119 286 249 625 593 326 225 402 461 261 
540 8 81 806 686 72 246 633 395 160 623 57 31 177 400 141 642 552 
413 250 270 28 647 397 693 226 103 241 243 812 477 130 736 309 803 225 
503 171 665 128 441 241 665 758 491 808 19 416 627 655 360 728 73 66 
453 647 554 264 402 674 546 481 18 656 42 423 517 236 753 588 460 49 
477 636 225 562 98 335 8 91 713 520 239 579 380 415 501 565 236 23 
799 0 389 457 10 97 313 722 678 769 160 275 767 495 540 623 92 548 
455 807 77 805 255 214 250 263 331 565 46 490 779 408 739 92 268 592 
781 411 196 96 10 205 88 676 271 647 709 576 330 141 141 331 321 504 
415 657 236 387 150 684 671 579 383 722 319 455 686 641 107 602 83 92 
692 653 339 282 400 198 503 457 749 381 283 58 304 532 256 735 236 643 
302 657 1 654 5 605 316 255 528 369 540 98 560 416 233 435 409 368 
344 666 653 546 45 607 464 87 674 582 196 657 370 317 338 568 140 822 
165 709 149 201 656 548 119 268 86 112 118 547 353 457 80 628 697 817 
559 29 511 414 165 807 610 641 457 582 590 429 675 683 125 76 517 578 
409 217 333 291 163 253 692 673 376 67 225 640 785 702 596 569 202 236 
141 262 813 488 457 432 10 717 250 104 703 19 342 197 539 483 198 453 
438 370 692 111 395 80 395 633 730 612 739 547 675 43 86 227 339 760 
432 228 185 167 713 629 598 330 791 681 124 672 827 59 570 217 409 111 
34 96 731 790 552 66 682 99 352 579 623 677 318 333 370 248 146 380 
656 313 585 404 292 640 449 623 187 699 394 624 381 457 244 564 691 728 
692 812 134 340 594 740 621 38 457 487 621 734 92 108 791 600 248 233 
457 594 599 19 370 207 397 589 624 623 187 542 88 163 53 511 559 707 
692 280 245 98 92 92 487 669 63 180 491 199 397 327 237 462 250 346 
379 8 725 190 454 252 801 198 739 480 637 328 324 395 684 723 379 49 
335 61 531 420 389 617 547 559 400 167 692 660 686 817 628 280 28 16 
789 624 229 76 632 359 758 324 675 779 335 683 119 188 356 84 141 435 
432 557 512 518 69 145 423 707 123 400 333 546 729 236 525 692 318 733 
335 660 187 429 389 338 547 559 400 167 692 319 520 817 628 280 28 16 
782 483 358 89 586 623 469 809 198 251 697 661 280 681 549 198 263 92 
692 653 339 596 400 198 540 457 346 491 410 735 625 575 197 331 236 643 
134 37 612 697 175 689 633 514 808 101 86 298 445 636 225 115 179 820 
634 316 526 467 549 353 49 125 92 155 413 780 8 758 370 761 775 732 
781 609 150 350 512 26 420 706 673 17 340 93 306 668 630 533 780 339 
8 295 64 433 775 386 711 398 369 801 623 57 188 316 489 92 692 453 
737 312 457 99 677 664 236 794 575 138 245 330 709 58 756 2 801 823 
669 762 647 313 11 713 758 324 675 779 335 165 808 188 489 646 111 127 
811 443 608 345 332 653 299 368 135 812 321 79 164 564 246 324 440 739 
801 533 627 484 344 120 389 370 529 696 684 186 641 739 558 548 168 548 
345 628 687 557 437 386 491 401 767 521 174 144 149 758 291 564 219 249 
334 389 193 530 42 757 601 134 368 259 457 484 324 25 333 722 113 197 
8 608 438 364 457 574 221 397 473 401 159 351 676 810 410 637 177 383 
207 347 487 730 586 623 282 735 198 324 697 95 150 292 452 198 263 92 
383 179 250 141 140 375 238 519 339 395 163 768 563 66 762 628 63 361 
692 145 134 596 527 627 154 377 457 487 379 771 92 762 775 763 484 80 
746 191 578 545 623 560 232 635 103 572 17 274 364 358 268 547 67 279 
126 229 236 804 280 684 430 460 383 722 568 487 43 641 22 104 83 92 
613 339 25 263 746 534 351 591 233 241 253 32 307 370 263 410 35 113 
499 643 202 429 337 183 129 250 470 257 566 145 16 623 197 210 333 88 
452 217 133 365 420 208 692 764 761 396 225 510 697 129 282 616 670 236 
76 623 643 563 426 485 368 464 764 109 400 488 365 420 717 385 324 801 
133 491 246 785 67 3 797 310 359 659 455 682 673 815 229 370 691 633 
730 723 129 647 434 775 439 335 502 323 399 22 7 278 666 657 346 85 
810 339 159 263 156 705 351 372 3 168 208 0 303 370 263 354 149 113 
113 443 561 491 135 709 297 174 370 24 201 131 159 797 575 513 147 175 
582 545 236 106 29 263 147 679 201 457 277 263 758 281 750 540 131 6 
8 608 709 526 457 592 121 397 320 819 217 702 55 810 494 176 132 383 
8 15 552 364 457 274 210 397 513 819 264 153 676 613 410 567 584 580 
254 76 467 66 413 600 737 207 481 358 691 810 678 120 577 380 252 260 
810 339 159 263 588 705 129 341 3 378 30 385 230 370 263 361 631 388 
222 23 229 76 632 172 758 251 675 779 335 532 147 516 489 646 459 290 
604 211 576 584 359 8 476 597 90 431 759 329 620 10 742 413 188 211 
119 9 765 757 779 277 722 717 621 602 65 443 44 558 577 30 274 761 
782 186 455 730 586 623 469 387 633 251 785 639 280 292 452 198 263 92 
76 633 347 3 133 370 263 339 196 743 233 459 162 249 736 791 643 251 
679 305 529 244 232 132 558 454 278 104 323 181 340 558 573 208 274 761 
363 801 202 408 453 356 644 489 758 717 512 519 793 311 53 429 781 548 
793 381 142 697 67 233 721 578 172 449 358 682 618 96 647 370 369 633 
697 85 346 653 413 155 263 775 171 326 484 316 671 48 626 547 1 251 
96 311 657 776 279 458 421 397 420 555 800 218 656 497 266 64 157 325 
685 352 389 457 88 97 313 558 678 472 266 579 668 415 540 623 92 548 
720 653 202 408 134 489 720 635 758 752 330 36 793 341 11 546 781 548 
370 434 104 421 787 43 2 307 2 623 812 682 421 325 16 210 623 653 
409 25 333 6 546 338 692 258 761 421 225 615 697 153 282 569 667 236 
8 63 552 322 457 374 377 397 528 643 25 129 306 292 497 91 488 580 
248 361 276 791 67 347 487 429 213 553 556 225 803 137 178 541 25 263 
75 248 719 547 397 769 6 536 743 739 356 249 16 340 329 670 689 391 
824 595 236 569 330 706 341 361 433 66 162 211 124 286 464 455 283 396 
619 332 748 353 482 811 822 356 362 438 378 339 417 76 815 778 490 574 
574 752 142 786 640 581 791 697 121 225 736 280 254 18 790 324 739 339 
612 189 659 398 151 104 465 678 742 398 98 8 413 310 143 270 603 70 
413 250 596 28 657 397 693 226 703 378 243 145 476 130 754 145 666 225 
681 339 217 263 746 207 129 293 233 378 253 32 650 370 263 497 750 226 
65 186 174 778 450 534 452 621 444 372 268 710 450 810 61 758 558 310 
363 342 667 179 134 641 720 489 758 205 144 745 333 311 556 499 174 548 
41 408 235 80 196 159 206 613 729 329 381 198 213 150 339 763 90 8 
508 531 671 553 151 757 103 217 335 424 301 717 586 621 657 279 260 370 
691 540 400 80 637 558 335 826 407 464 102 548 213 803 445 268 79 402 
785 396 765 254 736 282 215 51 623 547 725 368 394 173 193 723 576 313 
622 739 87 573 804 825 363 397 263 383 270 236 6 146 745 301 236 281 
8 206 382 433 791 386 471 171 611 342 623 57 595 316 489 92 692 453 
462 352 389 457 10 395 76 558 426 472 684 460 325 373 503 623 92 548 
755 443 341 381 135 438 106 14 370 334 644 120 25 465 165 513 119 173 
84 759 649 677 408 708 586 368 716 812 321 18 374 693 273 324 416 739 
540 344 21 645 794 7 20 758 381 147 412 285 627 103 490 577 768 51 
163 26 202 420 768 737 234 389 726 180 566 145 16 623 256 210 133 88 
659 741 17 178 598 362 597 78 487 737 404 709 267 282 308 403 397 46 
527 692 51 215 566 148 677 72 775 812 449 488 113 759 569 665 65 111 
540 8 675 601 272 72 521 198 97 648 623 57 31 700 400 111 398 709 
692 220 409 111 712 692 243 547 447 561 793 455 633 263 310 411 474 418 
785 684 825 801 813 784 263 791 171 326 787 693 73 801 407 547 28 251 
313 633 4 233 333 370 263 339 196 799 80 111 396 658 224 791 535 324 
766 593 276 791 2 186 455 163 213 553 556 225 87 197 94 572 264 263 
101 212 4 339 329 233 384 65 615 94 543 231 761 648 101 325 417 553 
148 26 778 105 623 190 33 641 103 816 155 436 526 487 60 547 396 468 
174 368 564 573 532 623 724 244 193 640 632 515 707 72 791 331 253 167 
292 339 760 263 746 705 129 341 3 161 463 298 572 370 263 283 149 113 
278 8 569 293 723 252 342 633 739 476 637 694 251 384 266 454 621 131 
739 16 145 285 452 325 329 690 278 16 583 51 533 258 66 263 756 648 
589 5 453 371 395 535 280 491 533 182 547 175 168 184 83 29 31 805 
222 108 647 313 632 713 758 251 675 790 335 532 404 203 641 255 459 290 
228 370 565 40 316 714 49 511 124 253 250 529 640 198 8 623 457 710 
737 611 457 79 515 603 236 138 167 630 600 330 552 387 101 396 708 823 
314 354 276 791 396 4 487 429 213 553 556 225 803 137 571 572 264 263 
549 217 333 116 546 184 692 550 676 2 225 297 697 702 469 569 807 236 
100 577 674 544 566 145 509 600 714 400 333 546 729 236 490 692 132 712 
508 484 784 547 397 300 116 323 462 739 356 517 343 270 329 667 689 338 
464 393 743 571 598 362 597 300 358 183 135 709 371 282 621 328 397 765 
564 131 456 122 524 824 767 770 517 81 666 186 678 368 210 805 387 357 
611 503 400 233 122 722 335 142 626 659 630 548 254 87 410 518 18 402 
69 192 453 98 731 643 280 381 266 182 547 450 161 208 83 806 493 183 
14 368 693 577 167 623 362 68 193 215 556 604 124 756 791 809 463 167 
475 332 303 233 196 217 307 681 454 703 381 633 254 150 339 638 189 8 
115 464 167 6 811 207 208 84 579 655 696 771 31 210 236 710 556 623 
636 577 674 102 335 140 381 313 517 277 234 68 739 480 416 46 36 731 
634 389 596 551 647 397 316 226 655 7 578 812 239 362 736 309 666 225 
282 669 196 7 758 269 11 266 656 805 544 654 309 762 319 96 746 556 
133 381 212 697 396 3 465 310 359 449 358 276 82 96 647 370 367 633 
413 389 282 28 647 397 316 792 329 168 310 145 800 762 393 145 87 225 
549 760 133 748 499 30 692 550 288 380 225 364 785 467 265 569 419 236 
19 280 635 455 547 386 638 295 225 43 487 182 169 759 400 464 213 225 
653 85 627 41 344 514 389 370 718 89 266 4 635 739 543 548 7 548 
215 591 135 74 653 162 712 237 660 452 633 384 400 51 316 565 170 791 
96 409 698 655 736 348 767 137 323 453 2 10 632 492 737 489 656 455 
679 94 529 244 790 318 543 205 802 180 536 759 282 558 83 208 592 676 
793 491 246 697 396 80 465 778 172 464 487 276 618 815 657 370 367 633 
709 370 692 459 97 3 97 633 366 227 739 547 675 371 281 612 339 25 
453 545 427 785 173 353 198 49 808 663 249 298 497 326 225 614 527 360 
125 647 236 387 150 533 337 275 580 558 269 487 43 635 65 104 83 92 
492 178 529 757 33 488 543 296 154 257 323 443 340 722 577 617 592 306 
302 657 555 747 192 69 316 84 473 312 503 267 311 386 3 486 452 368 
605 590 327 818 399 690 38 529 54 276 564 367 274 738 612 579 404 236 
258 204 207 158 355 715 692 514 647 205 767 546 473 420 766 602 648 92 
693 774 747 176 524 824 668 738 86 675 666 4 599 368 284 183 58 20 
427 18 449 344 151 257 183 426 460 171 267 8 634 310 745 340 428 366 
449 395 97 537 439 66 153 60 10 66 799 134 815 812 367 195 547 147 
395 159 162 194 80 499 272 38 214 196 216 438 228 7 250 420 702 484 
595 614 646 575 713 419 140 498 791 810 707 798 423 59 570 264 549 111 
714 540 400 80 637 558 335 142 357 29 630 548 254 803 494 620 349 157 
213 429 553 285 671 8 576 468 183 353 452 740 806 732 519 708 631 493 
815 260 475 802 466 457 96 237 718 282 196 781 259 578 490 469 368 258 
306 628 124 741 236 489 69 368 740 26 13 645 682 629 499 80 113 157 
577 457 583 389 185 411 313 690 370 585 125 132 468 722 471 330 692 555 
692 506 549 141 699 692 243 547 183 47 793 455 198 263 310 586 478 337 
752 739 803 83 387 19 363 397 263 383 270 236 6 146 262 583 236 517 
574 622 521 588 215 39 791 697 377 225 393 150 254 152 779 324 739 339 
10 150 502 222 666 519 169 310 284 261 631 755 422 227 354 229 353 549 
785 684 749 48 634 743 263 775 344 466 787 564 671 801 21 547 663 324 
