134 1
38 
60 
97 
56 
125 
66 
90 
88 
65 
46 
101 
47 
40 
9 
25 
25 
39 
93 
56 
84 
83 
11 
7 
79 
125 
98 
59 
82 
2 
57 
117 
33 
22 
127 
34 
36 
0 
62 
125 
36 
62 
110 
4 
101 
94 
129 
125 
11 
36 
82 
5 
29 
125 
41 
20 
79 
79 
37 
48 
46 
125 
54 
124 
92 
58 
50 
65 
39 
25 
59 
41 
5 
39 
5 
58 
48 
83 
54 
125 
59 
105 
25 
84 
5 
34 
92 
123 
90 
83 
25 
93 
39 
88 
7 
0 
47 
73 
129 
38 
54 
94 
9 
2 
2 
95 
123 
54 
82 
65 
110 
101 
93 
22 
101 
46 
31 
11 
12 
37 
44 
98 
78 
39 
0 
36 
38 
22 
20 
56 
86 
62 
65 
22 
90 
