628 18
267 17 235 293 455 322 66 545 321 11 345 538 285 519 107 392 152 524 
160 379 155 176 309 436 359 539 574 111 350 619 417 62 352 539 158 406 
152 560 33 218 407 153 267 376 595 372 398 332 168 396 553 52 187 145 
286 518 568 524 424 85 65 382 308 212 576 436 316 73 542 200 133 223 
540 510 136 74 99 612 538 507 527 87 381 254 234 213 461 425 14 299 
534 226 69 138 454 226 153 382 66 590 480 573 384 3 242 396 336 177 
384 306 571 623 438 453 262 478 279 429 532 269 71 236 466 205 257 16 
76 524 610 612 299 555 545 60 282 188 447 226 340 178 610 544 489 31 
545 306 150 527 528 287 347 203 243 44 380 141 245 339 112 524 613 155 
474 498 396 323 14 551 445 308 425 614 416 594 492 485 400 496 270 41 
577 508 129 534 578 275 597 404 140 245 188 580 445 51 516 299 337 605 
411 140 228 68 501 307 253 565 429 410 252 512 365 436 116 527 532 485 
334 210 421 436 293 71 279 415 116 144 259 539 512 200 55 410 237 173 
507 120 31 471 101 220 200 252 254 578 102 321 603 167 244 125 460 431 
543 220 603 179 597 269 168 489 576 452 367 224 336 145 525 14 78 145 
545 138 346 532 140 221 248 203 324 44 534 421 245 339 12 524 372 155 
492 218 157 625 130 230 620 619 619 26 116 177 383 516 208 144 597 163 
611 566 184 454 214 509 529 371 384 327 192 134 468 173 72 256 618 234 
397 230 178 200 158 619 579 46 466 402 181 512 488 233 270 304 574 200 
402 412 180 164 576 135 568 287 455 214 351 391 4 424 458 532 352 212 
415 26 54 625 296 50 621 387 88 492 530 567 496 41 121 4 585 578 
43 478 414 517 595 610 155 187 561 214 422 429 304 540 534 380 14 53 
197 594 302 80 470 293 422 435 206 491 436 206 188 169 188 569 423 136 
253 216 382 140 173 422 127 501 159 246 562 167 367 131 147 151 354 234 
282 138 367 269 438 337 616 478 360 429 503 330 413 236 466 184 131 532 
155 542 94 330 595 487 62 77 500 288 403 468 585 176 200 218 59 157 
234 591 250 450 624 382 507 338 86 112 230 559 305 621 595 471 287 244 
430 402 155 619 203 415 97 117 210 610 586 597 304 351 473 305 500 518 
173 552 157 459 214 83 224 188 228 592 576 66 545 234 408 595 227 218 
457 422 165 156 539 18 532 306 380 482 54 1 485 111 344 558 488 425 
84 399 155 52 351 534 144 415 262 63 343 69 153 304 267 282 525 41 
44 203 9 425 34 70 396 55 254 424 42 309 627 155 68 438 78 16 
359 525 482 364 77 286 81 152 448 140 223 144 584 215 359 28 277 72 
488 512 226 318 2 187 128 363 4 576 94 423 180 337 562 318 84 605 
5 218 489 87 452 622 580 19 306 410 220 249 170 83 252 347 589 620 
2 219 613 468 177 604 121 467 72 382 524 224 289 121 200 458 547 488 
409 15 578 16 220 396 521 256 492 185 107 101 13 101 359 203 578 182 
527 560 277 218 387 153 267 197 595 486 521 332 606 377 251 334 312 365 
483 75 525 70 595 410 618 219 456 2 163 158 314 603 226 425 16 272 
74 46 403 234 319 619 58 319 293 44 347 526 305 143 325 464 322 97 
133 539 223 469 403 287 326 101 159 503 371 37 525 62 547 289 163 482 
538 20 321 134 14 528 190 592 305 234 94 265 305 120 214 622 569 54 
198 403 200 554 582 390 97 478 340 131 171 527 486 561 573 290 61 188 
76 200 403 496 110 587 485 198 322 452 145 403 443 435 302 304 239 347 
37 82 579 615 582 439 121 168 305 382 285 212 270 153 200 432 555 488 
200 121 578 536 311 250 500 552 558 403 285 373 362 145 617 84 3 406 
60 114 479 78 176 38 501 411 147 187 110 394 608 410 236 518 244 342 
580 434 545 545 304 3 424 140 153 170 282 235 112 302 589 142 119 76 
155 415 94 623 595 391 452 77 500 78 403 166 336 176 200 218 386 157 
217 457 453 455 80 387 193 511 495 31 248 41 196 222 80 33 234 263 
438 79 368 578 392 304 37 358 179 509 97 579 582 592 57 580 620 392 
100 526 155 619 223 542 60 49 95 147 449 597 304 235 124 72 337 76 
165 346 155 271 235 380 144 415 526 339 47 69 153 304 267 539 525 198 
587 145 5 72 556 439 336 365 619 525 218 579 48 13 353 424 396 559 
86 26 301 165 230 72 480 328 224 243 327 534 234 608 214 42 377 162 
239 69 591 381 190 504 12 12 130 578 7 458 365 77 582 545 308 290 
90 31 500 455 2 387 11 33 531 485 46 41 609 327 2 393 234 34 
92 404 391 198 226 84 88 619 391 150 549 189 416 541 424 376 509 579 
37 525 4 266 77 286 300 152 448 140 223 344 349 215 37 383 277 305 
267 64 351 575 370 190 226 173 159 193 125 577 285 397 123 133 532 285 
497 100 566 595 111 486 133 48 448 0 429 158 512 18 299 252 33 446 
116 52 410 141 46 245 404 487 388 26 540 512 453 518 340 130 212 415 
214 594 159 619 504 200 492 337 456 60 472 599 206 438 474 293 294 305 
41 403 200 515 14 137 60 130 513 505 309 532 579 561 363 191 433 188 
298 592 205 454 214 186 395 624 282 355 577 510 615 173 305 201 102 234 
415 422 320 536 296 230 113 387 412 492 59 567 309 41 470 480 585 18 
157 503 595 332 616 469 26 544 222 275 439 302 233 610 353 26 188 365 
577 604 174 534 207 275 160 376 140 571 188 580 182 586 229 299 337 605 
139 268 429 475 559 97 92 113 573 219 358 366 123 406 447 397 322 186 
518 8 207 532 220 377 1 256 492 320 57 101 204 101 37 223 18 259 
544 480 534 328 374 26 253 375 72 492 592 524 285 490 26 607 282 157 
380 232 1 48 68 620 242 140 397 598 547 611 469 383 545 437 244 348 
578 218 558 578 473 336 267 28 293 151 385 19 200 218 161 382 235 379 
483 332 620 70 595 410 523 471 456 2 561 454 279 603 226 220 527 348 
441 426 580 51 41 102 166 226 285 471 427 616 487 256 606 3 536 586 
120 581 254 619 62 166 558 380 439 525 518 480 92 438 124 567 308 157 
273 16 409 140 304 263 372 409 223 22 97 261 528 227 320 336 218 287 
204 554 330 72 224 604 585 609 619 525 218 434 48 178 538 424 396 228 
155 595 182 394 431 325 498 81 198 214 528 619 539 226 123 403 607 561 
363 26 170 88 539 18 527 138 380 4 320 82 31 290 560 227 501 512 
532 560 317 218 407 563 157 597 595 372 471 332 168 202 185 624 115 145 
399 77 233 517 510 425 73 474 337 28 192 620 396 606 336 80 443 150 
404 106 155 416 496 567 359 282 574 465 232 619 526 62 171 539 25 416 
619 21 201 439 27 412 422 610 53 410 489 37 446 471 561 11 340 354 
160 190 302 80 342 575 26 435 270 583 436 289 188 15 188 343 265 318 
3 200 165 167 435 412 52 82 624 45 461 234 54 45 495 31 236 390 
539 400 245 269 438 472 402 469 360 429 16 269 237 209 387 205 555 527 
357 101 252 200 536 209 117 494 593 605 143 240 410 21 225 347 200 422 
211 134 504 154 595 522 155 187 561 214 26 429 304 3 534 534 14 77 
346 53 551 24 130 425 406 419 472 439 192 620 396 168 336 359 24 568 
155 595 182 394 35 75 476 280 441 214 140 619 384 226 458 403 321 561 
280 261 213 522 144 38 585 218 539 301 12 416 346 285 301 454 434 576 
619 21 256 383 397 149 422 610 77 410 489 359 479 521 561 11 340 272 
173 173 359 395 381 304 510 430 41 316 438 119 154 332 414 443 494 35 
202 307 608 619 62 166 625 534 604 620 151 480 509 438 279 436 308 157 
204 554 269 72 195 508 336 145 619 620 218 486 25 146 538 575 202 299 
37 234 201 10 453 223 608 218 324 211 237 29 174 353 45 378 316 542 
93 602 566 595 581 579 392 48 310 59 429 25 220 207 339 252 393 479 
363 26 170 156 282 578 527 306 534 4 54 219 573 307 250 558 488 220 
354 356 70 475 299 97 92 132 363 82 284 599 123 406 535 449 190 509 
569 71 545 235 101 422 46 472 543 622 196 555 182 323 527 78 207 181 
465 186 150 162 240 200 403 76 63 31 156 24 304 616 406 250 438 399 
80 234 256 468 453 61 254 218 572 312 292 29 208 353 45 444 142 294 
457 422 544 156 384 207 527 287 380 4 553 219 31 191 250 227 501 40 
282 426 223 607 582 72 619 493 117 214 567 225 599 442 242 352 441 310 
608 347 403 234 266 619 426 68 424 35 347 417 305 301 75 114 236 97 
183 292 155 443 438 198 24 141 123 281 481 164 58 138 410 447 56 394 
186 404 181 441 226 84 21 619 487 150 32 189 406 523 293 197 83 579 
438 576 569 530 5 234 112 214 374 550 311 159 524 401 140 576 370 556 
217 457 453 179 80 387 184 393 564 457 46 441 515 459 37 194 234 34 
534 451 521 158 68 620 242 140 51 598 257 440 478 439 173 437 244 354 
354 252 198 398 494 293 422 276 434 327 619 494 542 200 410 37 101 393 
334 53 502 567 575 413 473 415 116 593 34 539 220 200 494 410 71 545 
155 80 6 361 17 22 532 410 19 225 542 35 352 576 576 74 105 218 
155 595 34 490 35 325 104 167 198 214 140 619 384 66 123 403 607 561 
76 200 403 309 110 614 31 41 594 62 554 403 24 435 45 304 557 347 
3 200 504 255 281 412 30 471 52 302 168 234 54 302 423 457 190 389 
311 457 337 455 359 466 205 393 265 31 347 441 515 355 2 393 234 34 
188 453 592 576 20 416 282 79 397 245 200 267 525 140 105 545 157 394 
139 297 429 356 42 97 509 349 573 398 477 74 627 416 408 449 236 509 
164 619 319 204 145 64 288 118 469 342 219 560 70 304 618 27 378 314 
619 260 530 182 11 187 188 188 543 381 234 444 620 361 353 560 166 185 
37 234 256 216 453 223 608 218 35 312 237 79 174 353 45 368 142 294 
83 597 333 441 66 165 374 619 333 399 549 477 416 102 575 197 186 434 
455 72 436 578 170 440 433 87 619 370 625 71 16 375 14 219 66 14 
181 252 197 527 235 218 285 423 509 410 175 533 188 530 311 140 412 235 
545 306 346 527 528 138 46 223 603 603 534 141 367 559 574 524 486 155 
173 221 399 16 140 221 347 61 603 243 380 345 7 299 548 285 579 155 
381 325 620 70 595 410 523 398 160 2 561 158 279 572 226 425 16 354 
415 422 320 227 87 50 584 407 149 492 59 436 309 441 153 482 585 578 
296 619 187 207 449 185 198 489 169 151 492 492 625 63 429 534 39 448 
595 410 3 260 384 567 576 399 207 120 620 15 88 196 410 359 576 250 
155 80 86 301 64 442 532 410 394 261 542 572 491 576 576 366 298 218 
177 294 453 347 568 267 188 54 403 194 5 309 315 306 516 97 331 387 
296 619 43 207 586 427 441 85 550 518 492 492 536 42 70 380 298 316 
155 595 259 274 35 244 104 167 441 214 528 619 282 226 432 403 159 163 
476 67 382 528 545 26 420 488 321 583 280 255 276 257 522 409 139 234 
218 149 260 436 46 576 259 346 244 532 182 494 310 489 467 427 489 448 
188 472 261 576 20 73 282 537 519 367 200 157 620 140 39 545 157 490 
113 524 31 85 492 446 258 485 322 120 218 443 539 532 492 173 344 525 
97 77 585 381 308 597 301 26 446 195 500 409 245 339 407 501 350 41 
181 252 197 152 235 218 524 341 83 410 350 602 188 530 114 140 412 235 
460 498 202 280 582 405 34 549 40 13 416 591 492 457 221 246 289 198 
569 485 216 380 234 565 536 339 188 462 291 564 108 545 268 154 64 372 
307 584 614 46 202 458 67 339 387 247 482 473 93 188 188 69 101 66 
595 502 372 347 550 401 320 436 96 426 302 292 172 559 620 451 541 424 
537 377 485 1 101 425 200 252 608 207 102 321 572 300 244 502 460 324 
460 476 120 255 14 233 259 426 220 273 416 190 492 31 400 583 463 441 
545 221 568 16 528 306 46 223 431 243 534 141 571 63 12 285 613 155 
187 134 22 517 595 610 155 187 163 214 422 429 304 3 534 380 14 95 
415 3 567 214 585 387 585 218 382 443 516 255 417 312 285 32 204 292 
146 532 518 140 304 34 579 437 203 84 60 590 140 558 553 585 218 221 
492 218 157 227 134 230 525 619 619 422 489 582 383 106 303 593 404 561 
619 110 513 263 184 187 188 188 467 381 234 444 620 301 192 593 166 251 
539 400 357 5 438 337 262 134 314 70 503 330 71 190 387 11 257 503 
259 430 488 391 220 304 623 28 336 45 18 545 478 387 87 214 228 354 
312 134 170 6 595 9 155 187 163 214 26 70 304 3 534 380 14 53 
143 529 625 420 266 365 546 200 17 166 340 240 437 538 552 198 620 285 
155 294 332 5 595 487 62 77 337 311 403 615 336 411 200 218 59 157 
542 523 328 252 170 107 286 18 485 218 262 403 331 152 410 561 578 248 
239 282 403 447 548 439 248 95 302 441 63 387 121 173 26 568 18 513 
183 292 155 24 438 441 154 502 123 435 284 174 58 400 410 408 56 274 
619 238 530 445 11 211 188 188 461 483 234 378 620 301 192 593 468 600 
465 479 466 547 545 252 302 584 429 187 563 389 501 218 536 524 144 445 
415 26 553 536 296 230 584 466 149 492 530 436 496 441 121 4 336 18 
404 591 45 359 470 424 26 256 270 385 436 289 188 169 188 258 564 484 
577 508 129 534 18 418 404 376 528 245 188 235 34 27 516 559 453 605 
150 53 611 443 134 512 38 460 337 28 192 620 396 168 336 80 443 346 
150 97 137 337 382 11 234 438 348 525 399 152 214 398 469 52 367 482 
173 287 150 527 140 138 248 433 324 324 534 125 245 559 112 285 372 155 
456 190 45 80 563 575 26 256 463 309 567 270 188 420 188 258 265 23 
298 141 130 599 218 207 63 304 263 1 187 173 607 284 374 553 369 188 
370 72 436 578 414 39 61 296 619 370 625 237 532 364 177 219 226 177 
349 2 525 203 115 313 540 309 188 382 214 403 60 97 155 610 59 472 
415 422 251 227 296 50 240 387 156 492 59 436 491 41 470 480 336 578 
409 420 207 527 220 202 471 256 492 600 458 101 13 101 37 223 578 34 
483 94 620 70 595 410 541 471 160 37 561 454 360 324 66 40 152 348 
180 220 243 455 197 269 606 85 576 62 571 556 336 609 525 582 217 196 
493 202 31 219 101 512 200 252 366 207 523 321 324 280 94 141 419 243 
216 513 172 417 512 7 595 233 304 302 525 316 580 174 66 53 575 300 
399 60 278 500 382 184 234 438 557 525 346 527 214 1 130 401 367 482 
157 519 247 371 595 328 4 304 39 532 408 304 338 131 163 198 234 521 
269 218 116 87 62 161 235 490 400 410 512 392 84 83 252 347 586 620 
235 613 545 173 304 540 575 140 470 165 539 580 574 302 27 147 626 76 
176 140 299 364 488 111 104 565 429 410 252 425 365 436 489 532 152 363 
443 422 301 22 596 305 480 328 556 35 459 380 234 254 214 228 120 121 
619 88 281 28 51 88 422 522 210 410 116 37 430 521 561 193 513 272 
518 200 403 496 237 273 31 441 594 452 196 403 6 281 45 304 139 46 
214 391 296 53 112 220 588 276 240 214 575 267 168 451 344 33 219 229 
560 328 90 254 422 287 569 349 506 502 554 336 286 305 568 87 253 383 
493 224 498 282 274 384 526 188 424 384 411 444 45 488 445 33 421 601 
272 252 41 1 231 293 26 357 579 222 619 494 294 200 410 37 101 33 
416 567 163 502 28 26 304 466 377 455 305 30 20 100 49 399 368 451 
411 140 339 266 488 581 476 331 70 410 252 40 196 567 116 527 152 457 
501 512 226 136 37 211 38 31 480 576 325 315 543 337 81 23 22 91 
551 248 200 426 248 206 417 419 304 410 91 483 326 172 265 371 91 7 
595 502 434 248 127 401 251 436 618 308 45 237 473 63 525 69 102 575 
272 282 403 612 12 508 46 95 302 198 63 466 121 173 26 150 207 340 
192 208 607 510 14 528 322 566 305 234 332 265 72 120 214 516 343 251 
455 305 567 207 414 440 433 87 619 179 558 237 503 266 177 398 226 177 
234 40 620 59 370 455 252 250 149 446 393 380 527 66 193 115 380 274 
524 125 71 469 613 518 483 61 424 566 252 94 413 32 121 327 597 121 
303 619 319 215 365 291 288 287 130 162 1 250 429 304 122 51 444 279 
85 371 410 345 46 571 197 333 275 26 3 220 472 151 0 130 224 542 
537 202 485 1 101 512 200 252 74 578 541 607 431 81 94 502 56 603 
38 528 42 319 501 191 104 483 429 410 252 40 145 436 116 152 152 31 
130 436 388 595 2 105 472 585 521 355 431 243 388 322 103 548 576 463 
449 275 146 200 25 619 613 46 466 262 333 40 488 440 270 304 574 200 
294 422 320 536 296 596 132 466 374 492 0 567 171 41 121 4 585 207 
79 224 476 384 394 282 616 188 575 282 73 555 302 501 263 511 345 124 
178 365 330 72 212 28 585 609 619 620 218 434 454 273 353 293 377 228 
437 200 403 352 292 178 485 441 594 452 609 403 283 256 302 304 354 46 
298 248 200 308 347 289 616 419 304 410 91 331 326 601 531 371 91 7 
239 499 190 565 190 170 548 548 469 18 245 57 365 77 582 545 32 307 
307 34 368 556 218 492 524 275 287 391 612 304 369 548 172 201 357 380 
79 377 573 1 101 512 200 252 366 578 523 607 324 280 332 141 109 35 
538 28 208 534 207 50 597 597 140 7 188 235 182 519 379 63 337 91 
155 595 182 19 603 244 104 280 198 214 140 619 384 226 458 403 607 561 
400 227 29 58 592 4 304 159 306 269 492 38 346 607 528 576 70 359 
376 106 155 416 491 436 359 282 574 581 69 619 417 62 583 282 48 73 
328 539 433 478 403 400 28 101 159 527 295 2 525 62 378 463 561 4 
188 337 590 576 65 406 539 537 586 357 200 267 525 140 611 173 157 19 
511 174 200 18 200 138 608 529 394 457 257 336 354 99 125 627 492 27 
489 295 410 421 248 7 376 333 418 422 540 512 472 409 340 478 224 294 
440 46 200 58 248 463 262 460 304 410 605 565 617 199 315 624 91 367 
410 468 446 545 143 252 200 242 466 302 433 454 60 146 442 107 293 452 
267 532 595 325 616 134 26 170 355 596 604 45 405 310 577 422 188 515 
26 495 528 202 382 101 101 226 542 262 100 568 444 137 41 590 418 303 
441 403 200 365 14 390 97 510 513 131 309 527 579 561 457 465 433 188 
343 71 155 154 438 441 443 141 432 201 358 208 549 138 410 447 49 490 
438 507 555 578 133 304 37 477 455 92 60 434 14 592 432 235 620 392 
272 232 190 565 190 170 548 552 130 18 367 57 145 210 177 173 308 111 
409 8 578 152 425 377 398 435 492 54 123 101 146 101 37 61 578 263 
608 347 403 234 68 619 426 119 293 44 248 262 72 301 325 78 591 97 
11 597 576 539 28 77 304 318 622 200 605 432 403 101 214 252 65 308 
599 441 169 155 181 192 140 510 306 23 391 614 387 447 24 282 465 59 
103 212 373 384 490 282 417 188 424 384 73 555 45 488 34 511 125 172 
534 350 219 48 626 525 389 140 519 345 257 440 469 508 173 518 332 239 
534 69 521 158 375 620 389 528 397 141 378 551 478 520 173 409 94 348 
113 285 573 116 492 602 569 457 209 120 218 154 282 16 492 173 144 620 
155 37 24 143 588 414 527 410 19 592 415 35 246 576 576 254 298 218 
476 67 382 140 545 26 127 501 321 583 562 300 357 444 316 437 139 234 
218 149 237 436 248 576 445 568 94 527 263 494 142 489 543 553 489 147 
80 471 434 546 582 604 470 606 72 382 524 556 463 342 200 57 444 501 
377 111 366 619 62 166 558 534 604 525 437 482 509 438 124 436 58 267 
409 524 448 264 339 547 545 60 282 188 535 66 247 204 147 544 116 485 
405 502 469 599 218 18 63 304 259 471 187 173 607 477 88 427 168 188 
157 64 580 293 455 236 66 173 607 506 421 577 285 397 432 249 503 285 
97 135 446 464 38 176 501 38 310 115 71 274 608 410 209 518 244 162 
14 415 337 347 346 267 188 553 403 194 5 352 495 306 622 60 331 387 
581 132 587 46 120 432 216 559 407 247 4 279 356 188 188 232 101 66 
24 26 301 544 388 72 4 328 195 572 327 534 234 608 214 299 396 470 
578 155 336 271 248 332 256 445 76 595 363 576 64 66 304 605 206 256 
384 308 433 607 582 72 619 537 117 214 567 590 254 414 242 246 198 448 
198 58 235 519 41 618 546 66 285 398 320 417 181 435 180 3 558 519 
568 210 611 517 510 425 411 460 500 520 353 620 377 606 585 359 24 346 
285 421 413 469 108 437 381 61 424 225 252 325 413 32 121 459 456 563 
595 410 3 260 539 436 576 568 578 396 525 148 149 609 410 359 576 144 
235 579 173 173 304 540 424 528 563 170 539 351 12 302 449 147 364 76 
330 218 116 296 62 161 351 450 400 410 220 392 544 83 252 347 27 620 
380 499 1 25 99 620 529 528 51 125 505 405 134 28 545 437 94 139 
410 10 533 173 301 252 200 389 466 45 203 25 97 178 442 627 575 62 
451 91 188 23 3 500 407 466 77 527 88 387 531 181 186 140 70 260 
269 218 489 87 329 229 235 394 118 410 220 328 170 509 252 46 519 525 
62 203 320 302 443 161 157 436 256 567 28 252 463 88 591 304 535 255 
565 226 25 186 174 234 207 13 469 494 104 452 305 155 202 128 24 61 
348 475 429 93 313 97 509 349 31 398 189 608 123 411 612 51 209 92 
361 529 625 126 266 515 67 200 514 615 0 349 76 538 12 441 620 285 
545 173 37 278 565 304 510 602 41 142 438 319 443 244 22 6 55 35 
380 66 350 221 48 226 121 382 66 225 480 573 282 3 395 120 336 582 
134 567 596 595 37 298 453 585 1 327 44 572 596 190 98 112 576 206 
165 346 155 52 235 534 344 542 262 313 343 350 342 304 267 539 525 441 
113 524 485 85 492 479 183 457 209 377 218 283 384 532 492 173 593 525 
98 120 485 219 101 220 200 252 599 578 102 159 44 167 325 421 460 243 
526 88 606 174 576 114 399 118 370 214 351 487 482 575 432 527 352 224 
438 537 444 578 133 304 37 189 179 83 60 486 14 225 627 235 620 328 
437 524 9 362 228 555 545 60 539 188 264 66 0 215 147 22 489 363 
501 425 66 338 359 115 416 573 482 576 75 315 467 453 280 23 442 605 
218 88 71 567 46 576 263 150 244 527 445 494 142 116 369 54 489 9 
370 305 567 207 165 298 61 87 619 179 558 292 532 99 177 219 226 177 
150 95 405 6 130 40 416 117 337 383 577 620 396 606 585 359 86 399 
285 141 292 130 434 518 331 433 293 592 252 75 292 426 162 355 456 153 
4 240 158 266 277 231 388 575 226 616 395 542 426 438 441 16 548 550 
384 118 367 623 438 500 417 510 314 70 152 5 71 209 466 11 378 16 
250 392 311 599 26 221 258 621 205 598 365 585 605 305 150 296 253 326 
619 72 257 6 214 50 48 335 524 36 441 303 372 117 113 129 66 400 
255 590 494 310 344 128 336 218 539 143 12 335 399 285 143 48 486 576 
188 337 592 576 129 416 384 98 51 571 200 157 620 528 298 173 267 394 
155 595 259 274 603 325 253 562 198 214 528 619 539 66 432 403 159 163 
510 567 230 595 37 440 337 585 398 222 324 324 418 190 537 574 576 206 
354 252 198 219 213 575 422 7 613 222 619 231 415 200 410 37 101 511 
233 261 506 25 214 92 137 295 384 459 192 134 546 173 305 256 102 234 
534 175 471 25 68 620 242 140 397 125 131 105 478 604 545 518 75 272 
95 226 200 269 200 130 438 404 116 254 203 396 447 182 176 565 617 314 
400 218 231 304 265 509 328 570 65 489 578 580 292 330 622 492 387 115 
165 399 155 401 580 380 593 294 616 63 258 451 162 304 157 539 620 441 
571 101 252 200 536 322 117 231 560 605 301 584 410 149 261 347 200 26 
173 173 2 390 381 304 469 430 441 147 438 375 443 325 165 24 213 572 
599 46 403 234 319 619 426 319 424 243 46 417 72 361 325 217 190 97 
441 403 200 554 177 395 60 134 570 505 309 503 613 163 31 307 223 188 
568 53 233 6 130 512 406 474 453 520 577 620 377 168 336 359 86 399 
343 363 216 534 234 483 227 299 188 268 514 531 372 545 93 517 514 372 
200 342 578 625 114 144 500 112 536 403 524 476 447 554 508 504 540 411 
542 26 185 536 296 388 621 407 88 492 513 436 171 441 153 480 585 18 
248 516 619 286 512 314 249 273 214 182 247 364 475 392 270 218 14 410 
578 218 536 207 314 336 157 508 293 437 385 490 200 218 622 382 235 161 
188 337 225 576 303 411 539 29 27 245 200 157 525 140 39 545 267 394 
272 252 441 398 494 293 26 357 579 459 619 213 542 200 410 2 101 33 
359 525 482 375 95 286 167 16 522 528 61 250 113 13 80 28 511 305 
440 125 510 366 218 578 63 304 445 521 312 173 321 189 374 185 369 188 
474 373 396 255 177 440 34 32 512 204 73 190 492 573 118 352 270 41 
155 595 182 274 243 94 104 167 41 214 140 619 282 66 458 403 321 163 
437 200 403 352 71 587 485 441 209 452 554 403 517 281 302 304 239 347 
41 403 200 196 177 395 60 510 59 505 246 152 372 561 31 290 203 188 
370 72 567 18 414 298 61 87 619 455 536 413 16 626 14 82 226 14 
483 66 25 83 129 234 207 204 130 55 373 329 72 155 396 416 283 433 
117 104 202 167 582 39 182 58 512 146 411 322 492 573 287 385 270 198 
501 40 66 136 359 187 176 457 482 576 94 564 168 472 81 23 504 605 
104 10 382 140 545 422 126 488 607 583 323 167 367 505 142 76 139 234 
354 268 429 497 228 97 186 113 363 82 481 608 123 38 447 589 236 83 
86 26 301 544 50 72 480 392 224 603 222 380 234 599 214 42 396 342 
294 96 328 252 544 123 91 578 573 218 417 403 483 152 410 561 18 46 
98 224 104 282 274 384 616 188 424 384 176 378 302 501 263 511 141 279 
346 210 611 154 478 40 128 49 472 326 192 525 377 168 336 80 443 150 
2 82 613 615 582 508 342 606 72 382 285 212 270 563 200 123 131 488 
377 191 366 619 452 67 558 380 520 620 151 4 509 438 473 436 58 157 
173 548 157 459 214 92 212 188 42 566 576 66 545 234 408 595 558 218 
277 65 200 578 200 118 366 390 394 485 555 585 239 99 345 432 492 397 
582 294 337 248 399 267 188 251 403 33 5 491 495 306 622 60 381 466 
214 322 607 619 504 200 492 337 597 60 500 599 206 438 56 575 294 305 
380 66 499 221 25 66 162 382 66 261 4 363 384 3 529 396 585 14 
555 267 620 558 57 536 584 160 622 169 294 597 382 362 268 341 509 138 
396 465 74 619 62 216 227 534 383 525 518 480 509 438 199 436 308 267 
157 589 570 334 595 328 4 304 440 532 612 304 23 444 561 198 234 1 
22 150 155 371 235 380 593 415 262 42 183 428 563 304 157 539 620 198 
565 325 620 70 595 410 96 82 456 80 561 158 172 324 226 425 16 272 
310 527 355 105 311 617 155 488 222 296 192 357 422 103 214 380 303 190 
399 601 304 489 411 562 72 410 387 410 82 558 329 130 58 74 237 227 
498 67 382 528 173 422 420 488 607 496 323 562 357 378 142 518 348 234 
441 403 200 515 177 242 60 469 513 444 496 503 486 561 485 191 61 188 
267 588 351 293 455 190 66 545 159 205 345 577 285 449 432 133 16 524 
331 226 25 186 65 234 207 146 130 213 476 452 72 155 120 335 154 61 
619 237 530 182 184 115 188 188 467 381 234 555 620 301 353 344 615 553 
351 579 545 173 304 3 575 528 121 442 282 351 548 45 586 316 375 409 
581 132 13 248 202 107 67 299 466 59 480 124 268 188 188 232 101 226 
487 252 456 527 351 218 524 495 83 410 499 100 188 0 288 528 21 235 
415 3 567 214 585 387 336 218 382 6 379 280 262 211 285 426 587 71 
97 311 479 217 176 176 488 38 316 187 110 274 74 410 591 518 244 342 
113 285 31 85 492 602 343 485 190 120 218 154 384 527 492 545 560 620 
155 80 154 143 64 442 532 410 490 592 294 44 385 576 576 74 405 218 
437 169 578 527 425 120 471 201 492 185 123 101 13 101 37 203 578 34 
599 441 15 155 181 353 528 134 287 23 333 13 407 408 443 282 290 530 
611 345 478 366 218 207 313 304 259 471 187 173 159 284 412 54 180 188 
416 436 561 141 508 26 304 387 120 455 72 52 164 533 419 150 547 69 
584 524 485 489 492 100 343 363 322 396 218 443 282 16 492 545 593 620 
33 303 200 18 200 118 366 529 274 31 444 336 272 364 125 107 492 397 
545 545 2 389 331 304 469 430 41 147 438 375 6 244 414 517 494 431 
409 285 310 535 299 131 545 97 282 188 408 66 513 587 142 165 116 485 
560 249 311 599 422 306 343 621 193 141 145 336 91 72 150 87 373 617 
527 560 33 218 466 342 157 376 595 613 219 94 467 396 251 295 43 365 
179 305 567 18 414 611 61 296 619 179 558 238 527 119 177 521 226 582 
258 485 10 380 234 565 227 42 188 462 291 531 486 545 475 517 514 613 
452 61 185 45 517 161 267 436 256 436 520 252 463 21 236 304 264 562 
324 433 316 425 34 70 202 213 74 575 559 246 627 155 375 438 311 152 
354 297 429 268 339 97 83 621 31 1 189 74 123 128 535 27 594 186 
595 345 486 46 148 371 54 567 618 58 45 71 124 313 525 451 541 293 
198 32 235 51 41 618 546 226 524 471 320 417 333 256 461 540 227 27 
409 524 310 612 63 257 173 60 384 188 447 226 247 587 9 544 116 363 
595 410 3 413 282 436 576 150 578 396 620 550 374 554 410 2 576 593 
150 97 137 453 382 506 234 438 272 620 399 527 214 219 478 401 7 4 
468 570 314 402 512 245 595 611 304 45 525 310 351 20 66 95 293 81 
165 346 155 334 235 380 144 415 616 299 47 350 162 304 157 282 620 41 
438 576 183 247 330 234 552 214 88 420 288 321 285 624 528 576 179 224 
282 549 223 159 582 72 619 29 460 214 567 590 599 544 278 385 441 9 
115 510 544 443 595 310 155 187 163 214 422 70 304 3 534 380 582 210 
272 93 429 93 559 60 92 113 573 219 358 599 57 416 612 397 209 509 
272 539 403 362 548 617 248 210 45 41 559 466 563 545 422 346 18 386 
20 619 626 146 515 291 114 221 134 470 1 344 70 304 618 589 444 124 
595 410 540 260 384 567 576 568 18 396 620 126 156 554 410 37 576 593 
183 71 155 443 438 198 517 141 458 256 284 164 58 118 410 447 117 274 
94 527 304 299 159 265 229 316 554 18 354 38 27 607 252 382 190 155 
555 267 525 227 57 625 349 404 622 148 294 404 382 535 497 341 186 287 
302 8 382 500 4 267 389 83 391 72 598 133 461 422 452 465 243 619 
173 548 267 222 214 509 195 188 313 566 576 226 173 234 408 595 625 218 
4 113 454 119 33 231 230 293 66 526 389 542 32 438 41 16 552 550 
611 502 130 608 218 578 299 304 263 1 115 173 607 481 412 600 467 188 
157 291 351 293 455 322 66 173 159 11 345 353 285 589 432 392 532 285 
514 141 333 302 549 459 91 619 527 344 557 266 441 397 218 53 282 331 
438 29 257 18 392 304 359 358 455 509 60 486 177 566 432 235 620 328 
218 412 413 567 46 576 445 399 244 503 34 231 142 116 369 251 489 142 
218 149 292 436 46 576 445 346 75 152 263 213 316 116 180 320 116 448 
267 27 247 624 595 133 482 304 39 16 264 304 484 257 561 198 234 82 
582 415 472 248 399 157 188 320 403 194 5 385 315 138 229 97 381 407 
488 40 226 136 2 43 335 31 4 576 244 265 180 453 81 318 170 605 
526 149 168 303 576 90 346 138 455 214 351 487 4 293 57 532 496 195 
218 412 292 436 248 576 34 346 244 532 263 213 522 116 369 185 116 142 
20 619 119 614 365 17 311 287 130 153 219 560 70 304 523 519 378 124 
533 402 155 619 61 542 60 474 77 448 586 597 304 235 279 305 500 76 
197 379 155 411 385 567 2 539 552 191 451 619 402 62 385 384 25 406 
415 540 436 214 336 466 585 218 382 517 379 89 402 115 524 426 146 237 
188 337 590 576 129 411 384 103 51 367 200 157 620 140 298 545 157 19 
22 399 155 271 351 380 144 542 417 299 258 350 563 304 157 384 620 441 
232 91 188 23 540 453 387 387 53 503 412 466 495 391 509 140 429 238 
164 39 573 381 346 214 625 111 499 12 304 519 604 526 571 593 225 392 
354 539 403 408 574 617 46 95 302 41 339 387 342 173 26 399 18 247 
599 248 403 234 68 619 308 68 575 324 248 402 72 301 325 311 591 97 
565 332 525 70 595 410 102 471 197 80 163 158 601 431 226 220 532 272 
514 125 181 45 426 459 605 619 152 344 139 364 41 586 218 210 539 565 
329 203 320 45 6 516 157 436 435 436 439 252 206 88 236 304 362 323 
587 527 409 140 304 263 108 518 433 165 97 566 528 558 251 336 218 287 
6 294 190 236 133 525 619 177 214 542 315 492 438 445 546 235 468 140 
565 325 620 429 595 410 102 521 597 80 163 25 360 35 226 40 152 348 
187 134 84 6 595 310 155 312 561 214 422 429 304 540 534 380 14 210 
534 499 1 454 99 525 242 140 51 421 555 611 134 28 173 409 94 348 
160 236 302 2 121 293 422 256 270 491 567 463 188 126 188 183 495 23 
287 218 494 304 564 509 133 340 208 85 207 351 71 623 161 492 407 43 
381 325 620 70 595 410 523 82 197 2 561 454 199 324 226 220 527 272 
36 286 188 484 540 500 466 466 210 152 21 387 564 333 186 140 70 260 
438 507 257 18 392 304 37 481 455 186 97 486 14 592 123 351 620 328 
311 485 453 455 37 387 506 194 341 573 248 441 554 355 80 277 234 445 
545 400 150 527 528 118 248 223 44 431 380 502 357 299 548 524 613 155 
487 252 404 527 580 218 285 531 83 410 428 479 188 513 217 528 156 580 
234 209 593 490 624 382 507 484 283 12 388 299 305 240 595 398 287 332 
565 226 454 509 65 234 18 614 134 213 373 62 305 155 377 176 24 433 
53 66 200 330 200 134 438 456 489 74 433 120 612 445 38 331 617 601 
249 384 223 469 403 118 508 101 321 152 52 37 525 452 368 206 163 4 
2 620 480 364 95 91 89 152 610 528 203 344 349 215 2 520 194 305 
517 422 301 22 230 305 480 249 212 431 355 534 234 366 214 313 396 563 
437 550 207 152 220 396 1 201 492 427 107 101 587 101 2 61 207 34 
544 482 380 328 21 26 104 375 305 492 225 285 285 490 26 321 282 267 
258 238 173 580 101 422 248 500 543 379 196 257 263 255 532 90 207 181 
359 471 434 216 582 604 342 369 305 382 524 195 206 121 200 432 131 488 
83 376 333 41 66 442 412 619 181 568 58 284 335 541 293 376 186 108 
489 30 410 125 46 276 376 391 418 26 3 40 500 437 0 478 224 415 
438 576 258 530 330 234 552 214 88 420 288 159 285 295 528 576 370 224 
524 125 292 469 372 409 483 203 575 590 252 94 413 58 342 222 376 153 
411 189 492 388 317 378 489 53 498 448 497 591 331 84 438 350 577 559 
587 532 437 140 304 182 579 437 223 84 60 566 528 227 427 336 218 221 
296 548 101 229 393 41 452 210 395 602 145 60 493 319 377 491 304 565 
545 112 157 355 214 509 195 188 313 566 576 66 545 234 362 595 536 218 
254 248 403 234 626 619 32 99 293 431 248 417 305 301 244 217 594 97 
538 20 321 510 582 140 591 590 305 234 94 341 72 120 214 622 183 553 
597 591 45 37 563 424 26 201 270 496 567 289 188 127 188 343 564 484 
282 221 367 269 438 337 402 478 601 70 532 330 237 236 387 506 368 152 
595 410 540 110 539 567 576 399 207 377 620 126 21 609 410 359 576 593 
5 218 85 296 452 622 351 274 400 410 425 133 504 186 252 248 51 620 
183 413 173 351 101 422 248 337 168 379 365 547 445 255 527 114 578 391 
62 433 600 45 154 516 267 567 435 567 326 252 289 149 594 304 362 323 
460 373 377 562 14 105 263 549 425 146 73 594 492 363 118 385 289 41 
602 402 155 619 223 294 60 460 53 448 397 376 304 580 360 72 472 76 
616 412 369 20 576 464 150 118 455 214 351 181 480 575 627 152 171 212 
151 15 18 527 220 120 521 435 492 251 627 101 146 101 37 433 578 263 
214 591 159 619 504 200 492 500 404 97 472 74 206 438 109 424 542 305 
568 199 304 85 176 323 72 410 387 410 219 558 62 510 426 608 110 625 
155 542 75 269 595 487 329 210 472 78 403 10 585 73 200 218 570 267 
166 386 279 417 512 357 595 405 304 302 620 147 580 20 226 77 575 562 
239 282 403 408 112 326 347 53 302 441 559 466 342 545 26 568 18 59 
603 203 147 425 263 429 377 213 599 293 559 496 432 155 99 438 464 152 
83 404 181 41 226 442 412 619 487 568 32 358 406 523 424 376 83 486 
33 303 200 18 200 221 599 529 19 573 368 336 557 364 502 123 492 27 
288 363 453 370 80 407 193 317 423 31 46 41 609 222 80 317 234 182 
399 97 395 337 382 205 234 438 272 525 568 16 214 398 478 52 276 4 
545 173 2 278 381 304 510 533 41 448 438 626 517 325 544 24 213 572 
510 567 50 595 37 298 472 585 219 222 243 44 596 322 507 574 576 463 
155 595 259 274 44 75 476 167 198 214 528 619 384 66 57 403 321 163 
139 252 198 1 494 575 422 357 372 459 619 55 542 200 410 359 101 277 
291 598 391 45 32 459 605 619 503 144 272 364 41 397 218 77 539 331 
399 60 390 453 382 506 234 438 557 620 568 527 214 521 478 30 276 480 
192 508 65 534 18 50 404 376 528 357 188 235 259 589 379 63 472 605 
87 619 43 578 27 553 441 489 15 76 492 492 558 228 429 380 440 9 
619 110 247 182 11 312 188 188 606 483 234 555 525 143 538 560 546 251 
404 379 155 335 246 436 2 539 574 581 499 619 402 329 491 384 25 73 
568 279 304 85 176 323 305 410 387 410 521 558 452 134 32 366 110 227 
370 72 436 18 504 551 61 296 619 370 558 237 503 68 177 398 226 582 
311 363 453 455 2 466 184 317 341 573 347 198 365 327 359 393 234 263 
173 173 80 389 331 304 510 100 198 610 438 375 24 244 414 6 231 35 
384 308 203 321 14 305 619 493 56 214 567 225 599 170 242 385 441 522 
144 392 90 366 422 306 343 132 205 598 554 336 605 72 346 296 498 520 
87 619 211 18 449 600 441 85 127 518 492 492 536 63 429 380 105 448 
343 260 545 235 101 26 248 500 467 622 145 555 182 280 532 311 578 333 
540 510 338 599 626 408 538 103 527 87 331 599 234 494 369 40 582 42 
593 133 311 366 26 400 47 113 205 502 196 585 605 305 346 87 104 439 
540 130 484 366 364 612 577 103 16 296 331 74 234 213 461 425 582 559 
257 267 525 536 57 227 132 160 516 15 415 597 382 362 297 315 83 221 
476 216 382 528 545 422 127 501 321 352 167 323 367 547 610 151 239 234 
44 223 310 512 259 70 120 55 608 293 228 385 432 155 626 438 78 527 
438 576 258 0 330 234 574 214 21 8 288 607 524 334 140 576 455 556 
267 519 247 624 595 328 4 304 39 503 535 304 318 547 163 41 234 1 
10 110 250 461 288 227 390 481 507 299 576 87 506 620 10 615 619 619 
3 200 170 300 435 374 334 471 271 302 369 234 553 45 265 485 236 137 
262 156 369 303 576 114 150 400 455 214 580 487 480 424 432 527 491 212 
39 421 134 366 218 207 299 304 445 398 187 173 321 481 412 427 543 188 
161 78 259 91 548 402 579 89 160 566 312 536 50 609 78 290 288 467 
31 422 84 156 539 207 532 221 380 4 427 219 485 191 560 625 488 40 
139 175 322 483 209 22 12 548 130 578 245 432 145 210 582 545 426 290 
483 66 454 509 174 234 18 178 130 213 498 329 305 155 120 335 154 433 
611 502 510 599 218 207 559 304 259 471 187 545 321 477 374 251 606 188 
173 545 359 390 483 304 134 602 41 142 438 99 86 75 165 517 55 324 
384 308 61 321 14 305 619 493 419 214 436 261 366 442 395 491 441 610 
76 127 578 532 220 396 398 281 492 427 107 101 178 101 359 223 578 445 
150 279 304 116 411 300 305 410 407 410 1 536 62 134 308 366 237 227 
216 413 593 168 311 536 278 481 79 228 576 296 11 620 166 468 619 619 
181 252 404 503 351 218 285 423 186 410 232 533 188 530 217 528 156 580 
492 218 267 558 130 230 620 619 619 26 116 14 383 229 20 250 197 163 
160 591 45 359 563 575 26 256 270 309 567 270 188 169 188 47 531 484 
595 410 3 237 384 567 576 568 18 120 525 15 412 515 410 37 576 593 
176 140 228 119 501 307 253 331 429 410 252 220 515 436 489 16 16 457 
485 26 544 156 384 207 503 138 534 482 54 1 573 307 593 625 488 40 
545 112 157 222 214 186 556 188 63 592 576 66 173 234 535 595 625 218 
619 88 435 604 589 374 422 310 95 410 116 80 446 219 561 11 386 348 
87 619 312 207 586 427 41 489 8 76 492 492 625 299 429 380 233 610 
488 425 66 241 359 115 416 31 480 576 325 265 168 472 81 484 84 91 
392 384 61 478 403 400 604 101 321 16 295 359 525 329 257 463 561 482 
267 291 235 293 455 322 66 545 321 506 421 192 285 51 458 133 532 285 
440 592 11 454 214 83 390 295 384 355 577 130 615 545 305 256 541 234 
595 502 486 347 8 624 427 567 541 426 45 237 314 63 620 36 102 575 
569 71 155 154 438 441 154 598 57 201 477 174 308 118 410 535 460 274 
282 306 276 330 438 472 417 134 601 70 152 623 237 190 466 184 368 527 
614 503 76 140 304 182 372 76 433 170 60 592 140 558 251 585 218 306 
533 262 155 619 203 294 60 109 95 142 449 376 304 235 124 305 453 518 
173 574 267 355 214 186 224 188 559 566 576 226 545 234 408 595 558 218 
404 106 155 411 246 436 80 539 574 465 451 619 526 452 491 539 158 128 
460 104 120 167 582 39 445 58 220 273 128 209 492 573 138 246 463 41 
2 234 435 546 453 61 608 218 324 211 292 29 174 353 302 131 316 294 
619 305 368 24 214 596 454 416 285 69 441 303 579 56 584 164 226 138 
362 582 75 140 358 29 158 240 405 410 595 203 487 88 214 252 158 300 
36 605 188 23 3 453 387 387 77 152 149 387 531 181 509 528 429 413 
492 218 267 227 469 275 525 619 619 422 116 582 508 161 65 593 160 163 
60 210 336 483 549 404 361 422 533 212 337 76 245 63 466 488 175 41 
218 156 238 436 347 576 182 399 332 532 259 55 448 85 467 54 85 310 
267 514 351 293 179 322 66 173 159 184 598 353 524 51 107 249 16 285 
381 226 158 83 303 234 207 614 478 494 498 452 305 155 396 335 24 433 
492 218 157 625 478 388 620 619 619 422 116 582 508 161 20 560 160 561 
47 238 173 580 101 26 347 500 467 229 145 257 259 280 503 78 18 487 
244 16 304 339 159 265 106 448 554 207 239 335 519 321 252 382 209 155 
62 203 54 302 86 106 267 567 281 567 28 252 270 149 236 304 408 323 
26 423 528 377 382 101 101 66 542 526 479 150 368 137 41 592 275 129 
31 26 22 149 539 18 503 138 534 482 553 521 573 290 144 625 501 425 
73 567 561 125 28 422 304 466 120 455 72 52 65 446 56 568 444 499 
480 132 48 626 33 231 388 575 66 262 242 542 549 438 41 16 12 8 
286 76 346 524 575 85 208 382 549 195 576 567 142 406 415 200 328 223 
37 234 256 216 337 433 599 218 603 312 413 79 129 538 45 444 310 294 
221 218 231 304 341 509 133 59 129 116 18 580 237 330 229 492 466 43 
150 97 242 500 382 205 234 438 272 525 346 16 214 219 478 401 7 4 
160 594 302 80 121 575 26 201 289 385 567 270 188 148 188 47 423 338 
240 359 620 433 115 559 540 496 188 382 214 403 60 97 155 142 570 453 
192 326 174 380 18 275 160 597 528 571 188 580 34 449 516 228 453 286 
595 410 540 260 384 567 576 568 18 202 525 420 21 609 410 37 576 344 
271 53 125 567 293 237 199 542 489 560 263 539 512 200 55 410 71 173 
37 525 4 68 95 605 300 152 316 140 203 593 621 146 80 604 33 305 
173 118 399 152 140 138 347 61 431 44 534 502 367 228 12 524 579 155 
608 248 403 234 266 619 549 266 424 35 46 616 72 143 75 135 591 60 
295 77 345 567 424 71 279 294 85 250 182 282 40 200 231 410 413 545 
24 26 143 170 388 72 482 133 195 324 355 380 234 366 214 42 120 121 
595 125 579 248 15 371 320 567 122 549 302 71 314 339 620 428 122 575 
595 410 3 413 539 436 576 568 18 396 525 148 374 554 410 37 576 344 
39 347 200 58 248 270 417 474 304 410 286 381 617 473 265 334 91 357 
584 524 457 116 492 446 258 31 190 377 218 517 282 532 492 545 250 620 
26 265 528 202 382 101 101 66 542 417 602 568 378 395 441 590 388 129 
441 403 200 365 582 395 97 134 0 368 171 532 372 561 31 307 433 188 
465 349 204 46 202 458 216 42 407 570 480 360 297 188 188 428 101 66 
290 430 387 505 173 252 45 584 70 115 342 389 488 218 227 285 593 182 
150 77 233 86 130 220 73 419 500 520 353 525 120 543 585 37 154 399 
619 413 340 182 193 187 188 188 461 565 234 257 620 143 538 250 10 185 
565 226 48 92 303 234 18 587 478 494 476 452 72 155 396 73 283 61 
547 267 620 536 107 558 132 376 161 126 542 456 382 408 93 495 92 306 
410 468 533 173 143 252 200 529 466 45 433 48 97 178 504 123 575 62 
406 189 492 275 33 555 85 77 476 448 356 236 483 414 438 232 353 299 
415 3 436 214 585 407 585 218 382 24 379 167 417 115 524 549 215 110 
580 108 545 173 304 3 424 140 342 22 539 351 552 45 586 142 319 437 
157 64 235 424 455 322 226 545 607 184 598 192 285 27 57 133 152 524 
409 285 147 535 63 131 173 97 384 188 535 66 340 178 310 22 489 485 
359 82 613 10 177 617 153 606 72 382 524 224 270 470 200 458 131 501 
243 203 522 40 182 70 396 231 599 575 313 496 123 155 119 438 464 527 
334 210 141 567 424 292 172 415 489 250 182 539 512 200 494 410 71 545 
53 226 200 330 200 134 438 597 85 608 61 120 535 445 406 331 439 279 
205 512 435 266 161 381 172 5 304 397 150 49 488 43 558 477 421 37 
416 436 163 141 28 26 304 466 396 455 305 30 65 430 474 568 505 232 
449 275 13 200 48 619 613 46 387 262 391 512 501 105 206 304 548 200 
438 576 258 530 623 234 12 214 88 550 90 321 285 401 528 576 179 212 
608 41 126 155 333 577 140 130 138 241 487 146 466 612 154 384 307 570 
272 252 441 471 55 575 26 7 108 459 619 231 542 200 410 2 101 511 
606 40 572 455 376 5 168 85 576 62 367 212 585 196 620 177 90 515 
233 141 478 366 218 18 299 304 259 471 187 545 321 477 88 600 180 188 
155 37 443 143 514 442 527 410 274 592 542 243 352 576 576 599 105 218 
316 16 327 39 78 326 155 501 459 87 538 367 26 537 214 534 129 322 
446 417 155 619 203 415 97 117 210 522 586 597 304 351 360 305 500 518 
79 202 363 1 101 425 200 252 599 18 618 607 35 323 94 125 419 35 
39 261 205 158 214 92 529 271 384 327 353 510 67 173 72 256 523 234 
446 616 155 619 61 542 97 49 53 316 449 597 304 580 314 72 337 151 
410 468 430 545 301 252 200 137 466 45 223 158 97 215 414 123 575 452 
29 556 373 384 274 384 526 188 424 282 416 547 45 488 34 317 141 601 
410 10 100 545 301 252 200 390 387 302 203 454 60 178 414 57 424 452 
581 240 614 46 120 57 216 299 387 340 4 279 475 188 188 451 101 226 
98 212 253 282 274 282 526 188 575 384 416 131 45 501 263 194 598 124 
455 300 238 305 304 573 382 603 252 24 608 317 232 473 146 388 539 155 
438 29 555 578 133 304 80 189 370 83 97 108 177 592 458 235 620 249 
272 384 403 612 112 326 248 210 302 198 313 387 121 545 26 346 18 0 
181 252 160 527 580 218 285 495 186 410 451 100 188 386 217 528 149 351 
198 308 580 397 198 541 615 66 524 521 553 616 391 435 543 540 558 51 
154 422 143 84 418 305 480 249 212 603 459 534 234 599 214 339 396 153 
370 72 436 18 22 405 203 87 619 179 625 260 16 68 14 1 66 14 
183 292 173 580 101 26 347 500 168 161 145 368 259 167 152 114 207 487 
359 521 434 67 14 508 342 168 72 382 524 195 463 342 200 627 257 501 
173 548 267 222 214 509 556 188 559 566 576 66 173 234 535 595 227 218 
81 225 231 9 593 176 336 218 539 361 548 416 568 524 361 25 579 576 
399 97 390 472 382 184 234 438 557 525 568 503 214 471 469 624 276 480 
294 541 328 252 414 432 605 207 457 218 402 403 331 503 410 561 207 248 
441 308 235 27 41 122 216 66 285 471 427 526 391 256 369 540 227 51 
595 598 434 347 550 334 600 436 541 426 45 413 124 313 620 350 618 575 
109 498 202 167 177 233 259 58 512 13 73 594 492 31 118 583 206 441 
366 347 403 234 375 619 308 364 575 35 347 616 72 301 244 464 190 60 
329 203 553 45 443 516 267 436 435 567 28 252 206 149 236 304 535 89 
438 576 47 530 623 234 112 214 374 169 217 607 285 295 140 576 370 224 
98 396 573 398 101 220 200 252 254 578 102 607 431 323 325 141 49 243 
538 617 20 534 207 596 197 160 528 276 188 580 445 397 622 228 453 91 
350 605 188 318 3 453 466 407 210 527 156 407 564 333 509 140 429 413 
545 112 157 222 214 509 556 188 63 590 576 66 545 234 264 595 625 218 
80 234 435 10 500 61 599 218 35 211 110 98 65 538 302 505 142 542 
509 200 305 17 252 232 542 576 159 410 97 226 19 66 346 475 186 34 
535 582 244 528 189 79 454 113 611 410 595 433 333 149 214 252 158 167 
155 37 283 143 588 414 532 410 274 261 294 35 309 576 576 599 440 218 
343 292 155 86 438 441 86 141 57 281 284 65 549 138 410 447 56 274 
534 226 69 306 158 66 121 382 66 566 482 363 539 540 390 377 336 14 
84 346 155 334 580 534 593 415 417 559 258 175 470 304 267 282 525 198 
422 265 528 396 382 101 101 66 415 402 533 399 257 390 41 261 50 208 
272 497 70 356 299 97 83 349 573 82 477 74 627 73 535 589 209 186 
83 160 391 441 66 442 412 619 391 150 426 189 406 102 424 197 83 108 
