174 21
5 130 139 13 153 44 171 29 123 65 107 162 16 1 63 89 138 1 90 49 54 
112 13 105 22 71 81 53 49 89 105 161 46 35 29 3 19 92 170 155 138 1 
9 103 55 13 168 152 95 17 31 163 41 132 169 107 92 6 63 6 55 63 73 
132 37 73 38 21 162 95 133 113 6 63 60 31 77 130 125 79 73 115 95 94 
103 14 95 3 82 16 115 36 3 107 109 106 79 87 68 126 4 80 73 111 162 
20 4 1 55 138 2 132 6 125 155 104 1 137 137 43 147 142 91 151 60 97 
7 143 75 85 132 130 95 119 0 107 158 172 49 37 22 103 14 51 4 143 117 
140 114 31 70 137 132 107 162 143 31 66 137 103 96 143 36 114 84 55 157 18 
140 73 3 12 137 132 107 145 135 3 50 137 103 154 30 36 106 53 47 157 18 
82 103 55 13 164 119 95 121 31 141 129 107 110 132 18 6 63 6 47 63 106 
26 31 54 145 152 143 82 3 107 61 22 155 29 94 66 55 127 44 22 3 57 
162 0 120 31 19 50 5 138 144 85 95 132 13 67 93 154 60 77 19 172 60 
51 23 53 139 89 4 103 17 79 59 54 143 172 27 139 11 42 103 164 156 162 
47 151 93 62 54 162 105 34 155 13 147 13 30 152 110 155 95 137 63 22 95 
52 33 27 63 165 171 103 83 17 159 169 156 31 132 104 65 63 136 144 63 31 
5 130 139 95 94 126 129 154 24 65 132 145 16 1 63 170 131 1 30 49 54 
122 91 1 47 35 2 107 22 125 155 19 1 137 137 26 109 136 91 17 60 67 
78 129 48 60 106 20 1 104 35 65 55 40 35 103 83 10 45 137 89 102 37 
10 148 129 19 103 47 130 165 60 94 18 134 104 1 127 139 60 72 143 73 143 
151 25 60 55 96 142 103 137 53 95 172 117 46 104 136 45 95 103 105 83 150 
40 42 1 29 52 31 1 49 32 33 63 12 163 77 150 47 1 50 87 10 6 
116 106 31 96 137 107 132 145 146 31 50 137 103 102 128 125 99 101 55 28 18 
21 128 11 93 107 148 13 119 76 132 112 104 49 112 22 103 69 106 35 108 101 
60 113 153 167 83 1 22 63 18 47 131 69 1 54 31 130 91 165 7 56 65 
135 42 1 102 15 31 1 49 138 41 63 43 44 117 150 47 1 66 82 46 6 
60 141 111 89 66 1 6 63 18 55 35 72 1 49 3 101 91 52 8 62 33 
106 120 77 144 89 131 103 151 115 59 54 90 104 116 139 98 149 103 168 8 162 
104 139 150 9 86 51 54 8 111 19 107 137 6 2 53 144 7 144 1 142 92 
16 124 139 13 111 163 129 26 123 34 132 145 16 1 63 45 32 1 90 49 54 
73 23 53 144 45 138 103 17 85 16 49 135 172 140 144 98 109 103 168 67 162 
105 153 155 1 54 46 0 111 63 31 63 162 168 74 63 49 139 20 121 155 92 
107 158 73 126 97 162 13 58 141 22 63 60 31 130 130 142 121 99 79 13 111 
103 69 95 3 82 48 115 125 31 132 11 114 115 58 68 38 138 88 99 94 162 
128 11 1 96 165 31 1 54 32 34 63 154 113 53 150 127 1 50 74 10 6 
108 159 1 154 110 3 1 49 131 34 63 102 141 101 46 47 1 50 82 46 22 
103 69 95 31 2 152 115 36 3 107 147 73 93 2 145 126 32 116 99 153 145 
167 90 172 51 135 7 75 61 149 7 16 149 13 34 111 167 36 136 150 100 1 
95 3 63 170 150 95 49 49 36 68 155 60 146 1 113 139 63 50 3 40 155 
20 95 132 137 137 6 125 137 131 79 144 66 44 36 57 19 155 104 18 58 134 
105 95 71 136 159 66 74 6 42 103 31 144 48 123 130 86 30 58 82 88 60 
172 153 155 1 49 150 15 120 63 31 63 162 168 9 63 54 144 20 79 155 92 
143 11 1 43 0 3 1 54 138 122 63 154 126 53 150 127 1 66 87 150 22 
68 110 25 3 105 66 119 138 139 115 95 132 95 8 17 26 60 101 104 104 60 
114 120 53 144 89 131 103 121 85 119 54 90 104 88 144 98 61 103 37 21 162 
65 13 132 137 137 22 36 137 35 17 144 66 141 36 39 105 155 172 18 133 99 
101 141 95 155 45 78 160 140 167 60 170 86 82 164 167 22 10 167 131 132 69 
29 3 49 162 152 40 2 31 132 109 22 155 96 153 83 47 55 141 22 3 64 
81 131 27 45 73 162 84 105 14 69 93 139 54 147 106 49 148 21 0 141 107 
24 32 1 127 91 133 107 6 36 155 172 1 137 137 154 42 125 91 17 60 21 
156 155 7 31 82 45 15 89 116 148 34 60 137 38 58 60 10 106 31 103 87 
150 95 137 88 128 73 129 50 29 117 13 139 74 11 125 14 13 168 125 92 127 
78 54 139 135 63 24 44 114 32 92 47 126 22 145 19 18 168 5 41 46 91 
59 124 144 13 120 126 34 70 34 171 107 145 48 1 63 45 138 1 40 49 49 
49 39 44 34 145 95 8 48 63 63 58 83 1 97 63 49 96 106 34 139 144 
67 155 7 31 82 45 76 167 80 124 65 60 137 126 87 60 10 99 31 103 87 
62 4 160 170 73 145 117 172 14 14 17 144 49 147 51 54 101 7 165 163 107 
19 95 71 142 159 50 118 22 98 103 31 139 59 24 101 140 135 9 87 86 60 
19 95 78 142 109 50 133 22 147 103 3 144 5 20 148 27 90 9 9 27 60 
74 103 47 13 164 152 95 85 31 113 33 132 15 107 92 22 63 22 127 63 134 
123 4 1 55 131 166 107 22 136 155 19 1 137 137 43 100 125 35 151 60 7 
46 55 103 87 60 127 18 60 68 142 11 96 66 125 167 45 153 137 107 13 152 
68 15 153 3 105 50 48 131 139 79 95 107 13 67 79 70 60 148 19 172 60 
172 13 64 142 11 83 9 6 61 103 31 144 16 122 117 86 135 82 2 86 60 
167 63 72 139 113 18 109 49 101 104 49 4 22 162 1 131 157 110 21 98 1 
172 95 161 36 61 66 74 6 61 103 3 144 5 129 84 80 90 87 166 86 60 
90 147 1 12 165 31 1 54 32 33 63 26 141 77 150 47 1 50 2 10 6 
150 13 137 27 40 73 33 50 102 77 13 139 2 149 36 69 95 158 136 92 127 
116 114 31 12 137 132 107 145 135 31 66 137 103 70 135 36 99 117 55 15 18 
74 13 22 166 139 10 0 54 83 20 54 151 28 79 34 92 65 164 47 55 119 
15 24 140 63 52 122 103 50 121 11 28 21 31 132 104 34 63 125 139 63 31 
106 120 124 139 45 131 103 17 85 5 54 30 104 160 139 159 100 103 158 156 162 
172 13 57 142 42 50 9 6 11 103 31 139 48 33 101 116 135 133 87 140 60 
0 24 116 63 0 33 103 50 93 98 15 7 3 132 105 123 63 36 139 63 3 
78 54 144 90 63 20 141 134 35 18 47 141 6 145 172 18 112 119 20 10 138 
9 103 127 13 164 5 13 17 3 44 33 107 52 132 18 6 63 22 55 63 106 
145 0 111 3 105 50 152 138 144 79 13 132 13 7 17 154 60 101 19 104 60 
48 53 139 13 23 126 123 29 34 34 132 145 5 1 63 89 4 1 128 49 49 
49 78 38 24 68 95 7 16 63 63 82 50 1 7 63 54 12 73 34 139 144 
172 95 64 136 147 83 133 6 100 103 3 144 119 34 117 88 146 82 87 86 60 
56 65 16 60 134 41 1 172 131 34 55 30 35 103 66 46 45 137 167 43 112 
105 139 10 173 160 134 49 156 120 105 132 137 22 87 84 139 97 139 1 142 18 
19 13 62 142 149 83 74 6 147 103 31 139 16 123 53 80 30 87 87 80 60 
74 103 47 95 112 16 95 121 3 163 171 107 76 107 92 22 63 22 55 63 51 
46 13 137 27 108 114 122 83 12 77 13 144 74 147 142 72 95 112 142 18 55 
54 81 113 65 145 95 67 48 63 63 173 50 1 7 63 54 12 99 171 139 139 
161 129 59 60 51 129 1 19 138 24 55 30 131 103 83 10 170 137 167 26 158 
105 139 46 118 86 134 49 8 153 104 132 137 22 166 148 139 156 139 1 136 92 
58 103 55 95 164 119 95 115 31 113 129 107 52 107 92 22 63 6 47 63 106 
105 144 46 118 27 106 54 8 25 172 107 137 22 82 148 144 67 144 1 125 92 
117 141 95 155 45 81 27 88 167 60 170 88 2 112 170 22 10 170 32 107 14 
172 23 155 1 49 46 169 120 63 3 63 68 112 118 63 54 139 129 79 155 92 
103 14 95 31 87 119 115 36 3 132 42 114 93 2 68 141 91 27 106 111 162 
10 101 33 172 103 127 84 169 60 111 92 114 19 1 47 139 60 14 128 51 128 
64 33 5 60 106 20 1 19 32 171 127 128 138 103 66 46 170 137 45 12 164 
60 163 120 89 66 1 6 63 18 47 91 69 1 54 31 53 35 110 8 39 20 
47 17 93 62 54 145 104 171 155 95 42 95 30 5 165 155 95 137 63 6 13 
114 25 148 139 170 131 103 121 115 119 49 90 105 80 144 75 100 103 112 156 162 
140 134 31 26 137 107 107 162 143 3 66 137 103 26 135 142 99 77 55 28 92 
145 76 23 3 19 50 48 131 144 93 13 107 95 8 93 70 60 148 19 104 60 
64 49 144 146 63 24 44 114 4 18 127 163 22 68 104 18 168 152 171 150 35 
68 15 94 3 105 50 5 4 144 85 13 107 13 8 115 12 60 117 19 172 60 
54 57 113 33 68 13 21 59 63 63 118 66 1 156 63 54 43 51 34 139 139 
114 111 148 144 89 91 103 121 85 16 54 128 105 80 144 61 98 103 158 7 162 
1 59 155 101 169 149 80 25 51 149 91 153 70 72 105 28 49 17 60 105 155 
85 25 60 55 70 136 103 137 148 13 19 84 150 105 36 167 95 103 105 83 46 
85 23 60 55 12 136 103 137 130 13 19 124 150 172 36 167 95 103 172 66 46 
71 54 144 135 63 41 113 114 35 92 55 126 6 68 104 92 37 152 65 10 4 
158 60 86 0 99 63 62 116 65 18 103 13 132 31 16 40 47 22 72 22 97 
105 25 155 1 54 10 52 153 63 31 63 162 112 87 63 49 144 34 85 155 92 
145 169 94 3 104 83 5 131 144 79 95 107 95 8 115 96 60 101 105 172 60 
59 101 139 13 120 126 20 154 41 65 132 68 5 1 63 45 4 1 40 54 49 
60 141 25 167 50 1 6 63 92 127 35 69 1 54 31 84 32 165 67 78 41 
95 31 63 45 46 13 49 49 125 162 155 60 128 1 113 144 63 66 31 30 155 
65 95 132 137 137 22 125 137 91 85 144 66 126 36 39 105 155 104 18 82 134 
39 54 139 143 63 24 44 73 138 18 55 141 6 145 19 92 37 152 33 10 32 
64 123 16 60 51 129 1 19 138 129 127 40 32 103 50 150 89 137 167 154 158 
104 139 10 87 116 99 49 8 94 104 132 137 22 173 148 144 97 139 1 125 92 
54 71 38 122 68 95 97 16 63 63 58 50 1 156 63 49 43 114 20 139 139 
87 103 47 13 164 152 13 115 31 163 20 132 110 107 18 22 63 6 127 63 99 
123 4 1 55 32 87 132 22 142 155 105 1 137 137 70 109 125 138 115 60 8 
60 44 111 167 83 1 6 63 92 55 4 14 1 49 3 84 35 76 21 57 41 
39 34 16 60 106 122 1 105 138 24 127 128 91 103 66 46 170 137 167 12 168 
108 109 1 12 169 3 1 54 138 122 63 154 113 117 10 47 1 50 87 150 6 
30 149 1 43 0 31 1 54 4 129 63 154 38 84 46 127 1 50 2 46 6 
49 78 163 24 68 13 156 48 63 63 118 83 1 7 63 49 96 73 41 144 139 
45 135 104 114 40 67 159 98 98 156 16 100 13 123 111 170 36 142 46 11 1 
20 13 107 137 137 22 142 137 91 115 139 83 126 142 64 19 155 104 92 82 51 
71 4 116 167 73 145 124 105 14 14 79 144 54 11 99 49 117 21 28 38 107 
19 111 155 1 49 10 28 120 63 31 63 145 164 2 63 54 139 129 93 155 18 
146 109 1 154 169 3 1 49 131 123 63 70 141 130 150 47 1 50 82 10 22 
49 39 38 65 68 95 67 59 63 63 9 66 1 7 63 54 70 51 65 144 144 
103 69 13 31 82 48 17 125 31 107 149 114 85 9 145 141 35 80 134 153 145 
112 60 27 165 73 63 64 80 129 92 103 95 107 3 48 90 127 22 69 6 67 
58 103 47 95 168 5 13 121 31 44 123 132 169 107 92 6 63 6 55 63 114 
81 49 139 90 63 34 163 134 32 18 47 163 22 145 172 18 168 16 129 46 4 
19 25 155 1 49 10 15 23 63 3 63 68 168 166 63 49 139 65 85 155 92 
170 143 104 114 108 97 11 98 61 8 48 109 95 122 120 89 142 136 46 11 1 
54 97 53 143 162 103 47 89 62 46 1 55 107 142 110 28 1 95 50 155 2 
103 72 13 31 9 152 93 142 31 132 100 114 93 82 162 44 35 80 134 153 162 
60 18 168 40 103 72 130 8 54 63 120 11 46 145 55 137 7 163 59 107 18 
104 144 10 133 116 106 54 67 23 104 107 137 22 133 117 144 97 144 1 36 92 
34 95 107 137 137 6 136 137 35 85 139 83 163 125 57 172 155 104 18 87 114 
89 143 172 73 40 67 98 147 149 21 59 109 13 123 94 170 142 142 150 147 1 
104 25 155 1 54 10 28 25 63 31 63 162 112 133 63 54 139 171 93 155 18 
60 92 164 30 103 72 124 8 49 63 111 75 10 162 55 137 67 126 48 107 18 
118 95 6 133 139 150 15 54 66 122 49 93 28 17 129 18 33 112 55 55 119 
104 94 155 1 54 46 169 94 63 3 63 145 168 58 63 49 144 33 85 155 18 
162 52 111 3 104 83 59 35 139 115 13 132 95 97 115 12 60 130 104 105 60 
49 62 141 34 68 95 156 119 63 63 9 83 1 8 63 49 96 134 33 144 144 
68 76 153 3 19 50 48 131 144 93 13 132 13 156 17 29 60 77 105 19 60 
154 31 54 162 59 30 118 3 132 98 6 155 12 153 50 47 47 44 6 3 78 
62 122 5 60 106 34 1 105 131 41 127 146 32 103 83 150 45 137 167 29 164 
129 131 1 47 91 87 107 6 36 155 105 1 137 137 43 159 136 138 121 60 7 
60 44 120 89 83 1 22 63 92 47 35 72 1 54 3 130 4 15 156 64 33 
99 94 124 139 167 35 103 85 17 152 49 90 104 88 139 147 109 103 164 21 162 
6 153 52 169 107 28 31 13 171 80 103 144 155 79 103 164 155 60 23 146 55 
116 134 31 102 137 132 107 68 128 31 50 137 103 29 90 136 73 53 127 110 92 
5 77 139 95 120 141 24 102 171 24 107 145 59 1 63 45 91 1 40 54 49 
95 31 63 45 10 13 49 49 136 145 155 60 146 1 126 144 63 50 31 108 155 
145 52 23 31 104 66 59 91 144 151 13 132 13 97 17 96 60 77 105 105 60 
172 139 46 2 140 114 49 8 25 19 132 137 6 58 101 139 67 144 1 125 92 
104 95 39 136 11 66 2 22 75 103 31 144 16 20 101 27 128 173 133 116 60 
74 95 22 118 139 46 52 49 83 171 49 121 157 115 33 92 122 112 127 127 59 
41 95 132 137 137 22 142 137 131 79 144 66 44 142 57 104 155 19 92 87 106 
13 31 63 170 10 13 49 54 125 145 155 60 30 1 113 139 63 83 31 40 155 
48 84 144 95 25 141 34 154 129 123 132 162 16 1 63 170 138 1 135 49 49 
9 103 127 13 158 119 13 115 3 38 20 132 28 107 18 22 63 22 127 63 99 
101 38 13 155 170 57 140 88 89 60 170 80 166 164 170 22 10 170 131 132 72 
13 31 63 89 150 95 49 49 142 68 155 60 90 1 163 139 63 50 3 146 155 
5 101 139 13 153 44 41 154 122 33 132 68 16 1 63 167 131 1 30 54 49 
124 38 95 155 89 78 27 160 89 60 167 116 74 164 89 22 150 89 32 132 14 
40 100 1 70 52 31 1 54 32 122 63 102 44 117 46 47 1 83 133 46 6 
79 23 60 127 102 142 103 137 124 13 104 84 150 172 125 170 13 103 104 50 10 
118 103 127 13 164 5 13 17 31 44 41 107 169 132 92 22 63 22 127 63 114 
