506 1
425 
219 
175 
486 
277 
358 
237 
504 
416 
75 
465 
435 
502 
222 
371 
247 
277 
309 
274 
16 
276 
212 
70 
93 
26 
414 
409 
277 
495 
428 
94 
380 
46 
326 
101 
173 
256 
230 
495 
504 
68 
120 
288 
118 
358 
252 
358 
315 
26 
18 
300 
276 
320 
455 
373 
397 
12 
124 
397 
481 
365 
434 
47 
306 
75 
75 
374 
385 
171 
238 
335 
247 
410 
463 
474 
181 
373 
197 
404 
38 
218 
465 
101 
63 
154 
152 
75 
190 
465 
121 
214 
78 
445 
108 
406 
451 
428 
3 
277 
495 
136 
22 
81 
8 
7 
363 
43 
277 
90 
445 
230 
94 
74 
277 
397 
403 
463 
75 
256 
306 
29 
404 
289 
337 
75 
207 
482 
473 
101 
235 
180 
415 
434 
75 
256 
280 
277 
463 
274 
459 
284 
315 
38 
93 
154 
404 
321 
131 
75 
312 
230 
75 
306 
230 
279 
276 
370 
18 
337 
188 
210 
64 
50 
451 
277 
428 
237 
205 
75 
230 
143 
460 
239 
504 
244 
204 
375 
499 
465 
371 
139 
29 
143 
161 
428 
38 
34 
29 
413 
473 
375 
274 
325 
496 
75 
504 
210 
476 
348 
47 
279 
433 
451 
26 
235 
277 
145 
232 
375 
230 
274 
350 
277 
276 
502 
47 
147 
496 
24 
284 
404 
435 
287 
361 
18 
397 
317 
169 
415 
94 
328 
335 
502 
69 
256 
485 
313 
242 
250 
361 
462 
143 
322 
435 
485 
373 
358 
228 
152 
373 
384 
440 
232 
309 
272 
26 
501 
403 
8 
504 
462 
373 
189 
232 
214 
371 
139 
120 
320 
462 
75 
445 
149 
455 
146 
211 
219 
478 
374 
350 
302 
94 
190 
465 
149 
397 
81 
243 
219 
463 
337 
452 
431 
143 
335 
286 
39 
220 
103 
373 
473 
67 
75 
373 
504 
284 
262 
75 
156 
289 
112 
121 
110 
238 
449 
413 
462 
81 
366 
210 
369 
67 
371 
425 
462 
465 
256 
138 
214 
410 
112 
120 
33 
16 
369 
350 
237 
350 
239 
426 
74 
211 
78 
256 
496 
75 
370 
16 
278 
207 
339 
280 
47 
480 
81 
309 
138 
34 
272 
142 
467 
322 
366 
481 
274 
46 
93 
359 
138 
46 
18 
416 
366 
29 
463 
246 
162 
195 
18 
252 
77 
496 
337 
177 
108 
88 
90 
309 
470 
75 
230 
486 
238 
425 
502 
280 
256 
204 
363 
462 
496 
75 
288 
258 
256 
82 
274 
18 
15 
86 
7 
230 
177 
159 
465 
26 
433 
66 
75 
7 
463 
75 
262 
237 
493 
203 
238 
161 
262 
473 
274 
504 
118 
484 
404 
266 
416 
335 
277 
493 
256 
279 
256 
428 
26 
465 
94 
363 
232 
142 
426 
67 
371 
94 
173 
171 
487 
237 
274 
50 
476 
335 
73 
291 
177 
250 
39 
374 
90 
63 
219 
131 
50 
433 
214 
228 
171 
469 
214 
22 
502 
5 
246 
463 
473 
312 
382 
486 
219 
185 
175 
103 
256 
22 
12 
93 
504 
301 
12 
243 
220 
179 
244 
121 
244 
449 
