157 3
39 152 4 
155 74 67 
115 57 150 
115 16 65 
11 74 72 
102 76 146 
75 37 107 
148 40 64 
56 112 53 
56 96 23 
96 153 65 
78 8 30 
31 88 11 
30 6 49 
144 24 59 
111 123 52 
4 61 72 
113 64 62 
115 57 156 
142 21 57 
111 55 53 
9 102 146 
154 21 20 
75 57 111 
94 156 122 
83 53 22 
71 88 76 
39 152 4 
148 124 47 
49 72 44 
34 37 127 
49 68 115 
34 89 19 
24 72 152 
98 12 39 
86 99 114 
111 112 126 
40 22 31 
24 72 152 
96 153 65 
56 86 71 
102 101 69 
132 54 125 
51 88 4 
62 120 90 
87 2 116 
20 4 122 
30 150 26 
96 5 65 
41 88 101 
24 72 152 
43 113 17 
132 99 114 
132 31 111 
34 37 127 
75 40 64 
45 24 59 
110 34 25 
73 16 108 
12 142 105 
57 78 64 
134 95 152 
58 21 36 
112 83 61 
129 106 151 
80 16 149 
57 123 64 
29 86 101 
14 43 5 
57 123 64 
72 65 91 
102 101 66 
41 56 119 
12 74 67 
140 72 134 
28 124 94 
33 63 122 
142 64 148 
90 64 28 
99 64 151 
72 65 141 
14 130 53 
34 93 127 
119 16 65 
49 72 44 
111 77 149 
149 138 4 
56 96 23 
74 46 155 
111 96 23 
112 3 61 
106 42 69 
39 152 4 
98 151 31 
82 156 117 
119 16 65 
88 132 93 
29 86 101 
56 43 71 
91 53 150 
87 18 32 
33 90 122 
33 85 99 
134 57 6 
72 65 91 
63 21 57 
34 87 105 
143 42 60 
49 72 44 
11 134 9 
39 152 4 
122 24 59 
28 68 64 
107 53 6 
113 64 62 
65 59 36 
34 9 105 
71 88 76 
74 137 12 
65 59 36 
72 65 107 
148 82 94 
89 2 143 
90 64 148 
34 93 127 
121 57 56 
132 31 111 
94 82 127 
56 123 52 
3 53 151 
121 40 64 
56 43 41 
52 88 4 
36 4 45 
65 59 81 
83 53 22 
95 53 151 
36 4 45 
74 46 155 
96 5 65 
111 123 149 
106 42 69 
7 83 61 
34 9 105 
89 18 116 
98 62 31 
57 77 64 
8 4 100 
75 54 13 
43 113 17 
148 145 107 
154 21 36 
19 80 101 
102 76 66 
73 16 108 
31 88 11 
28 145 141 
