211 1
42 
102 
193 
147 
117 
194 
35 
46 
39 
0 
34 
3 
92 
173 
75 
110 
75 
97 
72 
161 
0 
16 
88 
23 
9 
204 
40 
92 
13 
88 
161 
55 
204 
35 
50 
133 
91 
114 
7 
193 
35 
166 
154 
28 
193 
34 
30 
191 
161 
188 
102 
198 
202 
93 
187 
46 
56 
205 
201 
11 
71 
193 
200 
128 
39 
115 
142 
191 
83 
200 
114 
75 
50 
139 
194 
8 
191 
114 
79 
75 
147 
91 
13 
139 
135 
39 
86 
199 
188 
8 
186 
18 
60 
13 
71 
128 
205 
68 
150 
149 
15 
74 
8 
204 
161 
14 
188 
36 
160 
3 
73 
193 
60 
39 
83 
125 
188 
66 
83 
75 
93 
147 
147 
121 
176 
75 
112 
125 
161 
127 
92 
4 
193 
154 
142 
125 
6 
170 
34 
147 
170 
97 
161 
137 
177 
5 
183 
51 
80 
91 
161 
193 
49 
150 
170 
170 
202 
122 
0 
127 
110 
24 
68 
14 
199 
46 
127 
178 
128 
150 
130 
204 
86 
112 
205 
86 
102 
79 
5 
191 
71 
135 
66 
170 
80 
80 
166 
75 
188 
16 
7 
127 
129 
148 
159 
159 
177 
128 
195 
186 
9 
114 
161 
187 
3 
119 
116 
140 
81 
15 
40 
