200 21
24 117 99 177 26 9 184 157 52 95 117 199 63 134 83 63 172 50 105 169 50 
67 82 149 152 3 94 5 61 81 43 110 91 61 118 34 50 66 106 128 35 191 
3 52 33 117 195 63 186 91 41 62 26 196 60 89 149 3 87 178 191 86 173 
34 31 1 140 105 185 186 90 97 87 33 148 186 135 127 142 131 20 130 92 150 
75 27 170 195 167 174 106 75 72 174 41 117 182 43 49 88 17 159 90 8 126 
91 37 43 105 51 193 179 46 170 96 99 66 51 9 190 159 89 137 14 114 149 
20 17 110 112 89 182 81 69 188 196 157 50 97 48 113 158 180 134 137 58 176 
156 75 147 108 187 155 176 43 63 165 161 70 131 170 103 115 143 6 121 159 163 
75 197 187 105 148 133 2 82 0 146 14 74 18 96 36 197 97 131 182 157 149 
126 114 130 120 135 89 115 115 122 105 168 87 192 133 27 136 85 86 127 181 52 
139 50 108 128 72 149 117 191 169 86 94 81 15 106 168 57 30 29 144 33 118 
24 5 149 176 94 95 151 83 87 5 35 121 72 194 175 74 71 40 57 139 178 
55 79 100 108 27 116 49 194 51 27 23 179 182 67 1 188 48 43 160 72 143 
18 11 168 42 56 16 0 180 123 108 155 166 36 16 5 37 112 13 198 83 81 
27 21 122 79 106 141 118 52 119 29 69 138 186 196 44 50 170 49 144 93 180 
20 17 134 16 17 28 86 36 89 69 26 63 164 139 84 157 52 87 50 23 91 
81 80 176 50 56 173 91 122 142 109 176 186 100 174 56 181 84 158 161 173 2 
29 178 110 150 25 89 179 25 109 135 160 50 89 86 13 197 103 55 96 177 199 
92 199 41 11 7 192 146 81 100 123 145 81 79 116 63 83 18 178 186 102 81 
169 77 145 29 132 93 177 53 0 128 50 111 185 36 187 44 180 118 52 15 108 
20 63 136 134 125 66 65 138 106 87 138 114 52 14 10 168 117 44 91 191 10 
81 113 76 8 171 128 198 34 14 54 69 99 97 29 153 190 119 44 8 18 125 
61 56 92 92 57 197 125 106 25 139 42 49 116 198 115 95 62 14 105 48 137 
134 74 175 129 157 171 65 178 25 42 23 160 197 13 61 145 180 73 66 117 36 
95 96 48 50 105 168 84 178 43 3 91 3 140 197 166 86 149 101 55 16 38 
28 27 51 18 4 102 21 184 146 106 7 34 58 197 80 160 176 124 162 120 11 
22 32 57 2 157 131 52 56 170 157 154 176 161 61 98 37 42 128 49 182 87 
3 38 49 42 27 178 100 185 164 77 163 167 185 164 97 2 132 118 30 196 75 
95 96 48 50 105 168 84 178 43 3 91 3 140 197 166 164 149 124 55 150 4 
149 72 119 193 187 49 94 178 6 122 167 106 180 68 131 74 197 39 134 36 107 
66 16 103 17 107 68 182 125 150 133 134 38 12 18 11 32 196 190 109 196 128 
47 10 153 135 134 193 182 24 140 153 156 46 108 55 27 157 65 179 62 197 170 
113 125 161 65 170 49 173 162 131 92 27 80 106 24 46 60 74 137 175 166 145 
86 66 117 70 68 162 127 179 191 114 38 133 180 45 3 0 17 12 18 130 100 
40 43 15 73 199 95 188 25 146 32 141 117 104 140 97 163 49 108 114 191 77 
138 159 128 126 38 139 7 133 17 123 68 97 82 176 74 172 64 21 3 96 113 
81 113 48 8 171 128 198 34 122 54 20 39 97 29 12 107 119 44 41 18 125 
69 187 177 159 67 163 95 39 11 119 5 50 10 55 78 152 81 179 84 81 9 
75 27 170 195 167 34 106 75 72 174 41 117 182 43 49 88 17 159 158 8 126 
125 171 123 23 72 117 72 73 177 129 175 90 135 157 40 150 12 148 116 29 125 
110 102 99 133 50 92 167 77 142 185 122 3 49 189 72 198 163 117 82 65 100 
75 197 187 105 59 133 2 82 0 146 122 172 18 96 36 197 97 131 182 157 149 
154 91 112 29 89 121 142 150 25 62 123 117 92 183 30 8 68 39 172 186 76 
61 67 92 92 57 197 125 106 25 139 125 49 116 198 115 95 82 14 105 48 137 
153 115 81 180 169 157 149 143 2 18 187 52 149 84 157 18 3 92 117 1 142 
173 16 138 71 167 197 64 128 138 125 120 194 68 55 52 62 29 172 12 84 16 
126 114 130 120 135 89 115 115 122 105 168 199 195 133 27 136 183 86 127 181 52 
72 64 161 172 146 146 153 152 113 164 184 58 70 161 106 30 131 92 44 5 135 
131 186 13 129 100 193 45 153 27 63 71 32 175 150 13 9 161 174 58 133 197 
26 132 43 12 157 136 43 182 110 25 116 196 111 141 22 199 183 109 159 171 87 
117 29 161 127 43 163 97 33 87 83 17 123 1 191 41 151 123 81 55 118 193 
24 165 3 152 141 124 91 118 149 139 159 179 12 169 119 120 134 68 112 23 58 
121 96 161 69 151 169 43 86 90 140 170 10 32 74 60 131 103 92 175 65 186 
47 161 37 10 62 27 88 66 135 156 59 186 74 57 14 33 166 122 112 87 45 
18 114 168 42 56 150 0 180 123 19 155 166 36 16 5 37 165 54 198 83 81 
22 32 57 2 157 131 52 67 170 157 154 176 161 169 132 166 125 128 49 182 199 
7 128 143 103 75 8 83 31 160 33 88 179 150 83 54 149 45 132 72 106 81 
58 76 130 110 149 128 29 105 137 129 144 86 100 161 77 192 182 175 11 63 50 
53 84 158 187 182 92 59 110 68 175 121 74 95 171 179 130 80 13 10 52 85 
110 131 58 172 25 169 198 197 135 198 57 64 153 41 98 89 101 66 29 106 173 
178 110 0 18 7 102 49 128 133 178 180 178 144 187 0 25 157 95 27 74 14 
54 196 152 121 149 22 56 63 185 180 189 120 153 155 3 18 98 171 106 141 185 
9 37 145 28 96 49 149 157 46 84 133 194 169 152 120 34 196 197 67 23 130 
120 73 157 174 187 53 80 187 93 97 127 39 72 69 143 74 29 66 195 96 69 
176 142 146 112 24 159 0 127 19 127 54 26 95 96 174 42 182 41 17 56 10 
47 161 166 68 82 27 113 140 135 193 148 186 172 57 14 33 166 122 112 87 45 
50 95 198 144 57 72 23 101 84 120 96 92 161 180 25 166 88 117 115 197 194 
7 128 143 126 75 41 83 31 160 160 113 179 150 83 13 149 154 132 72 106 81 
139 50 108 128 72 149 117 191 61 164 58 81 15 106 168 57 162 29 144 160 118 
20 138 151 134 42 66 65 63 106 87 138 114 52 14 68 168 117 185 91 191 68 
176 142 188 165 24 159 0 60 19 127 13 55 95 96 34 125 182 41 17 56 10 
189 149 0 168 144 78 17 7 17 82 175 124 155 174 5 167 1 137 160 1 49 
10 36 80 120 50 5 9 51 175 9 2 40 46 186 90 2 176 115 157 147 121 
25 157 146 60 0 91 130 123 83 155 42 168 117 120 187 49 99 179 154 104 183 
182 57 5 157 30 18 42 29 152 101 176 129 28 90 28 136 73 22 83 178 131 
5 57 102 126 16 196 199 40 37 58 193 100 5 66 99 133 115 14 102 118 0 
131 186 13 129 100 193 45 12 27 138 110 173 175 16 54 46 161 174 94 133 197 
128 131 83 68 106 52 155 2 16 22 169 83 6 109 48 15 80 149 81 134 44 
152 68 153 135 134 193 182 28 140 153 156 46 108 26 27 157 65 179 82 197 170 
187 171 109 171 15 5 49 128 89 164 22 97 46 140 185 96 155 20 109 179 146 
53 162 176 11 30 185 135 197 117 81 125 165 196 125 39 163 99 65 47 110 24 
132 5 25 85 63 170 91 134 192 65 20 61 5 22 83 183 19 119 42 95 8 
9 166 145 24 96 49 149 157 46 84 133 40 61 152 120 174 196 197 67 23 130 
56 47 18 11 43 54 84 139 131 18 162 12 106 168 79 86 85 79 190 105 5 
88 181 187 123 95 181 27 86 70 191 175 32 48 100 17 178 11 150 5 67 168 
102 142 80 196 71 5 133 113 139 144 143 73 39 129 104 120 17 56 194 101 116 
85 33 152 95 55 159 85 72 102 130 73 83 171 39 50 198 155 13 121 115 29 
154 77 107 12 191 134 29 187 197 196 156 57 100 163 174 8 179 46 36 172 121 
172 105 5 197 11 155 51 95 102 22 137 99 179 92 112 189 108 12 199 188 59 
42 38 56 136 117 63 20 27 32 58 85 54 102 129 130 106 196 155 182 49 56 
141 121 86 119 1 146 138 74 40 140 28 182 70 157 189 148 97 107 34 36 176 
29 197 149 3 165 173 91 95 149 121 34 57 158 2 128 152 86 5 24 17 60 
162 196 30 80 144 176 184 50 82 170 152 132 32 70 124 190 103 52 77 18 88 
53 30 176 11 30 185 135 197 117 81 125 112 196 42 39 141 39 65 47 71 24 
53 84 90 187 182 92 59 110 68 175 121 74 95 171 179 130 80 13 10 52 85 
48 142 150 81 2 25 45 186 167 89 147 120 113 27 89 191 110 58 3 29 73 
48 160 63 105 29 85 118 139 138 157 169 171 88 51 28 101 53 16 78 168 146 
96 187 19 198 134 59 50 180 133 81 128 102 139 189 127 75 16 117 59 97 114 
62 25 105 49 153 130 104 15 57 159 191 1 196 96 56 12 97 90 54 21 67 
42 171 123 167 72 117 72 73 184 129 175 90 135 157 194 16 153 59 116 29 125 
109 48 102 28 91 184 109 35 72 10 16 109 101 38 55 71 137 97 64 121 174 
175 133 127 21 75 63 155 102 143 44 196 27 60 77 5 86 10 2 9 171 150 
33 143 48 124 85 27 6 167 9 19 142 91 13 141 49 8 140 44 161 98 112 
163 11 41 157 110 50 169 41 183 116 169 50 182 141 92 89 95 71 11 159 57 
20 17 134 16 17 24 86 36 89 69 55 138 86 139 84 157 52 199 50 23 91 
29 199 75 77 197 176 27 92 50 153 174 81 34 198 77 51 109 39 5 168 59 
11 196 1 185 38 5 83 176 179 113 191 179 98 75 70 87 56 36 106 97 83 
44 98 15 167 13 192 86 48 147 185 7 128 123 69 193 8 28 134 169 127 110 
61 77 6 29 132 80 177 65 0 128 50 129 185 36 187 185 155 118 52 15 19 
67 62 149 152 3 58 5 169 81 22 71 91 61 118 34 50 66 106 128 35 191 
189 149 0 168 144 31 17 142 17 82 175 124 155 174 5 167 1 137 33 1 49 
155 198 22 32 116 137 149 139 115 149 128 179 171 97 196 123 8 80 197 4 54 
130 117 51 108 142 189 157 160 12 29 133 121 151 52 135 170 13 1 139 20 171 
172 105 5 197 114 155 51 95 102 43 137 39 179 92 165 79 108 12 87 188 148 
28 5 149 176 58 95 151 83 87 5 35 121 72 40 175 172 110 194 57 139 178 
130 187 151 102 40 0 56 167 97 52 81 81 178 152 102 0 46 119 78 152 136 
92 134 184 196 168 32 15 187 108 194 14 194 113 152 58 177 29 87 25 187 197 
193 109 84 32 121 182 31 194 129 36 84 17 11 132 159 85 81 119 128 92 168 
120 132 100 178 116 12 157 37 107 15 76 82 18 59 186 112 87 0 40 15 189 
178 157 6 158 145 142 45 198 78 145 132 191 164 11 138 55 130 3 160 34 164 
100 187 146 149 85 161 11 145 12 102 82 171 77 40 47 180 101 114 117 133 65 
103 124 170 198 3 100 151 83 115 22 123 186 31 37 46 83 162 121 121 108 28 
27 36 14 79 106 163 118 52 119 29 20 138 186 196 44 50 170 49 147 80 180 
48 62 120 17 3 152 3 58 151 51 49 124 159 11 161 48 168 105 116 97 116 
175 133 60 21 75 63 180 102 143 185 196 27 60 77 5 164 10 2 46 171 16 
45 91 112 29 89 121 142 150 25 82 123 117 92 183 162 41 68 39 172 186 76 
163 114 8 157 71 50 169 41 85 116 169 50 182 163 92 89 95 71 11 159 57 
178 110 0 18 7 102 49 128 133 178 155 178 147 187 0 25 157 95 27 172 122 
176 57 154 119 137 77 169 43 103 131 149 137 131 0 135 31 104 102 186 155 141 
155 198 22 32 116 137 149 139 115 149 128 179 171 97 196 123 8 80 197 38 13 
102 74 122 11 159 18 157 79 115 162 90 97 9 0 117 150 33 78 11 166 100 
25 102 84 1 2 97 177 34 119 149 173 157 59 181 122 21 147 77 27 89 174 
62 25 105 49 12 130 15 104 57 159 191 109 196 96 67 12 97 158 13 36 56 
181 71 132 99 131 9 66 134 166 161 137 195 185 140 101 194 176 54 116 40 92 
176 160 109 86 171 69 49 77 65 96 11 143 93 18 136 39 62 103 97 117 105 
25 120 17 187 118 134 0 81 54 29 182 120 171 73 118 39 69 5 175 88 92 
46 164 87 102 18 116 179 197 175 92 68 195 77 112 191 99 73 180 100 151 49 
188 15 171 173 118 15 186 187 85 50 49 27 9 40 162 83 128 30 180 59 104 
120 73 157 174 187 53 93 187 93 97 60 39 72 20 143 172 29 140 195 96 20 
113 123 177 194 147 67 60 128 120 64 57 158 42 197 24 144 163 121 123 196 171 
50 95 198 144 57 72 23 124 84 120 96 92 161 155 25 37 113 117 115 197 194 
24 45 97 149 137 122 134 58 24 75 19 16 100 162 90 24 22 20 63 42 73 
193 75 144 19 187 155 176 22 138 112 161 64 131 170 126 115 143 6 121 159 163 
84 127 145 20 17 81 175 135 112 92 5 47 191 45 102 157 55 187 49 69 92 
179 71 42 107 161 157 0 49 72 160 179 109 84 57 106 137 27 110 138 74 130 
20 17 110 112 89 182 81 20 146 196 157 50 97 48 113 158 155 134 137 94 176 
15 180 121 46 162 82 2 36 122 143 121 40 80 168 112 111 110 155 170 131 149 
179 110 125 190 161 157 0 49 72 160 179 109 84 57 106 137 27 71 63 172 130 
110 131 94 172 25 169 198 197 135 198 57 70 153 41 132 89 101 140 29 106 32 
132 29 3 25 51 197 38 155 129 89 163 136 156 191 88 172 168 45 25 157 171 
81 80 176 50 56 173 91 14 142 1 176 186 100 34 56 35 84 90 161 173 2 
46 86 199 102 18 116 179 197 175 92 10 192 77 112 191 99 73 180 100 151 49 
72 64 161 172 188 188 153 152 88 86 184 58 64 161 106 162 131 92 44 5 135 
55 79 100 108 27 116 49 194 51 27 167 179 182 67 109 146 76 22 160 72 143 
173 150 138 71 23 197 70 128 63 125 120 40 68 55 52 82 29 172 12 84 150 
90 117 102 192 39 34 114 27 7 96 107 132 82 116 38 26 89 58 178 165 150 
118 111 191 116 198 102 145 173 122 74 101 123 175 68 4 150 102 165 166 138 138 
170 100 67 0 115 49 148 184 189 77 187 125 195 49 136 17 88 165 3 78 154 
163 121 164 119 1 146 63 172 40 140 24 182 64 157 189 59 97 107 174 36 176 
65 131 137 49 1 143 179 173 133 75 43 131 187 187 5 115 142 98 138 131 171 
164 66 117 64 68 162 127 179 191 114 4 133 155 45 3 0 17 12 18 130 100 
197 15 142 125 15 6 80 156 51 21 84 186 177 153 32 166 48 151 197 135 132 
140 150 126 17 190 68 182 42 16 133 134 4 153 18 114 173 196 107 109 196 128 
24 154 97 149 137 14 134 58 24 75 108 16 100 162 158 24 22 69 138 125 73 
85 33 47 95 55 159 85 72 102 130 73 83 171 39 50 198 180 54 121 115 29 
130 117 51 108 142 189 157 33 12 29 133 121 151 52 135 170 54 1 139 20 171 
20 187 184 159 67 141 95 99 114 119 5 50 10 26 78 152 81 179 84 81 9 
134 74 175 129 157 171 53 178 25 125 167 33 197 13 169 6 180 73 66 117 36 
65 154 140 26 135 74 65 77 188 7 17 147 121 131 183 0 3 56 91 34 74 
13 196 152 121 149 22 67 138 185 180 189 120 153 155 3 18 132 171 106 163 185 
29 190 38 81 75 110 5 29 29 66 25 166 21 149 159 27 60 120 124 151 185 
118 162 146 96 117 186 36 31 182 37 142 52 83 197 159 52 95 149 145 197 50 
182 57 5 157 162 18 42 29 47 124 176 129 28 158 28 136 73 43 83 178 131 
88 42 161 65 170 49 173 162 131 92 27 93 106 28 46 60 74 137 175 37 145 
40 22 104 73 87 95 146 25 146 173 141 117 15 66 97 141 49 19 114 191 77 
22 189 103 191 118 105 73 189 39 127 51 157 21 91 191 94 52 51 138 152 193 
30 131 42 197 119 155 45 69 128 139 97 132 50 80 196 60 174 187 123 76 0 
156 109 49 22 182 84 106 63 72 15 35 0 28 1 136 164 112 174 175 49 84 
184 49 49 118 41 140 89 90 128 86 166 18 44 49 153 6 153 16 194 84 159 
57 198 139 173 5 119 72 147 61 8 119 35 186 112 72 72 79 24 117 81 73 
158 117 102 195 99 34 11 27 7 96 107 132 82 116 38 26 89 94 178 112 150 
138 159 128 103 4 139 142 133 17 123 10 97 62 176 74 172 70 21 3 96 88 
151 198 48 0 114 73 182 119 193 2 136 172 74 79 134 132 135 97 130 81 120 
102 142 93 196 110 5 133 113 139 147 143 73 39 129 15 120 17 56 194 101 116 
193 109 49 43 182 84 106 63 72 104 35 0 24 1 151 86 112 174 175 49 84 
12 115 81 155 61 157 149 143 2 18 187 52 149 84 157 18 3 92 117 1 7 
158 36 128 74 162 196 145 73 48 94 119 14 11 149 2 52 142 124 70 188 105 
11 102 171 134 76 58 55 44 138 29 94 96 129 67 196 177 48 147 171 187 18 
104 180 121 9 162 62 2 36 122 143 121 40 93 168 165 111 110 180 170 131 149 
187 171 1 171 104 5 49 128 89 164 22 97 9 140 44 96 155 20 1 179 146 
185 98 104 23 13 195 164 48 147 185 7 128 123 69 156 8 28 134 169 60 71 
53 110 171 112 75 75 182 131 47 186 100 69 172 198 134 138 101 153 79 43 126 
181 96 121 102 81 139 137 170 157 85 100 196 0 145 137 72 164 86 89 115 52 
118 129 191 116 198 102 6 173 122 74 101 123 175 10 38 16 102 165 166 138 138 
110 102 99 133 50 92 167 77 7 185 122 3 49 79 72 198 141 117 62 65 100 
35 96 121 102 81 139 137 170 157 183 100 196 0 145 137 72 86 164 89 115 52 
34 125 156 60 111 94 168 77 86 152 197 164 31 78 102 101 102 149 42 43 82 
96 58 116 79 33 14 65 168 68 111 66 135 119 152 33 156 119 145 136 79 121 
196 74 175 137 134 134 81 18 149 148 75 170 11 25 108 157 151 41 118 159 127 
45 77 190 153 191 134 29 187 197 196 156 57 100 163 34 41 179 9 36 172 121 
