355 9
313 234 304 182 168 148 196 322 248 
39 280 120 106 338 168 306 179 207 
106 288 142 329 248 265 158 49 94 
42 45 329 106 31 224 321 84 52 
294 52 195 245 168 32 49 280 274 
9 52 149 106 100 196 155 109 270 
285 256 354 17 143 250 154 235 193 
30 106 310 330 109 209 291 260 106 
313 85 62 265 325 319 238 98 286 
5 193 222 106 110 196 242 109 230 
84 38 175 4 66 10 160 176 316 
322 280 235 214 101 47 191 274 66 
37 23 204 321 139 45 269 16 321 
297 66 321 5 242 337 221 188 163 
154 66 170 350 155 269 197 256 163 
45 106 95 290 109 251 291 233 106 
28 245 278 116 251 224 207 40 196 
337 280 54 214 154 190 191 274 170 
43 102 316 28 324 270 109 321 38 
338 238 251 351 220 288 164 290 109 
341 306 203 248 141 97 76 330 341 
132 106 158 298 109 265 128 57 231 
179 321 321 144 242 8 44 173 71 
154 11 259 321 329 344 222 318 91 
341 306 299 248 99 97 49 198 126 
292 264 290 149 48 306 211 263 149 
241 152 339 47 48 48 243 312 19 
236 202 133 106 348 168 306 179 162 
24 345 330 56 156 265 180 346 108 
114 160 139 351 221 93 352 198 114 
132 106 72 271 109 291 256 192 331 
260 156 93 85 189 168 109 207 340 
111 173 92 11 14 250 101 235 193 
84 132 175 281 66 60 48 209 316 
55 106 158 276 109 291 86 303 231 
126 48 185 18 141 93 332 330 341 
189 209 102 77 139 296 58 273 116 
0 222 73 275 52 331 242 298 158 
109 133 301 204 109 237 162 229 192 
313 59 212 226 294 336 348 124 66 
139 261 38 176 20 192 333 104 329 
64 174 332 240 56 109 52 55 217 
265 156 93 85 124 108 109 36 211 
146 295 69 144 39 123 293 37 332 
304 193 247 245 172 227 318 322 213 
55 106 182 95 109 233 31 303 326 
113 71 184 260 325 121 174 259 200 
338 2 292 248 22 286 286 198 109 
81 278 150 175 43 320 41 312 245 
58 121 213 348 21 59 340 109 9 
212 146 243 334 196 253 278 347 189 
189 262 104 313 299 296 219 59 344 
191 326 245 237 153 169 348 109 148 
136 71 69 265 104 319 258 20 178 
68 319 274 348 237 298 340 109 144 
109 181 205 107 109 237 207 272 57 
255 330 223 22 324 162 24 18 326 
334 166 44 78 149 348 323 286 56 
282 295 243 5 191 104 181 129 332 
314 330 326 233 326 196 41 174 301 
296 55 180 221 239 10 160 327 134 
136 79 340 291 289 227 174 208 244 
266 198 226 209 106 129 38 160 329 
320 52 195 245 96 121 215 46 274 
296 38 175 44 321 234 160 262 346 
354 290 286 250 187 36 24 18 214 
170 326 206 150 266 4 120 173 55 
55 348 170 47 231 97 295 116 72 
146 295 62 144 236 289 274 129 352 
266 198 123 262 106 317 55 306 329 
307 323 340 153 196 92 87 347 254 
93 100 227 6 52 51 90 210 187 
80 263 132 241 98 192 14 311 329 
236 39 52 338 316 132 144 130 61 
84 132 153 221 321 64 48 251 156 
132 106 158 271 109 265 128 303 285 
68 227 293 348 21 59 340 109 230 
328 336 274 106 348 268 160 179 51 
252 109 6 41 277 334 50 260 328 
93 315 319 246 52 36 90 112 37 
28 245 225 344 176 103 51 119 348 
199 290 331 265 111 196 41 174 266 
42 75 329 106 188 225 321 78 193 
31 30 329 106 256 65 239 78 193 
263 109 319 41 277 180 101 233 191 
93 91 246 32 52 36 287 216 317 
260 134 93 302 254 96 109 207 69 
253 330 286 220 138 36 35 248 326 
314 198 305 265 305 348 41 174 212 
236 39 52 338 346 132 5 22 337 
217 106 310 345 109 251 265 265 106 
101 17 125 239 329 216 190 76 110 
130 233 299 208 109 34 227 243 0 
122 265 203 306 28 155 343 157 265 
347 106 88 339 109 176 233 233 106 
304 198 326 291 305 348 41 174 212 
309 215 106 304 92 242 276 248 199 
319 233 299 48 28 242 199 78 291 
126 48 185 18 4 97 215 339 126 
314 52 349 245 172 227 332 280 293 
179 183 98 170 329 82 190 332 100 
307 73 115 153 338 92 218 237 254 
245 259 41 307 180 348 111 330 43 
92 198 288 333 317 162 150 295 305 
245 125 41 266 334 338 0 290 152 
191 61 12 106 338 268 306 297 51 
39 221 63 290 53 231 4 175 228 
305 149 194 66 52 326 242 273 119 
309 76 106 166 92 242 81 295 320 
47 138 316 329 160 10 260 106 349 
179 312 259 170 329 83 190 318 249 
342 272 320 165 309 288 348 337 18 
188 284 329 106 167 308 66 84 193 
39 336 213 106 338 96 306 179 162 
39 133 190 19 29 108 352 296 41 
240 198 279 327 106 107 38 48 329 
31 347 329 106 42 56 275 157 193 
284 106 276 198 109 292 265 265 106 
241 152 198 47 306 160 211 263 222 
16 183 132 251 98 192 333 226 329 
324 91 129 275 161 284 202 16 275 
0 31 354 263 220 130 179 49 52 
0 42 255 263 220 13 297 352 52 
245 35 41 266 334 348 111 290 264 
132 196 275 190 305 97 295 83 40 
341 48 299 295 267 93 49 345 341 
236 293 149 47 150 168 235 78 41 
260 228 97 131 67 268 109 207 243 
291 156 93 131 189 172 109 162 211 
214 149 89 170 52 305 242 298 40 
154 66 239 5 242 269 221 256 79 
93 249 227 121 193 51 137 3 138 
109 213 307 107 109 217 207 335 57 
107 23 324 275 203 75 336 139 66 
41 109 46 51 347 117 227 104 193 
186 43 345 222 306 48 62 263 19 
39 61 120 106 338 108 306 297 36 
237 106 276 198 109 176 265 260 106 
326 47 194 275 52 231 155 59 158 
28 245 218 216 241 65 36 158 196 
248 314 61 66 245 168 146 259 185 
199 193 26 245 96 6 235 46 293 
106 288 258 329 295 265 119 318 94 
101 170 170 230 242 202 177 188 71 
5 52 190 106 100 196 242 109 5 
295 166 8 170 245 108 73 29 16 
236 191 193 348 134 38 350 143 202 
326 19 323 321 52 331 155 81 165 
248 314 337 239 245 309 323 29 139 
348 2 327 351 22 244 145 339 109 
114 306 161 351 267 93 235 345 126 
39 322 120 106 196 172 306 50 162 
194 351 62 9 191 123 274 129 215 
139 193 220 212 249 36 217 49 339 
212 323 243 153 338 92 218 75 171 
95 12 129 130 229 338 117 210 244 
41 109 280 162 30 117 319 226 193 
312 109 319 41 189 180 101 260 328 
185 183 132 262 24 169 143 104 329 
202 8 215 285 297 190 236 274 66 
273 87 125 153 264 320 41 159 245 
28 245 218 210 262 278 51 158 338 
189 292 104 105 185 84 219 271 116 
93 249 319 246 52 51 117 344 324 
248 294 269 275 245 168 89 24 80 
139 263 132 209 125 192 22 325 329 
18 260 215 296 106 88 246 92 345 
265 316 93 85 277 172 109 36 211 
268 332 106 199 354 155 271 18 294 
153 320 99 78 190 196 73 140 308 
170 0 94 29 240 221 293 167 38 
38 348 170 190 111 93 295 3 165 
172 54 106 294 354 242 81 248 199 
265 228 97 283 254 172 109 162 243 
106 288 142 329 18 265 119 215 287 
139 52 333 240 249 51 21 54 330 
131 185 227 353 12 306 122 15 180 
314 52 26 245 108 32 215 61 12 
351 343 53 170 245 309 146 35 80 
205 73 211 175 196 255 224 284 254 
299 193 333 307 315 36 21 318 345 
317 249 138 321 185 284 8 80 66 
161 17 132 241 125 192 130 289 329 
336 8 352 214 70 222 39 181 239 
205 339 289 241 106 129 38 306 329 
28 245 308 83 176 308 207 158 348 
302 185 227 210 12 48 232 206 334 
305 149 194 275 193 111 242 271 158 
291 228 97 163 171 108 109 51 69 
132 348 66 222 326 97 18 83 40 
348 2 251 351 130 223 164 198 109 
113 59 212 226 294 8 348 189 66 
175 343 4 84 149 348 282 145 308 
191 331 245 217 334 303 348 109 288 
328 191 193 338 156 132 230 250 322 
186 264 339 190 306 160 184 252 190 
206 303 200 346 291 109 26 28 33 
320 52 25 245 309 232 318 269 133 
75 102 352 131 194 28 282 289 271 
351 265 235 157 106 88 122 354 339 
295 199 53 170 245 168 194 125 161 
153 166 141 78 19 196 282 148 278 
257 85 184 291 123 121 238 125 223 
28 245 56 82 176 278 162 165 196 
214 190 323 275 52 326 242 95 40 
338 2 310 292 154 350 185 334 169 
217 106 81 345 109 241 291 233 106 
171 327 311 342 161 296 152 273 3 
341 48 299 351 221 97 332 198 126 
302 80 6 344 293 160 6 90 153 
127 284 329 106 31 218 66 296 52 
212 330 226 292 106 138 55 306 329 
196 2 310 292 50 230 185 175 57 
317 315 324 170 16 347 202 16 239 
342 272 304 72 268 148 338 46 351 
219 6 133 196 237 298 115 109 5 
167 45 329 106 167 225 170 78 193 
55 106 165 310 109 291 42 169 285 
253 345 178 333 138 51 125 18 331 
73 248 184 230 39 226 12 324 318 
179 170 275 9 155 46 267 173 302 
304 52 135 245 108 227 332 322 213 
196 174 327 248 14 145 145 290 109 
351 166 202 275 245 268 73 125 299 
354 290 288 333 107 162 259 248 214 
92 198 148 13 107 36 20 18 231 
245 125 41 240 153 196 0 290 68 
231 188 255 261 22 220 179 215 193 
41 109 46 51 30 206 232 325 52 
84 55 153 44 170 10 306 241 346 
270 52 19 106 315 338 155 109 144 
313 74 294 72 268 244 348 8 295 
331 167 253 159 130 13 70 215 52 
109 172 160 154 69 117 109 102 354 
78 132 180 221 275 335 306 241 316 
43 122 120 196 347 273 69 109 144 
313 81 212 102 320 46 196 277 321 
38 106 158 59 109 233 167 192 111 
106 223 2 329 351 265 40 235 206 
321 305 206 208 266 281 133 167 132 
196 174 298 209 297 5 161 334 303 
283 139 227 82 293 48 122 287 175 
59 12 187 220 74 196 15 216 178 
307 330 123 262 106 147 38 160 329 
351 294 8 275 245 268 146 98 203 
140 69 136 268 277 109 200 277 307 
214 42 92 17 143 220 50 318 52 
327 58 198 19 160 160 69 263 190 
219 226 316 28 204 5 109 66 132 
50 17 208 170 329 3 149 332 23 
101 321 275 144 242 53 63 86 283 
302 80 122 216 181 306 121 7 153 
322 269 352 214 70 222 39 293 275 
130 291 299 150 109 347 6 115 331 
38 348 170 47 0 97 18 344 158 
333 260 80 125 109 75 32 62 111 
265 228 93 79 254 168 109 162 69 
191 61 293 106 196 172 160 50 36 
106 244 238 329 351 233 165 54 287 
114 160 299 248 197 97 352 290 126 
109 108 306 50 69 90 109 226 255 
202 53 49 285 70 47 236 133 275 
71 139 232 82 274 306 32 137 180 
46 61 352 0 101 190 191 120 170 
194 248 340 230 191 311 12 147 49 
109 168 160 179 69 206 109 226 255 
196 258 59 327 50 9 185 334 303 
199 52 135 245 268 121 332 322 293 
168 318 106 304 253 242 95 351 320 
77 163 211 260 226 246 142 208 148 
350 193 149 106 110 338 242 109 144 
314 290 111 233 231 196 41 142 266 
84 55 334 4 321 229 160 209 134 
343 345 214 291 214 338 41 2 205 
37 91 204 275 80 75 337 185 239 
66 326 15 150 240 197 181 167 55 
314 290 214 233 331 196 41 238 307 
38 348 170 190 331 97 18 353 165 
354 345 244 22 37 51 29 18 0 
245 150 41 205 180 338 285 345 43 
1 71 62 260 289 319 2 125 164 
166 193 195 245 168 32 54 280 293 
236 236 193 348 346 55 270 220 53 
93 100 121 227 52 36 15 82 317 
132 106 182 88 109 260 173 57 111 
313 335 314 72 168 178 196 336 295 
248 304 53 66 245 172 89 125 80 
284 106 59 345 109 241 260 291 106 
295 314 322 239 245 268 282 35 16 
245 259 41 212 180 338 0 345 264 
217 104 215 131 146 28 89 102 81 
109 172 160 154 62 287 109 325 92 
71 80 122 83 293 160 122 287 334 
147 23 129 66 80 347 280 80 239 
18 265 318 84 106 310 232 92 345 
264 325 134 28 138 350 109 275 55 
263 109 121 41 189 175 50 265 39 
301 73 243 334 348 354 225 237 254 
294 339 214 233 285 196 41 238 212 
28 245 225 3 327 56 51 165 348 
61 336 352 285 297 222 39 213 66 
338 174 276 186 154 9 203 153 169 
93 100 246 246 193 207 137 353 147 
180 304 281 157 190 338 89 200 103 
295 233 49 157 106 271 227 354 339 
105 60 166 165 96 148 196 269 248 
88 65 259 180 43 294 41 159 245 
196 258 88 186 70 144 299 175 303 
92 345 148 13 37 162 35 18 285 
309 235 106 320 354 155 298 18 199 
294 330 326 260 0 348 41 238 301 
245 20 41 301 175 196 0 330 264 
8 202 235 285 70 190 236 133 275 
236 46 181 106 338 268 48 179 36 
18 233 352 78 106 298 319 354 330 
297 300 29 66 329 3 19 318 110 
41 109 280 51 75 90 232 123 193 
285 47 323 170 193 326 242 81 72 
219 121 12 348 21 81 115 109 144 
111 31 354 11 130 143 154 54 193 
248 291 332 84 106 298 6 92 330 
170 285 15 20 301 44 213 128 38 
105 131 184 260 102 246 258 20 288 
328 39 193 196 156 38 270 22 8 
0 222 146 239 193 331 242 276 119 
245 150 41 307 180 348 331 290 68 
77 234 304 72 172 145 338 337 18 
163 161 246 112 181 160 122 15 153 
113 59 240 226 304 336 338 124 66 
325 285 253 303 43 114 161 47 343 
45 104 49 163 323 28 323 289 81 
151 64 304 40 309 288 196 322 248 
58 6 133 338 75 59 243 109 9 
50 239 66 5 155 61 177 128 302 
139 193 22 301 100 207 75 76 290 
296 38 153 281 239 74 306 209 156 
113 79 115 260 102 122 174 24 288 
27 302 69 260 104 232 2 29 288 
137 303 244 316 233 109 26 28 74 
237 279 318 71 89 28 73 226 273 
266 345 104 292 106 317 38 48 329 
236 181 190 190 29 309 76 157 41 
191 46 213 106 348 172 48 179 51 
248 265 76 78 106 271 246 255 198 
256 21 329 106 173 103 275 157 193 
34 325 235 85 323 28 282 104 81 
41 109 322 162 45 90 319 123 52 
55 106 119 95 109 260 256 57 305 
94 192 148 134 260 109 195 28 64 
292 68 198 19 48 306 340 159 222 
144 193 222 106 23 196 155 109 9 
152 226 134 28 129 5 109 321 55 
264 121 133 196 284 88 184 109 5 
188 30 329 106 31 224 275 296 193 
250 291 299 208 109 30 227 62 214 
