27 20
9 6 12 23 6 25 6 8 26 2 4 4 7 3 4 19 6 2 2 12 
6 3 12 22 4 6 7 13 6 8 9 25 7 21 12 21 26 25 26 4 
25 2 8 2 8 20 0 26 0 2 10 24 6 25 9 0 6 11 6 5 
6 11 5 16 0 6 8 4 6 21 9 25 7 21 24 7 26 25 26 20 
9 6 19 16 6 25 6 21 26 14 13 0 7 1 4 12 6 14 2 12 
7 21 9 8 17 24 21 4 17 10 6 17 14 20 21 5 26 10 20 6 
15 6 11 4 14 7 6 11 11 14 21 20 6 13 3 9 25 6 10 8 
6 19 9 17 22 6 16 9 26 19 19 9 18 2 6 25 13 26 13 26 
6 5 9 17 17 6 17 9 26 5 19 9 15 2 6 25 20 26 4 26 
13 0 26 25 23 15 6 14 15 20 4 9 9 15 21 26 25 9 6 2 
7 8 9 21 16 12 7 20 23 12 6 23 14 0 21 24 26 19 20 6 
6 15 24 23 20 6 7 0 6 7 9 25 8 21 19 8 26 25 26 4 
21 8 9 21 16 19 8 0 22 24 6 16 14 4 7 19 26 10 13 6 
9 6 24 22 6 25 6 8 26 2 4 13 8 15 4 19 6 14 14 10 
25 14 21 14 8 4 13 26 13 14 24 5 6 25 9 4 6 3 6 5 
6 11 24 23 20 6 21 20 6 8 9 25 7 21 5 7 26 25 26 20 
12 10 26 26 16 0 12 12 9 10 15 13 2 0 7 15 2 20 9 25 
12 19 26 26 17 20 5 12 9 19 11 4 2 13 21 1 2 4 9 25 
6 15 10 17 4 6 7 13 6 7 9 25 7 7 19 8 26 25 26 13 
8 7 9 8 22 19 8 20 17 5 6 16 2 4 7 10 26 24 4 6 
9 6 19 23 6 25 6 21 26 14 0 13 21 3 13 5 6 2 14 10 
6 5 9 23 23 6 23 9 26 5 19 9 1 2 6 25 20 26 0 26 
19 19 26 26 16 0 12 19 9 24 11 20 14 13 21 1 14 4 9 25 
19 19 26 26 23 0 5 10 9 5 1 13 2 20 21 15 14 20 9 25 
8 8 9 8 16 5 7 20 16 19 6 23 14 20 7 24 26 19 20 6 
1 21 20 11 15 5 13 7 2 24 25 14 17 18 19 26 20 2 8 26 
25 9 24 9 0 3 21 9 6 2 2 13 20 25 16 2 9 9 11 22 
