389 21
203 383 254 257 220 222 303 343 30 189 222 33 96 303 254 89 98 115 141 249 166 
164 127 41 364 118 352 22 62 68 187 32 3 277 347 244 165 306 52 28 76 226 
41 200 363 4 345 231 86 279 224 314 185 156 20 91 228 228 155 67 18 325 340 
207 340 71 114 77 338 109 70 194 52 274 162 366 261 12 176 25 382 308 254 186 
324 127 118 10 94 326 211 12 298 251 87 37 138 176 265 97 177 330 222 133 19 
205 320 4 104 73 198 250 323 49 361 211 320 165 347 376 251 177 251 347 86 10 
311 387 32 37 312 94 305 143 120 3 82 76 88 6 378 93 79 79 274 209 185 
308 130 276 211 29 120 189 46 141 254 186 305 374 335 159 360 122 120 64 106 166 
167 301 10 366 247 311 249 235 266 248 177 324 162 46 115 383 224 324 38 141 50 
325 200 95 200 92 271 86 342 261 273 26 156 336 91 228 228 336 56 55 296 340 
108 130 276 235 202 280 152 45 198 196 186 71 374 276 331 228 122 227 64 81 166 
170 200 287 200 345 36 86 279 224 273 87 378 336 91 228 360 336 137 18 40 340 
264 74 161 30 154 141 176 64 161 96 251 190 205 337 135 3 153 320 23 212 222 
200 235 107 138 7 247 321 305 335 287 179 131 119 266 335 178 227 84 297 46 288 
75 157 56 376 304 88 189 114 250 13 153 63 336 116 362 217 275 91 300 334 304 
173 222 48 295 238 336 379 388 283 111 347 320 250 376 166 51 327 207 362 339 211 
157 323 300 67 196 249 305 249 91 324 86 91 218 315 223 320 312 113 345 82 24 
247 126 271 235 41 128 162 347 177 266 278 91 141 342 335 201 102 25 142 181 318 
249 320 48 136 107 303 307 245 119 371 162 308 166 105 266 167 300 63 64 116 320 
220 28 186 30 154 141 59 64 172 50 187 203 205 227 361 105 370 320 23 240 222 
30 249 119 128 127 320 225 76 102 271 324 279 119 374 331 252 64 335 192 116 359 
249 131 166 78 167 275 276 288 385 45 314 342 357 242 288 49 173 236 124 292 308 
250 69 119 82 246 51 288 331 186 364 24 262 214 145 369 353 57 377 169 275 171 
388 314 137 376 304 135 323 312 250 208 370 63 336 207 362 228 190 91 98 61 123 
79 374 301 232 106 364 264 128 13 345 75 115 344 211 168 211 89 302 374 340 126 
170 49 363 190 140 292 332 222 383 295 278 19 239 379 30 97 51 269 119 3 303 
266 255 91 81 199 166 14 250 368 235 239 16 85 340 173 119 211 270 26 250 205 
308 354 268 157 289 176 385 12 331 303 324 72 98 171 152 266 16 119 23 128 224 
1 131 243 166 251 292 195 20 277 335 210 50 153 15 378 70 266 91 228 50 210 
294 166 93 340 276 69 55 127 340 158 387 305 9 341 65 275 276 251 376 298 349 
224 211 303 318 136 39 221 38 220 242 126 57 96 131 70 91 85 322 149 345 285 
381 266 108 358 336 353 221 7 31 149 65 249 283 168 200 285 297 30 91 320 271 
21 335 111 47 267 315 251 250 296 266 315 386 166 50 211 165 181 264 187 48 320 
371 387 307 307 312 105 71 356 337 277 82 93 361 6 378 93 79 93 162 229 87 
208 31 7 378 245 111 79 131 48 348 320 85 340 96 331 18 343 64 383 83 26 
84 210 56 376 123 135 191 114 250 13 153 63 155 192 59 360 292 91 297 281 89 
119 237 355 250 374 47 64 331 167 320 166 56 303 347 85 310 262 342 222 299 14 
144 335 304 47 59 356 251 250 373 266 219 15 166 50 211 99 21 239 187 48 320 
382 107 94 249 283 288 281 126 224 249 60 262 320 249 273 130 150 316 114 318 236 
68 306 182 30 126 281 267 64 161 96 187 203 205 225 357 277 153 320 23 218 222 
274 383 43 266 200 76 319 200 119 209 228 208 89 173 55 110 60 158 240 379 148 
274 345 77 266 4 93 319 4 119 132 217 330 136 302 18 174 7 317 67 22 148 
235 190 122 155 137 249 123 189 209 81 187 218 279 364 294 13 115 285 178 222 117 
85 208 229 297 340 381 297 372 235 303 316 318 150 364 292 182 172 116 222 178 130 
148 10 300 377 92 200 55 188 78 338 331 108 380 288 303 250 85 60 294 46 261 
41 4 287 108 92 36 63 279 224 273 87 343 336 91 217 228 336 56 55 40 340 
40 108 363 200 175 36 86 342 224 16 87 214 155 91 217 360 20 112 18 170 340 
177 114 305 172 37 129 282 208 18 86 187 14 250 142 377 262 238 219 59 61 167 
103 68 235 274 228 63 377 320 4 258 294 335 312 139 283 54 261 249 221 3 135 
210 319 166 226 50 266 261 382 47 238 192 350 41 337 187 335 381 354 281 388 287 
176 188 348 100 276 371 211 351 274 205 6 348 124 261 130 48 36 23 373 23 251 
324 114 305 172 32 292 245 13 18 86 187 23 250 57 377 262 143 321 267 198 385 
322 239 235 274 228 63 268 320 4 27 15 347 226 72 107 137 224 249 48 94 357 
85 69 209 98 340 122 183 234 211 351 227 327 214 364 190 182 161 192 222 178 130 
27 222 220 187 336 222 282 278 36 210 266 50 93 141 286 283 305 231 91 38 317 
249 320 221 304 283 351 32 1 119 311 274 108 166 3 266 385 270 86 64 207 320 
90 222 68 187 20 222 245 80 271 273 266 50 79 141 226 283 71 367 91 256 216 
330 31 7 150 1 89 93 131 52 0 320 85 340 50 244 55 121 64 383 357 87 
30 305 227 18 295 264 66 222 141 309 85 275 71 303 91 162 365 51 205 116 157 
16 319 166 114 96 266 261 109 47 315 207 243 373 120 251 276 122 244 198 84 95 
308 130 335 211 349 120 191 236 198 7 25 71 130 347 354 228 381 316 64 106 166 
154 85 111 51 57 124 384 88 78 302 279 1 177 258 228 133 183 245 228 272 320 
285 338 111 364 311 91 229 93 110 273 244 37 301 69 214 135 344 83 32 387 177 
25 340 305 164 176 244 314 36 56 249 86 227 64 27 173 26 341 241 290 139 8 
305 355 297 235 320 115 347 316 47 311 251 250 85 193 107 249 153 254 249 163 340 
355 340 305 226 43 24 109 288 194 52 274 162 366 224 19 176 182 103 308 60 161 
103 107 65 249 107 288 61 126 261 249 10 97 320 249 157 374 121 337 312 42 9 
258 222 220 251 20 222 1 124 271 16 266 50 76 281 226 283 305 36 91 257 180 
104 194 116 343 56 91 336 114 347 349 149 385 294 258 5 247 49 330 117 326 35 
108 211 107 138 60 128 356 305 335 95 132 131 119 266 276 377 227 75 98 45 70 
154 343 176 70 130 116 106 105 37 311 106 153 135 64 225 232 150 187 107 12 326 
364 266 131 185 40 224 79 388 201 311 85 91 296 3 274 25 124 386 131 289 375 
258 10 98 178 383 308 55 40 106 269 331 200 295 70 351 250 85 196 15 45 224 
344 73 32 307 312 277 71 143 120 277 375 79 357 33 343 76 93 79 274 333 87 
282 131 194 166 251 190 370 336 105 347 157 50 34 15 121 288 266 91 360 96 314 
190 342 144 16 96 288 60 178 173 61 266 288 222 133 122 205 311 286 312 302 166 
353 308 249 61 47 264 4 9 309 203 335 309 167 320 74 91 224 15 16 131 211 
85 208 44 300 340 386 270 151 211 303 225 242 214 376 190 182 186 116 222 377 130 
167 315 85 13 374 85 92 367 40 205 127 58 84 215 282 240 231 132 266 251 358 
380 4 249 281 47 264 308 259 263 203 335 255 385 320 82 91 261 15 210 131 235 
167 301 196 22 247 344 249 211 266 248 177 324 274 284 31 383 224 324 146 198 50 
167 272 85 208 374 85 345 367 41 205 115 299 75 215 245 112 367 333 266 251 109 
245 131 223 166 187 190 34 336 94 347 314 50 153 294 214 70 266 91 360 96 16 
3 249 126 376 70 172 119 166 291 134 366 239 312 320 315 56 268 5 79 351 250 
292 342 101 157 96 70 60 178 173 198 266 70 222 233 15 205 311 286 226 173 166 
242 115 377 316 155 264 128 285 11 208 323 223 188 289 32 137 20 352 357 310 361 
161 340 71 110 176 159 210 367 67 249 63 316 64 258 302 26 204 232 258 179 80 
266 339 91 106 126 166 216 250 368 211 68 273 85 340 302 119 235 297 87 250 205 
94 249 199 364 70 25 119 166 34 327 22 239 312 320 272 218 178 358 79 351 250 
238 79 177 109 18 300 286 253 315 388 352 85 197 218 285 228 365 213 383 303 174 
4 159 178 210 24 59 167 39 331 303 177 229 300 233 17 266 157 119 216 248 224 
324 8 235 155 211 250 184 349 119 20 142 32 268 269 144 359 214 173 225 183 336 
354 245 18 50 251 250 250 222 58 251 326 231 96 105 205 307 76 203 91 246 21 
295 200 249 198 47 239 308 259 309 292 335 309 167 320 163 91 224 386 210 131 211 
207 340 71 168 298 125 5 288 243 48 274 274 97 224 248 59 161 109 308 196 25 
106 382 64 313 134 41 249 278 141 7 31 143 211 36 184 136 166 288 79 320 64 
362 41 252 164 335 344 211 351 274 205 6 193 102 261 130 138 36 14 325 180 251 
250 69 119 163 214 51 288 354 161 376 289 366 214 1 38 350 370 178 339 292 62 
103 27 253 76 339 7 105 120 364 166 175 307 280 214 24 119 310 301 302 341 60 
294 166 76 340 347 330 55 127 340 14 149 305 45 326 105 129 347 251 376 346 202 
62 80 64 51 177 294 305 180 14 250 70 26 362 201 324 364 351 119 208 320 310 
249 131 166 328 385 292 347 288 167 9 314 342 135 318 70 49 302 236 124 190 108 
167 287 196 97 248 344 249 211 266 12 177 324 274 236 31 117 224 324 66 334 50 
205 320 308 328 149 334 250 260 49 361 211 320 206 335 376 251 177 187 347 63 254 
167 143 85 69 374 85 117 231 41 205 115 255 388 215 1 212 271 179 266 251 358 
207 340 71 168 298 338 103 288 243 138 274 274 262 224 39 362 161 322 108 10 161 
385 219 85 69 130 85 117 271 40 205 115 339 75 366 145 112 36 139 266 251 322 
344 291 274 56 115 222 15 94 131 86 250 85 249 173 177 360 50 184 62 330 387 
177 115 77 7 94 341 235 247 77 187 26 32 221 59 332 262 177 330 222 213 128 
205 320 4 81 332 61 250 260 267 361 211 320 329 276 364 187 324 251 335 63 60 
171 80 64 47 324 381 71 158 14 250 70 185 59 341 177 376 351 119 208 320 263 
238 79 324 103 18 183 226 53 272 75 319 85 197 112 285 217 66 213 117 351 100 
90 222 220 251 336 222 145 102 367 157 266 96 93 61 226 107 71 367 91 147 14 
385 160 10 215 248 344 249 235 266 12 324 177 162 259 127 175 261 177 365 198 50 
216 320 374 88 107 268 64 313 152 30 204 220 107 250 115 332 205 377 107 131 283 
15 266 308 109 20 353 48 60 115 33 65 249 107 114 4 285 297 130 91 320 367 
106 162 11 320 320 340 4 386 65 133 281 116 279 385 341 34 65 258 162 261 92 
159 1 18 96 187 250 250 222 255 251 204 231 50 94 205 32 79 190 91 246 181 
85 330 44 297 340 386 300 125 211 303 227 134 150 364 203 186 25 207 222 178 30 
278 136 72 160 11 117 188 14 167 128 345 138 28 324 83 197 36 119 217 188 231 
126 285 343 343 181 287 162 224 76 70 261 32 58 44 0 288 43 320 283 287 335 
330 285 184 280 217 41 274 106 178 236 385 76 372 50 159 261 303 37 358 311 232 
173 222 52 350 321 20 379 75 283 123 335 320 250 376 166 51 242 116 59 299 235 
272 79 177 5 55 297 226 77 238 84 174 85 191 67 285 217 38 233 117 303 352 
167 160 10 215 39 344 249 235 266 19 324 177 274 2 127 383 224 324 146 141 96 
79 130 95 348 328 364 264 313 69 383 388 31 371 235 226 211 136 173 374 340 126 
64 332 355 148 204 72 86 192 342 177 318 235 156 250 132 345 210 233 347 224 3 
386 266 4 5 20 353 221 60 127 387 277 249 107 312 4 285 270 130 91 320 231 
359 82 161 30 199 281 362 64 161 50 187 129 205 316 357 94 370 320 158 212 222 
218 259 191 334 63 96 285 202 361 160 290 277 231 340 63 382 207 173 250 305 105 
224 235 303 242 111 248 52 369 359 327 154 57 50 131 288 91 85 382 33 345 285 
356 228 47 140 91 320 215 115 249 43 361 249 122 357 268 339 131 216 361 259 107 
290 10 183 268 345 308 55 170 78 151 159 308 194 70 303 250 85 7 381 9 261 
285 151 89 376 371 91 139 93 319 157 244 32 95 208 246 83 371 83 32 387 177 
235 292 381 20 137 249 89 189 139 328 251 218 279 376 386 208 31 285 178 222 175 
277 249 199 376 70 186 119 166 153 134 215 359 312 320 143 54 377 358 93 351 250 
219 79 177 103 18 183 114 53 356 388 164 85 152 67 285 360 66 133 383 303 100 
27 222 239 251 336 222 245 102 271 16 266 96 79 334 114 283 305 271 91 369 293 
322 220 211 162 228 86 268 320 4 258 294 347 312 44 107 240 224 249 48 3 88 
258 196 98 178 383 4 55 170 78 125 354 308 295 70 351 250 85 10 15 46 261 
100 166 305 222 106 4 93 185 303 36 204 352 336 336 280 148 213 119 320 224 141 
154 85 111 47 142 8 252 88 81 173 279 245 177 290 228 62 98 1 360 321 320 
69 127 7 378 245 123 93 131 48 384 320 85 340 50 244 55 156 64 92 88 185 
249 196 222 302 119 119 342 60 300 250 305 309 101 141 126 363 267 91 126 280 368 
249 131 166 78 385 129 347 288 167 11 157 342 135 318 70 176 302 259 80 129 200 
100 127 170 364 230 110 262 171 239 251 32 105 105 335 184 206 74 221 306 79 226 
382 283 65 249 107 70 141 126 261 249 254 215 320 249 210 374 378 316 168 42 46 
109 107 94 249 107 70 198 154 261 249 60 22 320 249 210 374 378 227 168 242 11 
4 184 178 157 151 176 385 12 184 303 177 72 183 233 197 266 210 119 216 247 224 
311 73 32 37 114 94 71 321 120 105 163 79 83 265 150 79 79 93 274 139 185 
13 285 184 225 360 296 162 106 178 46 385 79 269 96 244 224 303 32 109 344 0 
93 30 363 252 104 376 239 39 208 345 84 127 371 235 226 211 89 302 30 340 199 
19 126 231 211 40 248 162 276 177 266 80 91 334 279 276 201 113 182 195 181 42 
13 31 254 121 245 89 76 131 48 384 320 85 340 50 244 55 150 64 92 357 26 
64 149 192 258 341 333 63 207 279 324 42 235 150 250 179 117 16 171 276 261 3 
374 249 119 247 31 320 316 76 102 367 177 279 119 30 159 241 64 276 116 116 220 
330 285 331 225 217 170 162 104 377 46 167 79 151 96 184 261 351 32 322 371 384 
16 17 297 54 254 249 305 249 91 177 63 91 112 321 243 320 226 113 383 306 24 
84 157 112 376 136 83 152 286 250 69 291 86 336 116 267 228 203 91 183 141 111 
367 71 104 52 119 226 140 248 166 146 352 367 18 348 385 5 303 367 68 322 87 
78 103 64 247 42 40 249 278 141 196 31 321 211 271 184 304 166 288 93 320 64 
170 267 363 292 201 129 149 222 117 295 237 247 68 22 374 379 47 24 119 105 303 
137 374 160 342 301 59 213 233 31 171 78 111 96 237 252 21 281 189 307 205 204 
145 131 350 166 187 190 195 155 105 276 16 50 370 294 378 70 266 91 360 96 157 
233 113 64 51 324 15 305 158 35 250 288 26 362 201 177 364 351 119 13 320 299 
386 166 76 340 335 208 55 115 340 23 387 71 259 341 94 129 276 251 364 77 202 
186 101 371 141 311 228 97 43 179 236 60 255 302 326 266 249 40 30 287 131 162 
182 196 235 79 80 196 363 177 77 294 87 374 13 131 83 311 340 376 151 322 78 
216 320 374 135 107 268 64 248 197 30 201 359 107 250 31 387 205 178 107 131 283 
374 71 120 55 223 264 146 222 334 339 85 190 71 351 91 162 38 47 205 192 314 
162 383 118 266 200 79 319 200 119 229 360 208 304 302 18 174 254 23 56 379 290 
285 24 123 376 311 91 229 76 100 210 159 37 160 69 214 88 371 135 37 149 177 
325 49 95 275 201 292 265 222 117 380 8 128 264 262 130 379 47 234 119 277 303 
60 85 254 64 274 234 345 209 81 201 181 293 283 105 55 304 85 329 38 271 13 
133 80 64 47 177 122 71 23 317 250 288 87 49 326 324 376 303 119 330 320 255 
184 282 18 50 251 250 250 222 309 187 201 271 50 3 205 32 79 129 91 378 144 
210 319 166 312 96 266 224 5 51 315 116 223 40 227 251 276 386 184 334 84 363 
177 49 99 210 381 266 265 86 208 102 91 120 64 112 338 47 224 1 324 327 126 
342 311 288 78 195 119 181 338 339 197 177 114 302 173 345 239 222 121 248 112 158 
27 254 183 268 383 200 18 188 78 234 244 108 295 288 351 250 85 7 294 46 224 
388 273 112 376 111 83 152 114 250 69 153 63 20 116 267 217 129 91 98 281 89 
249 131 166 81 167 190 276 288 167 284 16 279 135 327 70 267 173 236 8 129 4 
373 49 287 203 326 190 73 222 383 194 8 248 359 262 30 97 47 125 119 94 303 
358 290 77 93 169 7 65 120 364 166 383 307 337 378 289 119 309 287 302 140 196 
231 71 81 221 119 114 204 39 166 257 110 271 18 348 385 109 351 367 359 322 185 
266 309 91 81 154 166 14 250 368 211 359 157 85 340 173 119 235 300 185 250 205 
373 362 287 275 204 190 387 222 117 243 237 313 264 215 30 22 47 24 119 3 303 
121 169 249 138 86 124 51 26 287 114 12 58 131 351 113 134 178 380 367 283 378 
274 117 118 266 4 79 110 200 119 333 217 208 111 302 18 100 196 158 54 97 258 
128 154 271 235 40 39 162 335 324 266 102 91 141 279 347 341 124 186 153 181 42 
56 259 152 198 63 50 285 349 88 363 290 105 271 340 63 358 192 173 250 305 105 
313 154 231 235 40 12 274 335 177 266 124 91 61 342 335 140 278 186 195 101 134 
106 162 259 320 320 340 108 122 3 62 281 355 279 385 204 370 105 148 274 224 345 
129 117 10 257 68 222 303 121 130 17 222 33 50 303 10 304 270 31 198 249 166 
50 6 253 50 168 319 6 364 111 262 285 333 345 119 128 377 55 55 113 311 30 
13 127 10 246 1 111 93 131 48 232 320 85 340 96 354 55 156 64 175 88 26 
308 130 276 235 202 227 260 259 334 196 186 305 374 335 244 360 381 225 64 81 166 
12 199 367 211 41 128 162 276 324 266 278 91 281 279 335 326 237 186 34 181 134 
154 85 136 47 370 80 348 83 81 173 279 1 177 148 360 133 297 1 360 321 320 
64 33 355 148 201 44 86 207 279 177 242 211 246 250 139 92 16 213 347 261 3 
177 115 346 10 65 326 235 128 346 251 26 37 52 362 33 262 324 208 222 171 248 
100 166 305 222 104 4 93 87 351 231 201 174 155 155 280 90 62 119 320 261 61 
122 166 93 340 347 330 55 31 340 180 73 71 259 341 65 190 347 187 364 118 202 
56 284 260 334 63 96 285 329 361 287 148 277 271 340 63 382 116 302 250 305 65 
174 166 305 222 104 4 93 87 303 231 341 174 20 155 227 27 233 119 320 261 61 
347 329 347 249 52 170 285 309 302 96 190 257 63 266 348 107 71 224 49 205 336 
386 166 93 340 347 69 18 31 340 158 6 71 9 341 94 292 347 251 364 298 29 
328 162 236 320 320 340 200 386 277 133 141 192 279 167 204 57 277 258 162 261 175 
200 211 283 48 196 247 143 305 276 287 333 131 119 266 347 178 227 84 183 284 70 
290 7 300 377 345 4 55 373 104 125 354 108 243 70 303 250 85 196 15 9 261 
210 17 98 56 7 249 71 249 91 177 63 91 240 238 353 320 114 80 117 82 289 
377 93 204 276 204 283 107 121 301 120 144 8 107 162 331 131 375 311 224 329 33 
148 222 220 251 155 222 1 80 231 314 266 96 79 141 168 283 71 271 91 256 23 
285 24 123 364 344 91 132 76 319 210 184 307 160 208 378 88 344 357 307 265 177 
13 285 184 280 360 188 274 104 178 259 167 76 151 50 331 261 351 32 5 311 232 
250 13 119 163 378 47 288 354 172 364 372 262 121 145 38 350 142 178 255 190 171 
368 314 56 364 123 361 152 312 250 330 142 63 336 207 59 360 190 91 270 141 89 
373 47 91 222 320 272 205 34 115 187 131 344 320 235 302 129 285 225 362 55 83 
290 222 220 251 20 222 245 80 36 210 266 96 76 334 226 283 71 271 91 256 158 
249 60 222 173 119 119 279 196 300 250 71 169 101 334 199 287 59 91 126 225 75 
81 353 355 378 54 91 155 286 347 349 149 385 15 148 109 128 362 13 345 341 23 
109 220 211 162 360 63 178 320 200 27 386 276 312 139 107 54 261 249 221 94 135 
227 119 342 344 53 131 369 108 163 342 203 186 283 51 131 178 55 142 236 351 211 
96 6 118 96 226 319 387 376 111 97 285 333 117 119 19 178 55 55 237 344 130 
107 215 45 266 279 192 284 155 358 96 333 64 271 318 204 320 143 108 16 255 222 
199 285 378 214 101 301 274 224 79 288 261 307 255 229 252 70 253 320 107 160 335 
35 320 30 357 283 268 64 19 260 374 140 68 107 250 115 33 205 377 283 131 107 
154 285 150 343 21 363 162 224 93 288 261 37 169 132 252 70 346 320 107 95 276 
40 47 91 222 320 143 205 57 127 251 131 311 320 211 302 292 285 316 59 55 88 
27 196 300 178 92 308 55 188 78 151 354 200 353 70 303 250 85 10 15 236 261 
85 69 209 300 340 122 297 24 211 303 337 327 378 364 292 186 172 207 222 377 130 
119 237 192 250 130 51 64 159 385 320 166 212 303 276 85 263 22 342 222 255 216 
190 345 10 256 220 222 303 156 130 191 222 33 50 351 196 136 183 127 334 249 166 
285 125 89 364 344 91 333 76 319 314 244 32 301 13 343 357 344 361 37 33 177 
76 130 363 348 81 364 239 128 13 92 75 127 371 211 114 211 123 302 30 340 126 
178 93 341 347 341 283 283 150 160 316 21 113 283 274 184 131 74 311 261 349 265 
325 108 287 108 92 36 63 279 224 157 87 150 336 91 360 217 336 240 55 41 340 
385 363 254 97 12 344 249 235 266 247 324 177 162 236 127 383 224 177 369 61 96 
249 254 222 302 119 119 279 196 183 250 305 310 144 141 199 301 267 91 154 225 368 
104 350 355 150 67 91 155 114 347 329 73 385 15 90 109 248 49 208 383 140 14 
290 222 220 187 155 222 145 8 367 314 266 96 76 141 114 107 71 231 91 257 14 
292 345 196 147 68 222 351 378 30 189 222 73 50 351 10 123 183 31 334 249 166 
235 203 294 336 54 249 111 152 229 81 187 218 342 364 386 208 127 285 377 222 383 
50 265 118 50 286 174 33 376 304 262 285 179 383 119 313 178 55 18 102 311 30 
36 71 78 52 119 114 341 128 166 146 164 367 18 0 167 322 303 271 220 103 87 
174 115 325 376 77 319 22 213 359 251 32 65 65 335 244 349 74 221 28 76 226 
208 285 244 316 217 170 274 328 268 46 167 79 234 50 244 261 303 37 382 371 384 
264 74 161 130 154 141 49 64 186 50 251 190 205 120 357 105 370 320 14 137 222 
220 74 161 130 126 334 49 64 186 96 187 275 205 120 135 277 142 320 23 212 222 
279 371 17 205 45 213 191 312 127 266 243 222 82 276 105 233 261 167 297 274 363 
279 229 119 280 288 126 159 279 205 167 335 271 104 167 152 169 178 251 205 205 274 
150 309 249 138 63 102 47 26 301 286 12 299 131 303 8 318 178 223 231 283 343 
203 383 7 256 264 222 351 246 130 323 222 387 50 351 60 111 98 31 141 249 166 
85 13 209 300 340 122 270 372 235 351 280 318 121 364 203 161 182 207 222 377 30 
308 30 347 235 349 280 152 45 198 254 25 305 130 276 354 360 294 120 64 81 166 
374 305 337 55 380 264 146 222 198 169 85 129 305 351 91 274 369 47 205 355 16 
358 283 277 249 283 70 141 199 224 249 10 215 320 249 210 130 378 227 114 242 2 
382 283 94 249 107 70 334 154 261 249 10 366 320 249 210 374 343 280 286 242 236 
4 331 178 210 338 59 167 39 354 303 324 209 183 133 197 266 157 119 14 248 224 
40 200 301 200 92 271 86 342 224 314 87 150 155 91 360 360 155 56 18 325 340 
19 126 367 211 188 39 162 335 177 266 80 91 198 342 335 204 113 161 153 21 134 
283 97 259 266 279 116 259 336 382 96 139 64 36 242 201 320 315 4 16 58 222 
250 208 119 163 343 47 288 159 172 364 125 97 156 245 369 295 195 178 255 129 62 
130 305 280 18 295 68 369 222 281 310 85 190 71 303 91 274 147 47 205 207 273 
104 243 207 214 212 91 20 226 347 329 265 385 381 90 382 19 49 208 345 201 35 
371 387 32 32 312 65 71 272 227 3 82 76 83 387 343 93 79 79 162 229 26 
68 190 364 287 119 134 21 347 337 273 72 192 190 380 166 330 153 13 119 23 239 
16 110 166 312 50 266 224 103 51 143 355 194 40 225 251 276 15 159 141 388 363 
279 344 288 106 57 119 144 125 169 323 177 286 302 173 175 264 222 214 247 212 35 
79 130 160 193 78 364 359 248 208 383 84 115 311 235 114 211 136 302 30 340 126 
382 90 43 79 255 254 3 337 364 166 175 32 225 150 151 119 339 95 302 341 10 
119 80 192 250 30 47 64 184 385 320 166 54 351 335 85 309 262 342 222 310 14 
249 10 222 173 119 119 279 10 98 250 305 299 181 141 126 160 49 91 154 227 368 
157 260 297 67 7 249 71 249 91 324 63 91 218 356 194 320 168 113 175 82 269 
67 374 287 342 363 362 133 233 31 133 328 304 50 124 232 181 198 323 32 205 201 
56 259 191 61 63 96 285 206 135 301 90 277 36 340 86 109 192 302 250 71 277 
84 201 55 117 63 280 287 246 90 320 122 375 242 93 273 263 222 81 140 48 49 
192 340 71 312 53 372 382 288 380 221 162 274 262 261 19 49 161 322 4 196 172 
167 95 7 366 39 371 249 211 266 248 324 324 162 45 127 345 261 324 365 141 96 
187 331 340 228 338 66 264 119 286 346 265 43 351 46 70 93 78 89 266 205 131 
154 285 150 156 144 287 274 261 79 70 224 32 339 44 252 288 118 320 283 160 347 
126 85 111 51 195 237 241 357 78 302 279 145 177 90 228 233 270 245 228 272 320 
174 31 325 364 77 100 366 171 68 187 37 3 3 347 184 329 74 52 375 79 114 
371 153 274 67 127 222 381 94 131 63 250 85 249 302 324 360 96 244 62 330 33 
296 108 287 200 175 231 86 342 224 157 185 246 20 91 360 360 155 218 55 373 340 
356 31 228 96 365 20 293 244 205 292 340 250 138 312 44 167 107 198 187 39 249 
35 320 30 361 283 178 64 247 197 30 341 359 283 250 31 332 205 268 283 131 283 
78 322 64 128 318 296 249 278 334 254 115 219 211 231 331 123 166 70 76 320 64 
154 246 49 70 130 355 78 94 307 344 81 153 88 64 120 384 156 187 107 248 140 
79 374 95 348 78 376 220 19 330 345 75 115 371 211 286 235 123 173 30 340 154 
308 184 377 210 234 267 385 39 354 351 324 209 183 62 323 266 210 119 293 313 224 
69 127 196 156 282 111 93 131 52 348 320 85 340 96 331 18 156 64 117 83 26 
218 46 197 61 86 96 285 329 135 287 90 94 231 340 63 322 192 173 250 305 277 
84 157 218 364 304 88 189 226 250 208 291 86 336 355 267 217 292 91 300 334 111 
302 222 52 295 143 336 366 75 107 111 347 320 250 364 166 51 42 192 49 58 211 
96 33 253 50 168 352 73 376 123 215 285 209 117 119 19 377 18 18 278 371 374 
274 117 43 266 108 76 100 308 119 132 360 208 89 302 18 174 10 293 56 366 290 
5 290 253 79 310 254 3 225 364 166 117 32 280 150 24 119 299 160 302 341 254 
85 13 132 297 340 381 183 269 235 351 337 42 156 376 190 172 172 116 222 377 374 
374 71 227 55 295 359 147 222 281 255 85 190 71 303 91 162 257 47 205 116 16 
109 258 77 93 299 196 65 227 364 166 345 37 337 150 338 119 169 95 302 140 254 
104 322 64 128 327 188 249 124 281 60 115 321 211 367 184 304 166 70 79 320 64 
196 85 10 64 274 125 383 179 328 140 101 158 283 65 55 89 85 349 257 271 69 
275 49 295 121 209 270 171 351 101 53 385 217 55 184 166 279 146 114 336 96 42 
238 79 177 322 18 270 286 118 219 84 319 85 197 54 285 228 38 133 117 303 100 
376 266 131 26 325 224 93 368 201 311 85 91 170 94 274 186 113 15 131 234 306 
245 131 350 166 187 203 370 155 94 335 16 96 291 386 246 70 266 91 217 50 16 
21 335 111 47 362 356 187 250 325 266 143 294 166 96 235 29 144 220 187 48 320 
324 31 346 196 105 341 211 247 53 251 26 307 52 59 33 262 177 208 222 171 247 
30 305 120 18 223 68 147 222 198 309 85 203 305 303 91 274 146 47 205 116 314 
30 305 280 18 295 68 369 222 198 169 85 190 71 303 91 274 369 51 205 116 314 
148 205 141 319 180 290 96 310 40 301 231 20 173 386 155 302 270 167 12 155 215 
14 320 130 135 283 178 64 12 189 374 326 264 107 250 127 387 205 268 283 131 107 
359 74 186 30 126 198 176 64 172 96 251 190 205 225 357 94 370 320 158 54 222 
16 197 270 56 60 249 71 249 91 177 86 91 54 272 243 320 114 113 345 306 125 
249 10 222 302 119 119 279 10 98 250 71 255 144 141 199 160 59 91 154 316 75 
126 285 246 150 181 287 274 261 79 70 224 37 169 44 193 70 298 320 283 363 335 
75 16 54 376 136 88 191 114 250 69 291 86 155 207 49 217 275 91 300 61 136 
211 275 15 20 218 249 111 197 333 104 251 137 342 376 15 13 31 285 377 222 383 
62 237 64 47 177 122 71 23 293 250 70 87 176 140 324 364 351 119 208 320 263 
114 249 276 91 210 303 155 244 221 55 319 7 313 285 231 18 138 239 347 82 127 
249 254 222 302 119 119 342 60 183 250 71 255 181 334 154 301 49 91 199 227 368 
205 320 108 106 149 198 250 17 176 135 211 320 329 347 364 251 177 187 276 86 7 
39 154 367 211 296 39 162 335 177 266 113 91 281 279 347 140 8 182 57 21 42 
177 49 29 210 381 266 332 63 330 237 91 280 64 212 234 47 261 245 177 242 154 
162 117 43 266 108 93 164 308 119 209 217 330 304 302 55 319 10 23 212 262 258 
164 166 305 222 81 308 76 26 351 231 341 352 155 155 225 90 133 119 320 261 61 
235 129 386 20 67 249 304 191 44 81 187 112 279 364 381 330 127 285 377 222 117 
167 315 85 69 30 85 345 271 325 205 31 309 75 215 282 67 36 44 266 187 358 
15 166 76 340 335 330 55 31 340 23 387 305 236 204 3 203 276 187 364 43 99 
308 211 283 138 196 313 219 71 335 363 333 131 119 266 335 268 225 84 183 11 288 
36 305 106 138 119 226 326 12 166 66 100 36 55 348 385 103 351 367 359 103 26 
371 387 32 32 168 3 305 238 120 105 74 79 357 73 121 79 93 79 162 209 87 
258 254 183 178 175 4 18 170 104 24 184 4 223 70 303 250 85 10 381 2 261 
154 85 304 47 142 8 252 357 328 302 342 1 177 258 360 171 297 145 217 315 320 
84 201 55 117 86 316 95 343 148 320 386 375 134 93 157 169 222 78 326 52 49 
374 249 119 128 115 320 280 76 102 271 177 342 119 30 159 232 64 335 207 116 68 
126 285 150 121 101 301 162 261 79 70 261 32 299 229 252 70 230 320 283 363 347 
93 130 363 232 81 364 239 248 13 383 75 31 344 211 226 235 136 302 30 340 126 
374 305 316 18 350 68 66 222 61 309 85 190 305 303 91 162 365 47 205 355 157 
16 4 233 119 166 185 337 123 84 91 142 187 139 185 356 336 116 161 376 371 71 
110 166 71 222 81 4 93 87 351 367 204 319 155 336 120 27 62 119 320 261 281 
187 244 340 360 338 146 220 119 312 43 265 253 351 259 70 79 81 123 266 205 131 
13 285 159 316 228 296 274 106 178 2 167 93 338 96 184 261 351 32 322 344 193 
258 205 281 174 35 258 50 58 40 160 271 155 302 15 336 302 300 167 128 155 262 
159 145 18 96 251 250 250 222 255 187 326 271 50 94 205 32 76 292 91 150 144 
85 13 139 270 340 15 300 338 235 351 225 242 378 364 275 172 186 116 222 377 130 
388 204 18 92 86 337 301 156 27 320 386 375 327 79 314 339 222 328 341 48 267 
190 92 10 38 68 222 303 214 374 189 222 6 96 351 7 304 270 115 198 249 166 
386 166 79 340 335 330 18 115 340 23 149 71 45 341 65 203 276 251 364 298 202 
96 265 346 50 114 100 387 376 111 379 285 44 383 119 248 268 18 18 113 344 374 
203 59 353 156 139 300 62 303 181 43 385 360 55 331 166 279 66 286 336 50 318 
62 113 64 47 177 294 305 216 293 250 288 87 362 341 324 376 351 119 330 320 310 
96 6 253 50 168 110 387 364 123 366 285 333 92 119 19 268 18 55 124 311 30 
271 305 104 221 119 226 341 128 166 256 100 231 18 232 385 322 351 231 359 5 26 
104 162 9 320 320 340 200 381 94 133 281 355 342 385 326 195 65 27 274 224 92 
249 10 222 302 119 119 342 10 297 250 305 169 144 141 126 301 49 91 154 225 368 
105 249 154 376 288 161 119 166 34 134 22 68 226 320 238 67 268 5 76 351 250 
205 320 200 104 332 334 250 323 267 83 211 320 202 335 364 251 324 251 276 86 10 
78 353 192 121 54 91 155 286 335 206 332 385 386 148 322 39 49 330 345 204 293 
170 47 91 222 320 238 205 34 115 187 131 344 320 235 302 292 285 280 176 55 135 
3 249 154 376 288 186 119 166 370 242 97 264 226 320 356 67 377 5 76 351 250 
314 174 166 286 50 266 261 382 51 219 207 243 373 120 187 276 122 184 334 388 95 
104 103 64 19 327 170 249 8 334 60 115 219 211 36 244 136 166 70 79 320 64 
215 66 353 250 63 384 200 125 371 85 295 208 352 364 254 138 351 51 274 177 2 
358 283 3 249 107 70 334 154 261 249 10 262 320 249 210 130 150 225 226 134 284 
250 69 119 28 378 51 70 244 182 364 24 215 378 282 369 353 34 178 310 203 133 
119 278 116 250 130 51 64 159 385 320 166 137 303 276 85 339 379 342 222 169 14 
275 279 144 210 50 70 10 178 173 61 266 70 222 62 294 205 311 286 312 302 166 
358 107 277 249 107 70 281 199 224 249 7 379 320 249 157 374 343 316 286 134 284 
13 127 7 156 1 111 79 131 138 252 320 85 340 96 331 55 214 64 117 357 185 
90 205 141 319 293 290 96 339 325 95 271 155 173 381 20 173 297 167 19 155 22 
79 30 363 193 106 364 264 128 69 117 75 31 344 235 168 211 123 173 130 340 126 
274 345 298 266 308 79 352 308 119 132 360 208 111 173 55 100 7 317 212 379 90 
224 211 351 242 136 128 221 365 359 327 154 153 96 131 288 91 85 322 33 117 285 
245 131 353 166 187 203 370 336 3 335 157 96 34 15 121 70 266 91 217 50 210 
22 365 380 250 86 348 308 289 311 85 295 13 352 364 60 221 303 47 274 324 11 
279 344 288 104 291 119 101 24 339 17 324 226 173 173 92 220 222 214 248 67 35 
69 285 159 280 360 373 162 104 178 45 167 93 125 50 244 261 303 307 5 311 0 
250 208 119 82 214 47 288 184 182 376 338 262 343 1 365 223 153 268 58 292 133 
50 149 118 96 168 100 73 376 111 22 285 139 383 119 12 377 55 55 102 344 30 
302 222 52 353 321 155 366 75 283 136 347 320 250 364 166 51 134 207 176 169 211 
205 320 4 78 33 281 250 191 267 83 211 320 329 276 376 187 177 251 276 63 254 
184 145 18 96 251 250 250 222 255 251 326 367 96 3 205 37 93 292 91 156 21 
275 117 196 147 359 222 303 343 130 152 222 332 96 351 254 304 270 115 198 249 166 
161 254 211 79 278 254 95 324 43 381 87 130 69 131 88 311 340 376 151 358 81 
302 222 48 243 238 155 22 84 283 304 335 320 250 364 166 51 327 207 267 169 211 
344 73 37 37 114 277 71 321 337 94 74 93 361 33 246 79 79 93 162 139 185 
190 279 101 157 96 288 254 377 173 281 266 288 222 62 122 205 344 312 312 173 166 
