635 19
133 5 20 194 515 436 500 129 484 515 319 433 483 106 520 24 253 279 294 
186 222 596 74 34 521 227 502 72 515 499 494 331 385 41 591 58 634 431 
38 580 246 571 379 500 45 296 428 295 316 134 91 10 105 332 457 580 454 
550 499 113 59 192 322 158 424 486 113 462 462 336 145 354 385 223 486 472 
608 621 88 369 172 434 525 486 399 71 612 382 52 118 439 577 155 5 535 
37 78 287 218 57 573 416 486 147 385 336 43 338 106 451 250 306 459 508 
37 333 481 629 195 623 257 439 279 317 377 486 573 96 70 85 583 78 398 
102 36 178 525 18 57 84 478 418 242 379 488 606 557 559 335 593 332 292 
417 594 17 438 107 352 224 413 631 555 235 370 520 256 438 448 281 65 112 
414 142 608 313 348 503 123 192 60 166 283 632 36 429 416 279 161 115 404 
80 423 527 415 255 232 214 382 608 252 114 56 125 624 178 92 616 537 146 
96 91 4 398 474 201 369 377 560 505 400 37 127 582 237 351 193 574 267 
468 300 350 503 345 187 39 218 82 434 322 16 218 498 418 584 38 501 99 
251 173 136 365 71 332 104 153 612 416 8 397 171 564 339 379 26 618 623 
544 525 95 501 132 442 78 534 453 459 449 115 57 279 236 421 390 362 510 
100 498 138 263 404 272 160 105 211 52 37 222 331 250 331 499 20 564 25 
136 487 437 235 162 377 606 546 155 452 319 485 148 189 254 130 167 363 621 
320 316 492 604 373 258 527 630 528 343 494 249 544 591 57 327 37 187 473 
330 372 50 170 54 71 401 514 177 270 205 253 219 434 457 475 108 536 178 
631 256 229 423 22 605 338 584 5 136 88 613 16 441 209 82 85 198 313 
227 178 263 407 336 102 158 371 544 279 487 129 619 429 486 422 47 148 100 
283 619 457 84 109 193 496 336 451 222 578 598 128 405 244 101 629 347 270 
243 137 115 603 18 79 289 320 355 20 221 251 476 60 538 166 215 111 196 
377 363 543 199 353 74 13 586 48 24 166 198 110 239 247 404 106 486 569 
78 97 50 416 244 102 596 34 555 5 423 362 18 386 380 184 343 137 421 
125 71 391 211 332 564 374 511 142 113 197 134 152 502 564 331 200 377 195 
374 403 331 75 202 37 251 120 48 134 64 37 80 561 51 68 126 420 298 
279 623 231 596 270 564 569 204 386 537 523 317 427 494 366 106 379 386 174 
78 127 373 416 109 9 434 34 120 624 367 362 66 300 182 184 343 137 426 
251 601 19 268 274 178 48 457 92 136 36 510 149 117 29 461 65 58 399 
30 380 143 378 104 360 126 518 259 365 411 531 391 525 390 551 619 400 436 
106 193 576 574 483 269 455 198 178 225 595 205 37 614 171 18 134 526 198 
268 626 201 210 262 574 331 537 2 417 251 534 84 97 380 442 61 141 5 
16 377 359 190 63 193 204 60 184 633 599 445 474 314 188 624 427 553 170 
100 309 138 263 195 560 437 38 206 581 17 510 331 85 331 528 20 564 342 
490 269 458 75 599 286 316 567 332 466 416 384 429 346 560 171 155 78 483 
594 527 411 357 61 32 296 250 266 130 331 28 78 267 194 316 257 481 509 
381 316 106 133 487 572 210 630 499 478 494 62 544 531 57 417 37 148 473 
66 462 289 391 445 264 580 416 407 521 629 146 531 411 138 285 499 101 162 
35 494 491 482 194 177 230 528 302 237 206 219 394 137 159 111 494 374 14 
89 511 584 559 192 171 281 433 433 222 477 521 216 323 167 185 210 263 568 
39 71 59 491 562 94 632 37 283 155 340 57 291 32 2 579 588 145 181 
156 382 429 24 256 206 104 192 328 471 63 438 462 427 494 122 33 171 331 
483 295 80 210 366 425 331 537 171 327 251 481 84 554 92 594 114 203 624 
17 398 439 342 603 234 175 238 134 546 550 623 146 515 633 171 38 36 422 
251 433 136 524 71 332 260 553 230 416 130 389 566 564 547 379 122 618 623 
62 200 512 584 73 332 596 537 186 576 390 17 275 597 275 418 237 78 375 
214 533 612 134 136 120 487 371 414 178 167 114 247 154 80 152 567 397 385 
361 514 418 37 558 596 336 224 331 514 546 96 608 335 615 585 205 340 3 
108 138 453 510 331 38 0 254 258 77 306 42 333 458 363 115 254 3 438 
155 125 462 55 124 279 531 564 297 334 462 199 606 537 372 394 131 551 457 
7 295 422 83 467 475 197 611 545 233 163 567 586 50 454 444 79 48 3 
565 263 133 470 201 59 518 73 4 137 385 502 452 422 560 571 486 50 486 
550 499 113 518 69 621 115 569 486 113 462 462 41 145 81 500 361 486 0 
581 339 191 65 254 579 477 60 28 259 93 333 495 434 518 623 606 591 341 
214 21 65 134 136 595 373 317 101 191 516 551 98 290 80 204 601 389 385 
227 184 305 108 75 439 537 251 377 149 571 510 459 379 36 457 94 624 71 
259 132 438 609 119 227 161 158 511 512 125 237 193 98 560 549 343 290 608 
71 537 609 476 584 516 110 548 390 466 386 516 38 266 306 349 540 254 606 
268 593 548 204 543 213 134 265 206 443 138 233 228 136 39 609 310 61 588 
296 565 247 399 419 625 504 121 462 311 327 91 438 422 418 184 227 472 328 
117 528 18 522 511 326 207 156 178 414 17 494 102 373 184 296 566 362 494 
157 41 63 128 207 133 494 335 380 382 513 276 335 382 356 91 595 47 462 
414 286 608 313 348 590 270 267 60 166 266 330 36 429 416 279 620 158 195 
251 202 85 473 634 567 231 286 521 134 125 178 583 625 570 282 366 159 64 
486 488 47 462 621 565 382 167 467 240 457 458 5 492 63 363 448 30 112 
611 203 50 31 314 382 598 166 253 602 79 177 4 596 457 631 295 553 191 
79 258 115 59 377 79 174 471 297 346 277 589 559 266 516 377 77 122 214 
71 496 212 69 276 272 83 427 522 391 554 121 38 405 240 494 457 367 88 
333 544 565 75 584 413 395 544 515 365 56 627 294 579 377 486 462 64 280 
71 5 66 311 603 10 67 162 282 326 316 15 481 268 464 446 154 439 141 
564 596 277 185 273 329 296 625 379 184 610 429 318 498 434 567 296 623 254 
79 626 34 107 201 286 514 112 16 138 330 549 270 408 271 608 198 474 567 
214 475 525 36 606 137 619 400 536 259 266 462 540 481 385 335 215 64 236 
37 398 131 25 289 231 432 454 134 266 627 623 485 512 219 566 38 36 422 
214 605 525 36 606 137 495 400 536 129 546 462 144 100 500 335 3 256 24 
183 494 116 482 194 477 65 499 383 237 206 4 394 137 5 244 494 33 495 
379 507 295 335 350 420 186 446 283 501 272 629 37 167 215 124 135 325 160 
171 576 79 416 531 183 128 36 19 382 187 39 89 35 158 279 357 576 372 
68 380 20 143 629 269 328 595 494 425 343 337 568 485 18 225 608 257 76 
158 298 486 613 94 623 370 115 595 265 272 16 183 614 198 477 379 39 204 
582 377 392 200 63 193 369 60 184 4 571 303 474 319 616 624 398 553 31 
78 430 373 416 111 63 580 469 555 159 367 211 66 464 182 184 343 137 426 
96 91 219 398 281 201 204 377 293 524 400 37 554 625 237 544 297 245 449 
559 607 351 34 281 177 623 279 1 169 606 429 525 428 545 125 576 66 561 
633 360 469 258 525 507 290 442 436 186 30 137 79 175 220 551 234 219 608 
327 22 37 237 471 352 323 294 428 555 235 370 155 256 237 286 545 230 112 
27 525 323 501 132 22 78 100 472 52 449 158 186 279 82 426 492 362 510 
17 427 131 310 226 234 6 405 134 546 627 623 584 512 219 2 105 36 422 
382 5 18 190 226 264 597 75 553 180 170 634 227 268 292 333 455 131 372 
403 400 507 283 78 156 407 64 368 206 152 295 569 307 132 270 471 103 266 
294 558 171 429 618 429 617 547 32 618 401 375 486 596 128 192 214 564 4 
334 72 324 125 205 323 288 632 553 88 439 18 535 69 128 602 134 494 608 
492 520 47 357 483 269 151 198 191 225 120 205 17 614 176 18 134 526 198 
449 623 284 391 40 512 608 439 301 93 342 503 537 629 126 185 5 492 262 
47 16 159 476 328 124 280 188 340 212 317 34 78 513 54 340 581 222 20 
623 530 360 379 274 268 153 159 21 178 136 394 47 4 136 559 463 95 422 
292 60 262 214 111 252 199 407 377 332 262 404 398 417 483 544 248 126 386 
275 196 9 128 35 133 494 335 182 71 110 240 335 71 383 338 120 389 462 
401 53 132 554 316 453 279 136 307 331 623 124 135 494 618 219 251 46 285 
191 601 331 222 166 490 227 78 36 501 137 469 333 573 624 183 416 514 114 
58 617 82 198 79 224 624 464 405 246 357 266 436 584 137 606 332 114 566 
101 142 608 299 348 313 552 493 60 166 283 330 36 68 416 279 405 158 195 
280 446 0 510 331 105 453 254 218 306 77 42 333 548 387 158 591 215 237 
17 398 593 241 226 234 432 405 134 546 20 623 84 512 4 176 562 36 422 
66 462 226 468 445 526 580 416 64 610 30 146 591 411 446 373 499 414 75 
52 560 356 178 108 231 167 51 234 338 428 465 429 228 413 123 372 449 138 
464 357 279 457 371 593 326 20 7 479 137 96 395 194 508 581 235 92 581 
75 156 6 546 78 400 407 407 111 206 204 280 524 77 301 409 471 169 283 
468 386 350 299 270 538 478 163 82 596 630 582 572 561 621 485 38 613 455 
123 265 346 630 563 314 429 397 105 65 290 63 509 246 244 138 457 606 456 
468 300 320 590 552 187 39 572 360 580 322 582 490 628 322 84 38 613 455 
552 14 399 599 374 289 398 436 139 523 155 245 436 169 121 2 152 430 51 
377 210 154 315 553 44 13 7 398 236 166 198 445 239 249 404 492 486 424 
9 528 18 113 511 180 35 400 191 414 37 494 9 487 184 447 566 211 494 
164 17 36 300 184 212 331 463 229 327 20 483 355 353 112 193 219 128 381 
98 190 512 485 73 332 596 537 186 397 390 17 275 160 275 621 237 78 375 
414 329 608 541 594 590 345 192 60 514 266 330 36 68 416 279 161 115 185 
498 252 337 11 119 387 193 608 74 492 486 106 23 50 346 72 384 110 451 
422 78 237 254 383 588 487 133 2 77 497 438 617 399 251 119 525 396 598 
574 337 196 498 459 526 369 497 429 140 340 612 379 366 406 5 453 388 219 
521 100 623 128 599 589 238 128 405 266 103 585 492 110 251 598 589 623 462 
506 403 331 73 202 17 251 555 427 134 256 37 201 575 156 68 126 420 298 
214 301 514 240 378 246 437 600 96 335 457 20 561 147 435 289 300 492 222 
218 276 459 73 599 286 316 461 332 489 416 391 429 430 293 2 297 78 483 
219 44 350 74 214 62 167 616 315 457 20 411 586 341 302 491 394 0 333 
125 394 233 77 10 128 286 407 371 9 378 515 107 362 5 624 631 527 299 
300 60 366 214 109 32 315 256 377 332 112 185 48 327 268 351 231 220 292 
50 518 571 416 279 418 366 132 586 537 397 17 516 508 1 389 472 573 60 
556 9 381 340 585 433 98 198 55 101 559 121 549 421 139 324 57 206 331 
327 442 37 438 471 558 95 589 475 595 352 370 325 407 438 329 545 65 262 
120 512 483 174 390 206 546 492 17 120 518 457 66 564 106 265 582 394 473 
100 71 79 377 117 486 305 346 197 593 58 131 625 331 287 528 141 162 112 
518 496 243 240 268 616 259 29 551 371 178 483 367 116 174 60 354 167 516 
377 385 616 411 262 264 571 226 333 332 492 164 177 213 239 364 291 128 538 
604 117 136 395 331 224 513 496 443 623 164 422 140 196 388 136 337 257 86 
422 379 598 368 408 125 83 366 556 156 361 134 545 48 28 231 586 506 78 
262 283 207 422 68 382 366 547 340 356 413 48 36 369 379 591 462 628 231 
318 279 73 137 371 37 219 494 166 13 39 540 450 379 238 134 535 252 132 
125 489 370 90 78 462 492 251 567 90 422 385 553 518 268 599 11 577 160 
201 21 363 129 224 263 214 71 608 252 497 467 125 624 191 182 188 537 84 
5 588 125 516 99 101 95 224 34 96 150 305 426 420 34 17 262 576 39 
72 440 222 241 10 73 231 553 125 128 532 343 554 68 231 508 519 150 210 
222 232 356 464 16 565 260 125 516 93 270 190 24 129 218 629 250 191 479 
251 274 136 452 71 332 74 600 65 416 86 397 176 564 463 379 599 618 623 
9 528 66 522 614 326 183 156 191 101 17 494 9 487 184 296 2 362 494 
491 187 351 469 29 592 623 279 1 284 606 68 525 631 29 125 55 66 309 
31 486 433 182 564 464 126 196 198 379 164 570 238 571 483 155 366 623 464 
377 219 335 510 110 66 180 535 331 543 239 170 163 159 554 140 314 580 59 
345 409 236 272 614 469 134 205 335 448 128 242 177 313 372 563 557 373 72 
534 71 205 377 9 486 139 97 197 131 515 593 16 331 336 499 321 73 112 
598 53 301 346 316 0 279 136 306 331 623 124 421 494 129 4 251 46 487 
355 55 428 56 159 500 599 198 502 82 195 571 623 585 372 518 514 400 235 
121 280 27 326 48 301 38 404 184 250 633 516 222 295 270 413 387 492 74 
401 3 246 430 170 472 279 136 306 331 623 207 135 494 129 633 251 491 373 
52 17 402 421 385 471 15 604 562 268 535 62 57 53 16 375 514 552 512 
7 108 422 242 56 475 135 330 545 229 490 601 7 285 161 95 79 398 215 
324 19 84 116 460 566 29 173 433 510 253 610 172 529 516 404 387 263 568 
253 37 36 464 184 330 331 542 239 417 20 268 271 353 262 520 633 128 350 
37 78 287 572 57 573 416 486 147 385 287 32 338 106 628 250 306 459 180 
79 218 158 341 377 79 508 471 297 430 249 589 116 546 167 377 306 122 214 
492 56 372 72 333 331 601 394 35 525 369 57 186 383 315 340 30 335 251 
214 605 525 36 606 137 87 156 536 259 546 462 45 227 385 335 215 407 360 
51 270 48 394 516 88 386 357 510 559 308 16 15 525 331 223 331 446 474 
7 368 134 279 294 134 407 38 43 422 222 485 593 209 594 516 580 594 138 
211 231 57 512 157 27 104 270 457 7 0 128 51 551 361 571 246 27 116 
340 381 328 14 481 306 216 140 417 200 123 127 344 166 236 438 427 134 222 
588 598 14 245 140 456 145 606 11 545 123 28 296 20 510 36 391 173 633 
610 137 158 226 18 205 289 320 89 550 419 251 391 60 148 514 53 111 287 
280 446 570 510 331 105 0 254 218 307 306 350 138 548 615 115 591 3 237 
390 155 55 245 268 276 151 198 178 590 595 79 17 19 566 66 134 140 198 
105 596 150 599 379 500 359 586 428 295 170 134 509 10 105 332 457 434 620 
243 71 446 595 149 351 359 466 606 158 377 382 413 214 379 269 586 494 288 
316 486 312 92 564 464 126 287 198 379 177 453 405 571 483 297 112 623 292 
203 483 592 79 604 305 84 227 186 127 493 53 174 466 292 502 455 185 190 
37 446 534 194 195 623 378 131 279 317 377 486 121 499 89 250 130 78 427 
562 434 246 571 379 385 144 586 428 295 288 134 91 10 105 332 457 580 454 
586 109 134 279 413 134 64 562 32 422 222 146 131 209 348 516 580 348 138 
464 462 623 377 526 184 567 192 102 71 255 554 525 423 367 516 555 629 57 
528 91 633 48 539 80 369 377 272 524 51 37 504 625 438 334 297 245 493 
203 483 253 205 370 443 485 100 186 430 449 3 508 489 300 502 99 185 200 
548 125 374 94 601 564 235 576 136 548 255 292 278 268 155 597 535 623 612 
27 72 517 125 205 95 170 330 600 74 131 66 535 69 128 123 134 494 608 
258 276 52 73 599 448 170 461 332 489 416 476 68 504 119 566 520 78 268 
491 413 335 55 323 214 449 541 573 363 482 249 245 215 486 262 573 267 272 
379 134 584 195 331 562 79 195 79 309 327 395 72 409 88 140 436 238 136 
415 150 237 598 293 100 161 115 278 58 125 438 297 98 272 443 478 151 608 
377 4 335 222 445 18 326 231 331 151 229 93 218 5 97 526 319 213 341 
421 15 178 207 312 409 601 281 56 142 441 305 459 60 100 555 13 198 462 
57 222 596 104 634 521 534 201 501 58 528 494 331 500 196 531 515 15 431 
542 200 17 532 623 177 381 311 599 197 134 167 301 32 526 103 73 356 77 
464 462 623 377 10 184 601 69 117 382 95 127 525 21 367 516 595 629 186 
333 544 357 75 485 413 395 544 58 569 467 550 589 375 377 486 462 407 626 
548 37 402 421 500 450 634 347 38 268 231 62 186 3 625 579 514 602 515 
30 380 557 378 88 236 291 59 618 452 466 254 384 525 106 488 495 51 378 
379 134 485 195 331 38 79 404 205 498 417 0 613 345 88 264 378 454 136 
76 382 518 46 38 588 557 17 266 155 340 186 126 252 176 250 588 551 217 
261 63 136 0 331 444 470 284 549 623 164 422 526 287 410 136 87 436 130 
413 599 205 34 197 384 206 395 398 66 237 490 19 496 214 437 57 395 214 
57 222 580 88 15 480 227 201 72 512 96 494 331 385 336 254 58 34 86 
223 311 37 527 623 177 350 311 122 421 134 167 246 252 140 496 73 399 307 
158 298 486 613 94 623 133 158 120 342 556 625 207 511 198 177 379 406 152 
57 510 434 74 34 610 100 201 613 58 528 494 331 500 336 254 515 634 583 
624 94 125 167 99 414 444 95 15 96 132 549 421 578 34 37 366 389 406 
89 576 118 232 159 500 599 198 80 28 195 26 623 440 523 518 166 51 558 
68 182 20 143 194 269 328 120 494 574 478 619 572 485 66 590 608 257 343 
263 354 325 247 137 533 60 512 332 510 391 579 325 477 128 136 326 515 209 
163 240 52 73 26 286 170 601 332 489 416 384 429 127 560 566 297 78 268 
184 100 614 514 536 300 267 377 537 83 36 612 414 461 71 71 36 537 367 
548 361 178 612 591 250 592 60 82 129 31 138 87 580 59 623 606 531 518 
22 247 599 156 4 43 280 611 466 500 101 508 155 148 319 330 422 335 220 
467 374 193 98 137 367 60 512 332 510 391 85 155 592 128 136 326 512 54 
222 56 383 464 625 565 74 125 516 31 345 190 28 415 568 194 375 191 216 
499 241 518 194 113 0 76 311 111 596 614 479 488 198 136 429 331 472 394 
305 64 24 310 72 269 103 245 307 246 254 400 343 2 607 170 255 487 73 
627 528 113 59 192 621 115 569 486 519 462 462 287 551 354 500 361 486 0 
243 71 138 595 239 334 392 411 606 158 377 382 413 214 379 276 447 494 93 
459 125 354 588 567 564 558 47 136 52 529 464 614 483 325 160 231 623 65 
400 552 427 240 516 88 386 357 510 116 519 582 469 525 331 463 331 333 474 
608 322 104 204 172 213 525 486 302 71 65 71 581 605 439 507 193 5 231 
125 394 233 307 264 128 286 407 371 102 436 512 471 206 159 624 428 527 590 
135 634 178 207 312 123 461 545 263 286 418 305 459 60 481 595 144 198 462 
178 141 62 609 118 4 348 149 374 114 511 20 167 362 537 470 487 211 304 
137 137 184 246 462 69 618 64 49 184 287 185 327 465 598 332 171 136 515 
397 625 624 391 508 35 108 616 340 557 317 469 78 470 319 340 581 222 20 
307 31 329 379 524 232 325 136 416 295 401 317 198 166 427 412 476 222 126 
134 68 32 51 479 389 550 379 425 489 564 587 383 382 399 17 582 214 257 
178 601 331 222 166 568 100 78 36 613 137 634 138 465 159 35 416 514 114 
266 619 457 146 368 520 496 336 451 222 578 609 128 238 244 414 194 370 345 
123 270 236 456 614 15 134 205 335 142 128 11 177 541 321 284 611 285 72 
486 145 397 462 322 565 382 516 232 276 457 458 5 106 9 532 448 629 366 
368 385 527 390 492 440 340 373 289 600 331 106 379 566 375 236 479 457 217 
481 184 139 280 73 131 537 251 377 233 26 222 548 379 36 457 94 159 382 
602 552 236 560 511 469 134 205 335 286 128 242 177 313 321 49 611 373 72 
111 385 387 492 492 440 340 50 289 153 331 390 379 176 579 82 172 457 420 
184 227 511 514 536 386 69 377 537 179 36 65 101 567 382 382 36 537 21 
78 554 373 416 244 117 596 634 555 159 533 206 18 300 92 184 39 137 426 
610 144 348 136 370 113 165 399 255 629 206 20 467 273 473 35 126 413 445 
390 232 523 72 138 331 567 394 183 525 152 186 186 344 189 340 629 335 251 
602 602 28 119 278 34 134 205 335 329 128 179 253 541 372 284 143 285 501 
57 315 183 337 296 429 402 281 601 35 145 113 385 106 101 390 79 8 128 
125 382 468 362 332 564 374 19 142 23 135 134 204 80 564 331 311 377 404 
96 509 633 398 539 80 152 377 560 424 400 37 127 625 237 334 520 357 460 
197 198 571 128 214 520 613 60 332 408 485 480 46 47 583 18 610 593 166 
384 292 381 225 409 482 76 163 236 580 621 582 258 561 621 485 105 72 99 
567 54 523 250 489 592 623 377 564 294 588 32 154 521 402 22 401 14 51 
100 382 205 377 63 486 443 346 135 593 512 131 625 331 287 528 141 73 262 
585 336 117 128 207 133 494 335 380 382 513 240 335 382 399 338 555 576 462 
109 500 527 106 106 440 340 373 226 353 331 390 379 171 250 24 216 457 578 
440 196 9 128 35 347 494 335 380 71 445 394 335 71 165 91 120 55 462 
4 236 34 218 525 432 455 442 436 186 629 137 205 577 126 145 535 4 608 
313 116 595 60 60 623 322 250 580 215 36 457 622 191 558 198 377 38 426 
483 280 201 527 112 425 331 537 566 327 251 227 146 97 182 168 145 141 159 
447 304 134 279 294 134 407 105 252 422 222 146 131 319 298 167 596 168 333 
462 450 94 459 371 390 259 37 31 549 216 300 243 122 539 95 429 398 525 
576 582 5 468 174 35 295 484 340 611 371 34 78 110 314 340 581 510 20 
251 202 85 39 634 567 248 329 521 134 125 178 583 582 453 353 262 624 407 
95 144 405 302 37 121 93 41 146 403 128 603 126 539 196 128 621 227 124 
156 270 48 394 167 104 386 565 510 46 23 582 634 525 331 542 331 138 545 
293 63 350 340 157 274 249 198 397 414 116 121 443 197 305 355 57 211 331 
17 48 593 310 226 231 273 405 134 266 627 623 84 512 4 566 38 36 422 
59 103 243 240 483 419 618 474 497 371 191 483 423 116 508 60 506 516 167 
409 337 383 571 81 603 48 257 139 372 193 565 436 49 573 171 204 127 51 
100 184 305 626 162 593 537 251 377 229 26 510 548 379 36 457 588 5 71 
201 21 210 618 255 263 214 71 608 32 61 263 125 5 178 92 188 537 146 
125 382 468 206 332 564 81 614 142 308 421 134 152 80 564 331 311 377 404 
403 174 359 523 495 508 566 64 511 38 362 132 528 86 562 282 166 451 510 
446 27 357 162 584 294 570 544 512 505 56 550 413 375 377 486 462 407 90 
167 306 190 98 515 308 422 215 175 589 19 80 103 204 608 197 84 262 292 
186 315 35 14 7 68 509 539 461 207 551 308 385 390 414 390 205 86 128 
214 150 166 276 436 132 67 153 96 335 457 550 561 274 249 289 292 390 222 
382 5 66 200 226 526 160 403 536 326 93 15 100 268 292 138 455 439 141 
422 78 438 591 356 94 50 133 2 307 551 438 173 165 251 119 525 410 401 
37 138 227 629 404 623 378 131 279 371 377 486 465 96 355 250 583 78 48 
170 486 147 182 564 300 126 196 198 379 592 453 161 26 483 193 112 623 300 
89 511 485 116 449 176 539 433 312 222 253 243 318 224 516 404 387 467 490 
57 315 124 495 447 68 412 545 567 35 145 522 500 492 414 106 79 431 128 
440 287 102 128 124 133 494 335 92 382 513 394 335 71 165 91 555 55 462 
428 64 149 367 22 475 509 485 5 136 104 72 16 441 319 28 579 198 541 
583 373 465 398 216 297 294 400 107 370 601 526 261 366 295 279 381 498 416 
162 51 507 283 78 400 407 64 304 362 152 280 452 77 301 552 107 563 546 
251 601 511 483 433 178 427 457 92 136 36 510 229 117 29 461 230 515 356 
121 280 334 508 398 246 105 404 184 85 219 516 222 626 602 589 387 492 260 
162 328 540 141 619 508 2 407 614 105 211 246 96 8 562 353 166 561 222 
295 446 570 510 331 562 570 254 163 307 307 42 138 459 210 115 531 3 438 
193 125 462 389 124 279 591 564 155 544 462 202 606 537 203 269 131 61 457 
501 585 510 342 526 162 248 282 125 128 363 39 346 68 535 508 113 301 532 
473 382 341 116 38 588 611 17 546 155 340 186 291 252 176 250 94 551 578 
106 193 389 245 268 394 99 198 191 541 555 79 37 614 2 66 134 526 198 
134 68 43 51 479 576 20 379 574 489 564 187 344 71 344 17 625 214 378 
401 215 301 97 170 395 279 136 77 331 623 35 421 494 129 219 251 559 285 
125 394 239 307 264 128 286 256 371 117 436 515 471 211 624 5 428 532 590 
385 36 634 483 521 376 344 414 441 486 572 335 36 287 511 152 407 544 57 
422 78 438 591 383 94 487 370 176 306 61 237 617 383 251 119 525 358 609 
40 219 281 138 528 302 124 162 483 11 544 509 399 461 398 219 249 456 429 
162 400 432 266 78 51 64 407 368 206 152 280 452 306 301 552 450 563 266 
63 36 178 525 66 57 146 406 441 83 379 497 606 212 46 335 593 332 292 
52 37 91 421 500 471 34 604 562 483 231 277 186 53 582 579 166 409 58 
243 137 115 603 66 79 603 381 70 550 221 251 476 60 187 166 3 109 196 
307 288 329 379 424 232 325 136 416 108 609 371 198 166 427 91 476 222 126 
500 36 634 483 610 303 165 101 322 486 163 335 36 41 19 152 256 334 57 
100 71 205 377 117 486 443 127 426 593 58 131 16 331 287 96 523 73 262 
211 234 186 515 585 27 104 123 457 447 0 128 156 497 223 571 132 27 559 
552 241 554 630 49 314 68 55 562 65 543 117 402 150 244 138 457 606 556 
476 464 381 313 270 482 76 163 24 596 418 582 572 575 322 485 562 501 151 
125 466 370 108 78 462 106 251 601 108 422 500 353 518 483 26 408 577 364 
379 577 295 335 350 217 57 333 283 613 119 629 37 167 3 183 421 193 67 
379 6 626 335 42 578 57 333 283 72 293 30 37 516 53 207 426 193 160 
377 387 154 202 536 260 45 296 427 236 514 198 376 229 277 185 390 486 452 
120 74 66 36 335 256 112 92 293 414 53 417 14 550 503 331 158 583 276 
125 71 384 206 332 564 506 19 286 522 135 134 369 502 564 331 190 377 404 
223 349 37 532 623 164 320 349 122 197 134 167 301 252 526 563 403 344 307 
31 486 312 182 564 292 291 41 198 379 177 570 238 571 268 520 262 623 292 
307 170 448 379 452 232 193 136 416 108 598 317 198 166 427 509 384 510 126 
458 542 191 612 531 579 253 60 360 415 316 333 14 596 59 623 606 591 59 
57 222 434 260 34 610 227 502 501 515 499 494 331 500 41 254 58 634 8 
390 520 576 425 483 276 151 198 178 225 555 79 17 614 566 18 134 10 198 
7 576 279 483 102 460 622 142 186 136 39 577 219 301 158 487 344 431 126 
521 382 333 595 233 334 45 466 606 158 377 71 589 214 379 269 7 494 288 
52 463 191 612 531 579 477 60 24 259 316 138 337 213 59 623 606 531 59 
51 382 429 360 64 206 74 192 326 450 102 438 462 398 494 599 374 171 331 
624 94 125 516 99 414 224 224 469 96 301 443 426 420 34 37 262 397 39 
246 499 4 16 578 158 177 191 231 289 73 523 68 72 74 600 100 506 595 
389 16 159 384 174 183 90 484 340 632 317 34 78 303 319 340 458 510 20 
71 159 66 311 226 264 160 403 600 508 170 469 100 268 292 446 543 439 372 
459 17 402 135 500 107 15 604 562 268 248 249 57 53 582 85 514 270 58 
523 483 592 79 261 139 485 227 57 127 69 215 180 466 464 201 99 185 349 
377 194 4 238 3 184 433 166 69 25 188 380 37 262 239 15 496 564 81 
523 483 177 79 261 139 146 227 57 430 493 3 180 411 300 201 151 195 311 
613 440 510 310 10 75 231 282 125 128 527 473 430 68 231 328 23 132 615 
510 263 302 292 16 357 260 125 167 170 602 190 82 259 258 629 250 178 172 
398 33 408 126 467 474 482 489 48 494 490 333 448 231 29 494 599 435 101 
85 136 332 275 584 428 228 54 417 149 407 200 129 93 333 492 510 625 362 
479 279 75 137 317 37 633 494 166 392 76 45 471 379 238 134 231 252 246 
279 623 234 596 409 564 524 152 300 537 372 317 48 494 112 390 379 386 180 
342 314 198 575 505 140 18 352 502 15 560 227 17 604 136 613 78 417 297 
478 382 518 559 105 94 330 17 283 297 340 186 126 43 566 579 94 114 420 
27 525 95 72 301 594 78 481 472 581 493 158 186 279 28 421 492 362 510 
413 352 176 429 129 429 274 223 252 415 598 250 486 580 128 192 214 564 219 
137 137 184 132 462 69 129 256 49 184 41 195 417 465 609 332 171 136 58 
54 449 48 160 379 221 140 416 570 283 570 57 607 127 410 586 342 548 425 
268 593 581 204 99 434 134 241 206 305 446 239 367 136 406 401 25 61 94 
125 71 468 211 332 564 506 511 448 519 135 134 369 201 564 331 200 377 195 
35 494 46 587 30 253 65 96 356 237 362 633 394 137 159 12 494 81 619 
362 234 186 58 275 351 104 409 457 447 472 128 51 488 339 122 150 27 559 
214 132 166 394 436 246 597 536 96 335 457 627 628 147 277 226 292 390 510 
386 60 262 214 12 43 202 407 377 332 112 185 48 417 268 544 231 291 464 
341 103 480 240 483 484 129 539 145 317 191 268 423 491 180 60 81 167 167 
243 137 115 289 66 79 226 42 355 627 188 251 384 60 607 166 53 244 41 
339 190 17 532 623 253 381 311 122 426 134 167 132 252 264 49 73 383 306 
156 382 68 24 407 206 104 493 508 471 9 438 462 427 494 599 81 566 331 
279 623 234 596 270 564 569 369 386 537 321 371 48 494 366 492 379 386 326 
184 534 614 166 153 386 493 377 537 11 36 65 414 601 71 71 36 537 21 
121 626 351 326 398 150 38 185 184 85 4 516 222 295 552 589 363 492 104 
16 377 45 311 117 193 204 60 184 4 26 445 539 314 616 159 427 536 170 
382 624 18 311 226 140 160 403 536 328 93 469 481 268 300 333 99 593 321 
206 231 57 512 585 334 260 602 457 296 453 128 51 488 361 571 150 27 559 
601 314 523 375 489 253 623 377 564 589 588 43 99 243 402 168 401 87 51 
119 57 469 609 575 71 564 623 332 495 295 502 461 352 17 112 499 575 465 
251 274 136 365 71 332 88 282 65 416 583 55 2 564 542 379 26 129 623 
78 430 285 416 12 117 596 34 120 159 367 206 66 300 182 184 343 137 135 
137 137 184 246 462 192 129 64 103 184 336 185 417 465 401 332 176 136 512 
467 374 155 277 137 21 60 515 332 222 476 85 193 253 128 136 328 58 54 
442 435 26 51 219 32 90 212 466 500 414 508 520 148 54 330 422 335 220 
79 218 115 341 377 205 180 450 520 127 98 413 491 546 167 377 77 26 214 
619 597 168 115 219 453 516 8 195 600 88 382 289 103 608 377 398 328 471 
123 337 165 571 354 226 48 378 443 141 155 425 378 496 573 2 369 430 156 
283 87 457 485 12 325 169 41 309 510 217 401 128 454 12 101 194 604 270 
468 300 381 541 345 148 473 572 360 434 630 582 568 628 322 584 38 613 290 
324 576 605 232 5 500 122 198 80 360 195 26 623 40 141 59 514 156 235 
518 103 480 276 268 221 259 29 497 317 178 268 423 559 328 60 33 516 167 
296 389 279 268 63 267 358 329 57 136 343 175 4 150 158 487 165 130 126 
159 94 125 516 455 101 323 444 34 96 132 139 135 181 34 17 366 576 473 
520 125 462 389 124 279 531 564 297 544 462 315 606 537 203 240 593 497 457 
625 377 540 349 117 193 204 60 184 4 571 513 539 54 221 5 427 353 31 
219 360 34 258 525 6 151 298 436 186 30 137 205 432 291 488 535 219 608 
602 342 346 630 496 54 429 55 105 65 99 9 402 132 12 333 457 606 556 
126 166 256 576 438 628 135 569 217 582 412 170 287 634 87 462 177 102 37 
95 540 161 383 37 573 93 336 584 73 128 226 291 29 336 128 621 100 183 
164 358 78 240 175 308 178 228 340 117 629 369 516 121 58 454 633 103 573 
27 501 89 125 79 255 288 143 153 88 439 18 231 69 128 602 134 494 608 
156 71 68 82 407 206 88 493 326 450 63 237 462 48 494 599 506 176 331 
564 213 247 185 6 329 296 625 379 184 610 68 172 498 213 461 447 623 531 
206 231 57 58 40 27 74 552 457 296 0 128 156 145 463 571 246 351 46 
230 252 101 431 588 46 241 566 188 497 281 129 487 124 88 264 437 209 510 
416 83 465 190 416 410 210 186 612 72 187 287 354 501 416 123 214 219 418 
385 36 15 483 610 303 383 414 322 486 258 335 36 41 511 204 407 27 186 
168 62 26 156 219 43 280 330 466 385 101 326 297 482 319 611 422 335 220 
556 57 34 401 451 382 564 623 332 337 108 80 601 208 37 366 528 628 465 
214 533 230 134 136 555 285 317 414 191 516 114 98 99 80 369 601 576 385 
548 293 302 178 90 535 167 156 535 402 631 121 429 530 413 409 141 267 446 
612 32 101 86 94 46 241 566 484 551 281 415 50 35 88 264 437 54 510 
251 433 136 424 382 332 88 536 230 416 583 55 566 564 463 379 26 618 623 
293 186 15 401 628 382 564 623 332 619 90 80 601 208 17 112 499 575 573 
57 315 35 14 447 68 412 539 601 183 488 113 500 106 101 390 205 86 128 
133 159 627 629 515 436 385 129 616 515 54 173 483 390 193 236 177 279 413 
560 57 469 609 628 71 564 623 332 87 295 201 461 352 17 112 528 498 465 
214 533 230 134 136 555 50 371 101 191 167 145 277 151 201 152 461 55 385 
547 514 621 37 352 596 287 323 331 166 266 528 608 335 532 40 205 340 53 
362 234 186 515 440 334 104 270 457 7 395 128 51 61 361 26 132 334 559 
296 90 422 11 467 428 426 611 281 229 218 601 586 285 161 529 79 48 3 
159 486 379 227 36 207 564 541 101 344 262 68 350 537 416 190 183 238 578 
294 208 176 429 618 68 433 547 43 618 598 250 486 596 128 69 214 564 219 
214 118 525 36 606 137 14 51 353 618 266 462 359 227 385 335 3 256 360 
379 134 146 195 331 562 79 404 79 628 417 453 72 270 260 10 378 405 136 
106 56 141 613 138 331 567 276 124 525 369 186 57 399 199 340 30 335 251 
124 494 559 482 194 253 230 96 399 237 362 219 269 137 624 12 494 33 619 
251 315 375 39 34 601 535 329 243 134 125 178 8 16 570 353 112 5 407 
96 412 633 427 29 80 152 377 119 452 400 17 430 16 438 544 297 357 192 
214 150 166 276 436 150 437 353 528 335 457 627 628 312 249 603 464 106 510 
560 57 469 598 628 71 564 623 332 14 108 502 601 235 37 112 528 309 465 
64 522 606 292 606 446 132 533 596 534 628 166 167 13 501 108 40 219 278 
589 352 176 68 259 68 312 547 32 415 598 250 486 580 128 449 214 564 219 
157 633 474 446 96 165 35 162 268 11 544 412 165 567 48 219 277 272 68 
515 147 360 198 79 224 624 464 238 246 574 546 378 84 137 606 332 61 171 
556 117 320 340 157 173 62 198 55 101 559 121 549 135 139 70 57 362 331 
179 134 437 599 438 441 478 475 179 494 298 603 52 423 551 595 136 422 505 
377 30 4 620 215 184 173 514 449 241 616 182 37 366 239 469 496 564 354 
301 96 219 625 181 158 253 191 234 226 162 141 68 501 74 353 534 374 555 
197 634 178 35 312 270 601 539 263 142 418 443 52 60 534 120 13 198 462 
581 125 33 94 601 564 208 47 136 52 529 300 278 268 520 437 248 623 612 
347 63 136 395 331 95 303 169 305 623 177 422 526 336 396 136 619 436 130 
4 457 483 444 254 371 329 551 9 466 219 144 317 29 157 134 494 17 385 
266 619 457 84 244 297 103 287 498 510 181 609 128 405 109 101 30 133 602 
495 437 22 115 633 395 516 583 195 600 74 71 603 563 608 377 48 174 471 
461 319 372 250 489 592 623 377 564 589 588 43 99 243 91 168 401 337 156 
261 9 136 570 331 255 445 169 305 623 477 422 526 287 622 136 87 436 431 
223 166 418 37 208 434 41 444 331 514 266 96 608 335 532 275 79 340 3 
628 252 619 408 556 363 325 608 260 106 486 390 519 50 554 501 476 376 561 
71 49 632 493 269 456 408 398 522 391 430 465 562 161 269 494 457 21 74 
300 60 366 214 111 43 315 64 377 332 366 404 48 327 268 334 231 220 292 
417 168 37 438 471 235 95 294 605 595 208 347 193 407 438 286 545 612 262 
37 333 100 194 195 623 378 593 279 317 377 486 573 96 89 579 8 78 398 
31 486 274 380 564 292 220 196 198 379 253 570 238 122 268 155 112 623 386 
528 25 518 30 23 0 76 349 109 596 278 172 497 198 136 429 331 453 394 
585 287 102 128 124 604 494 335 92 382 303 394 335 71 399 412 120 397 462 
255 540 405 383 17 573 316 196 584 73 128 603 126 281 196 128 418 534 183 
79 163 115 341 377 205 508 471 155 97 62 294 46 266 516 377 306 599 214 
480 540 22 136 261 519 383 356 255 30 206 20 56 175 76 35 291 294 445 
120 58 268 328 492 206 546 106 37 595 518 457 18 564 390 310 582 394 39 
271 19 84 491 460 2 474 617 617 222 592 521 318 529 167 195 527 232 572 
132 96 4 16 217 115 164 191 535 289 162 523 429 501 104 536 227 506 595 
610 137 115 226 18 205 226 381 355 550 188 251 468 60 187 166 3 111 336 
125 489 370 626 78 462 390 251 601 90 422 500 353 341 268 599 179 273 67 
397 625 159 391 174 35 280 616 340 632 371 634 78 513 319 340 52 222 627 
552 25 97 630 49 314 68 389 562 230 151 102 338 246 304 333 457 606 560 
318 279 73 137 371 37 219 494 166 13 343 144 107 379 405 134 535 43 132 
63 36 191 525 66 186 146 478 441 179 379 497 606 611 116 335 593 332 300 
501 275 510 241 10 75 231 600 125 128 532 39 346 68 248 174 308 132 210 
333 544 425 403 84 589 472 544 515 365 467 627 589 85 377 486 462 64 108 
300 565 279 457 371 131 508 20 586 172 137 528 570 194 174 459 235 380 52 
555 104 66 36 335 64 366 182 456 414 215 417 495 20 299 331 158 8 269 
337 437 298 115 4 395 167 86 195 353 44 382 603 496 608 377 427 180 471 
370 5 627 629 58 257 500 259 419 515 319 173 483 390 325 24 477 279 413 
390 56 203 501 333 331 601 276 183 525 204 57 57 302 1 340 30 335 251 
609 53 246 504 288 570 279 136 307 331 623 183 426 494 259 219 251 46 285 
422 78 237 531 344 94 373 133 176 307 145 438 173 383 251 293 525 358 401 
146 36 331 403 258 531 585 363 78 162 114 558 510 470 201 575 251 523 17 
357 263 347 303 502 341 341 403 633 137 385 502 505 422 456 26 486 50 486 
574 263 261 445 80 518 341 73 4 137 385 80 524 422 456 122 486 373 486 
138 544 357 75 84 294 570 351 512 524 56 550 294 579 377 486 462 256 295 
618 394 286 145 199 564 194 592 539 492 461 436 375 624 409 421 263 20 104 
413 134 50 213 51 366 396 159 186 101 381 237 436 66 340 432 131 371 584 
137 137 184 132 462 493 415 64 49 184 336 404 417 465 598 332 2 136 515 
385 36 15 268 480 470 302 414 322 486 490 335 36 336 511 152 407 351 57 
521 534 623 128 26 413 620 128 405 283 284 40 492 303 251 609 294 623 462 
407 522 606 464 606 333 301 533 434 100 309 166 167 13 501 108 157 4 19 
100 184 139 280 73 131 537 251 377 233 26 510 52 379 36 457 588 159 382 
65 32 101 431 588 116 25 566 419 488 545 618 50 124 88 526 437 314 510 
481 575 446 56 404 272 597 38 211 581 17 222 331 375 331 528 627 564 241 
270 25 346 630 563 209 68 389 38 230 99 9 91 132 368 333 457 606 293 
386 574 279 457 371 439 508 627 296 318 137 528 453 194 180 548 352 182 459 
347 624 550 194 512 378 500 259 484 512 54 173 483 492 193 236 164 279 589 
183 494 46 482 194 477 230 528 344 237 362 4 240 137 5 12 494 374 495 
251 461 19 483 617 178 427 457 182 136 36 222 239 9 29 461 612 515 302 
498 43 495 242 119 532 325 608 104 390 486 492 519 487 554 613 391 303 575 
230 43 101 431 94 116 25 2 616 145 281 129 373 207 74 264 437 54 222 
296 111 134 279 413 134 407 562 32 422 222 146 131 54 22 167 596 442 333 
183 494 491 538 30 477 612 528 302 438 362 633 394 137 624 111 494 81 87 
480 382 138 595 149 334 144 466 606 115 377 382 589 214 379 269 586 494 170 
426 198 26 128 214 520 72 60 332 408 485 480 559 47 431 18 521 131 514 
178 461 331 510 514 258 481 78 36 613 137 15 138 121 624 124 416 166 61 
377 633 335 510 470 18 174 231 331 543 229 93 258 5 127 10 314 580 59 
167 306 200 98 512 113 422 215 432 294 511 80 103 204 608 426 584 262 386 
421 469 178 35 312 409 461 29 56 286 418 139 52 60 227 120 45 198 462 
116 148 27 469 29 253 623 279 1 103 606 68 525 475 29 125 397 18 498 
501 44 5 462 131 184 76 555 38 546 268 389 134 252 0 423 35 154 308 
193 125 462 397 35 279 531 564 155 27 462 199 606 537 372 394 131 145 457 
9 499 18 23 278 328 35 156 191 414 17 494 9 50 184 447 176 211 494 
64 522 606 300 606 138 301 21 213 534 561 166 167 540 72 626 40 219 278 
400 123 427 269 516 88 386 245 222 116 519 582 15 525 331 463 331 333 539 
98 190 58 146 162 332 596 537 186 397 390 17 40 160 275 621 237 78 250 
548 560 383 178 108 234 167 400 231 509 118 465 429 367 589 409 523 460 333 
138 544 574 75 146 589 395 27 512 452 263 550 413 375 377 486 462 64 295 
136 125 46 8 479 501 189 184 297 415 23 546 368 281 610 606 412 571 591 
544 525 323 72 246 442 78 100 395 458 267 115 186 279 360 197 106 362 510 
626 333 395 222 331 105 570 254 568 306 77 381 333 458 532 115 531 53 237 
102 96 66 23 511 180 124 51 191 101 37 494 102 373 184 296 566 206 494 
595 74 18 36 335 256 112 92 272 101 53 417 619 627 225 331 158 431 240 
623 530 360 379 312 268 153 5 367 191 136 269 55 219 136 491 542 444 422 
416 408 121 200 416 388 532 57 230 72 587 287 33 613 416 602 214 4 630 
205 280 34 450 201 329 514 262 16 446 632 305 270 408 271 608 198 474 461 
115 168 486 613 588 623 347 115 555 342 119 625 207 19 198 164 379 76 369 
307 288 329 379 524 56 297 136 416 280 609 371 198 166 398 338 476 222 291 
386 60 366 214 368 252 199 64 377 332 366 195 48 327 483 544 234 126 386 
495 597 298 115 219 395 167 86 404 553 88 382 289 284 608 377 398 174 107 
16 377 359 311 9 155 204 60 184 219 122 303 281 314 616 5 48 282 31 
37 333 227 30 404 623 378 131 279 317 377 486 121 499 355 85 8 78 48 
321 268 177 205 133 305 84 100 186 554 267 215 326 411 464 201 455 185 311 
413 208 2 429 415 68 274 463 252 415 609 85 486 596 128 69 214 564 4 
178 523 249 609 475 4 168 233 374 488 278 20 516 211 537 303 373 362 304 
118 407 233 533 442 631 509 584 159 136 74 72 582 621 209 24 250 198 299 
71 537 609 384 84 167 376 458 492 489 464 516 38 266 77 349 540 591 606 
123 310 127 441 169 319 68 389 562 612 455 63 509 246 109 446 457 606 560 
340 320 174 619 534 306 318 526 417 200 345 504 165 514 236 438 427 134 510 
71 537 401 476 84 516 445 52 106 489 464 516 105 546 307 349 144 531 606 
94 609 619 574 526 560 551 606 408 539 409 24 447 550 222 36 468 312 4 
382 5 18 200 603 140 597 162 153 180 170 634 534 268 300 333 290 439 141 
483 439 581 204 455 434 134 265 211 139 333 239 530 136 478 609 25 61 94 
377 532 543 189 553 88 392 447 398 82 514 198 445 239 249 185 492 486 569 
548 17 509 421 385 471 15 370 38 483 231 247 57 53 625 250 514 123 58 
426 198 122 128 214 325 613 60 332 179 84 243 559 55 130 18 610 131 166 
377 363 154 202 282 44 392 586 427 236 514 198 303 229 247 404 492 486 365 
624 588 125 167 543 101 529 444 34 96 246 305 135 420 15 37 112 47 473 
619 437 594 115 4 0 516 8 404 536 74 71 226 496 608 377 427 508 450 
597 15 404 304 539 231 32 371 614 117 409 279 39 184 191 627 580 496 566 
502 533 532 618 224 467 214 382 608 43 488 232 125 5 191 380 616 537 146 
22 435 571 400 219 252 295 557 489 385 101 508 155 148 314 330 422 335 291 
623 423 24 379 312 483 353 624 228 191 136 269 576 219 136 46 339 224 422 
55 625 624 468 180 207 280 616 340 611 317 34 78 513 209 340 548 510 550 
283 337 457 584 12 155 284 41 451 510 578 401 128 161 111 101 629 604 552 
462 471 94 459 317 106 259 37 93 443 216 292 521 571 539 529 429 398 525 
594 62 122 156 219 252 295 557 466 385 414 326 155 587 319 611 422 335 126 
546 337 457 485 109 520 563 196 451 510 420 401 128 238 12 414 194 370 552 
178 567 331 510 514 572 227 78 36 72 137 34 446 573 5 183 416 166 551 
111 385 615 390 492 157 340 285 226 353 331 390 379 176 250 82 172 457 217 
573 108 27 326 398 246 105 185 184 85 219 167 222 626 270 589 363 106 74 
531 542 71 144 537 60 283 479 254 308 78 33 608 168 309 206 156 35 591 
377 4 335 222 445 18 180 231 331 290 233 31 258 624 554 526 209 434 341 
251 601 614 268 312 191 48 457 182 136 36 222 229 102 281 461 230 515 399 
251 433 136 424 71 332 104 600 65 416 583 389 171 564 361 379 26 259 623 
77 170 286 379 452 232 520 136 416 108 609 317 198 514 398 509 384 222 126 
137 137 184 246 462 493 415 407 103 184 41 195 417 573 401 332 566 136 512 
598 53 301 97 316 453 279 136 77 331 623 183 426 494 415 4 251 46 373 
279 623 234 434 345 564 365 152 300 537 523 317 427 494 112 106 379 292 326 
251 461 278 483 274 178 48 457 182 136 36 510 233 9 539 567 612 58 344 
75 326 45 203 14 508 2 407 19 105 211 132 96 130 38 536 166 309 222 
137 137 184 246 462 449 129 407 103 184 41 195 327 573 609 332 176 136 58 
565 56 133 513 80 59 341 75 4 137 385 502 569 422 560 599 486 373 486 
125 466 370 280 78 462 106 251 461 108 422 385 153 59 483 122 83 273 597 
481 191 232 64 336 63 158 317 27 279 285 129 14 429 486 422 47 538 481 
63 528 18 519 511 508 35 400 178 414 37 494 9 487 184 447 176 362 494 
214 246 514 240 378 132 437 353 528 335 457 627 498 173 435 603 300 106 510 
465 295 544 508 48 246 105 195 184 579 633 167 510 280 552 589 527 390 44 
464 60 112 214 244 43 189 407 377 332 366 195 48 417 483 351 231 220 300 
425 337 336 451 548 10 152 114 429 10 340 65 379 366 478 5 570 622 4 
422 78 237 591 383 588 285 133 171 77 497 237 312 383 251 560 525 358 609 
222 467 165 300 625 245 44 125 516 93 552 200 360 618 568 30 85 178 318 
184 227 19 166 600 292 460 377 537 179 36 230 414 567 382 71 36 537 228 
435 349 515 146 73 332 434 537 186 55 390 17 585 437 275 418 237 78 375 
422 78 438 591 356 94 373 370 171 306 497 438 312 344 251 272 525 396 401 
120 260 66 36 335 256 366 92 560 414 215 327 14 20 299 331 158 431 276 
18 462 289 468 110 140 434 416 256 521 629 584 531 489 333 373 499 414 162 
90 446 472 222 331 562 472 531 258 77 77 42 333 548 527 115 254 3 237 
66 132 222 15 591 159 292 142 564 172 228 134 470 137 468 226 134 324 603 
567 319 203 85 411 592 623 377 564 413 94 32 455 610 402 168 401 337 51 
105 596 150 26 379 500 45 586 605 295 316 134 402 264 38 332 457 580 238 
618 240 286 114 315 564 629 592 281 492 567 257 85 5 345 421 263 627 104 
51 270 427 269 167 104 464 574 510 116 519 582 469 525 331 547 331 333 545 
14 160 348 158 4 472 167 86 185 536 74 382 226 49 608 377 48 180 471 
133 624 627 194 58 436 385 618 616 515 209 147 483 106 155 24 177 279 413 
354 162 331 403 315 17 251 595 398 134 256 17 80 309 51 68 126 181 348 
51 552 48 240 167 74 386 425 510 491 23 582 34 525 331 547 331 138 545 
243 481 623 128 599 413 161 128 161 283 169 440 106 470 251 609 589 623 462 
461 319 141 250 489 592 623 377 564 413 94 32 455 243 509 348 598 14 51 
595 104 66 36 335 407 366 92 119 414 215 417 495 550 541 331 158 8 240 
214 367 65 134 136 120 373 371 101 178 167 551 277 290 80 369 461 397 385 
17 138 100 30 195 623 257 131 279 371 377 486 121 96 70 85 431 78 398 
458 125 354 588 567 564 235 47 136 548 95 386 511 483 193 160 248 623 65 
633 28 634 258 525 577 543 22 257 57 629 137 79 432 126 114 535 4 608 
96 342 341 30 308 453 478 200 109 213 278 479 551 198 136 68 331 472 394 
357 467 347 445 80 518 341 75 633 137 385 201 569 422 556 26 486 50 486 
136 487 597 208 75 377 606 546 297 424 314 485 482 189 591 8 516 363 322 
417 348 17 237 471 208 529 294 428 595 208 370 193 256 237 286 29 612 112 
559 187 27 34 545 177 623 279 1 103 606 68 525 118 29 125 397 66 498 
517 19 84 46 267 2 29 312 173 222 177 610 479 529 516 195 363 56 568 
9 36 191 525 66 186 84 39 630 408 379 61 606 143 559 335 439 332 464 
377 633 335 222 303 18 328 231 331 290 229 288 163 159 127 526 314 596 59 
460 623 284 476 275 512 608 439 150 31 342 541 537 629 220 404 624 492 262 
440 633 539 138 528 399 124 162 268 408 27 402 399 567 398 4 62 272 68 
306 288 142 379 365 56 155 136 416 626 598 317 198 514 427 509 391 510 291 
462 107 94 548 317 390 129 17 31 305 318 292 480 26 539 323 68 398 525 
447 111 134 279 589 134 407 38 43 422 222 84 593 54 22 167 434 298 138 
595 58 483 326 492 211 546 492 37 555 59 457 66 564 106 241 582 240 39 
610 137 158 226 18 79 603 381 517 550 484 251 476 60 607 166 215 111 196 
565 337 41 628 581 264 369 61 429 526 340 230 379 112 76 159 395 393 4 
96 310 341 30 23 472 473 190 244 580 614 318 497 198 136 68 331 395 269 
205 490 115 518 377 205 328 107 297 554 435 413 46 266 167 377 307 571 214 
159 486 379 227 36 35 564 590 101 302 112 429 320 537 416 349 35 161 181 
33 75 331 162 189 37 251 120 48 134 256 17 80 498 156 68 291 578 348 
573 108 334 326 398 301 38 185 184 85 633 516 222 626 270 294 210 106 44 
415 269 286 114 202 564 30 177 29 106 567 378 579 624 552 421 56 627 44 
214 150 166 240 378 150 160 536 499 335 457 627 451 312 62 603 300 492 510 
134 429 43 51 216 397 550 379 357 411 564 148 356 382 302 17 625 214 378 
518 103 480 394 268 221 259 545 551 371 178 483 21 491 508 60 33 167 167 
561 43 495 83 272 363 193 608 88 492 486 106 23 285 430 613 384 470 451 
75 105 198 418 219 405 319 557 610 43 613 451 582 494 354 17 371 56 551 
377 633 335 222 303 18 328 234 331 151 229 288 218 159 97 10 209 580 341 
623 421 425 157 6 343 352 125 237 549 344 137 473 184 134 551 332 352 489 
5 486 379 227 36 207 564 590 101 302 112 429 381 537 416 190 35 161 217 
426 198 26 128 214 325 501 60 332 408 584 243 46 576 130 66 243 439 166 
510 56 399 386 582 357 74 125 516 170 270 200 82 259 163 629 579 191 479 
486 61 55 462 441 425 71 516 56 269 457 459 5 492 9 532 286 629 262 
79 295 15 471 80 286 514 262 16 333 212 305 552 11 324 608 198 281 461 
631 256 239 228 348 631 402 584 5 136 104 613 582 621 319 360 85 198 299 
348 435 599 400 4 32 108 632 411 500 414 174 297 538 319 143 422 335 126 
197 34 178 183 173 602 461 474 232 142 621 139 459 60 227 120 45 198 462 
288 486 147 380 564 386 126 287 198 379 253 570 620 26 268 297 112 623 386 
456 63 42 340 275 274 62 198 55 414 46 573 443 135 549 324 186 362 331 
544 525 444 501 301 594 78 100 453 458 493 158 186 279 28 421 390 362 510 
492 263 141 72 138 331 601 269 183 525 204 186 186 344 199 340 629 335 251 
246 499 4 625 181 158 477 178 248 289 75 372 68 613 88 536 481 81 120 
556 186 634 598 628 382 564 623 332 619 90 502 461 558 37 262 528 575 465 
466 612 158 73 440 404 354 289 112 606 3 252 335 486 199 11 626 318 459 
37 78 196 258 57 465 416 486 173 500 287 32 509 492 628 85 307 581 508 
136 285 437 208 73 377 606 546 155 365 54 485 148 189 531 431 516 363 322 
162 156 175 266 78 156 64 64 111 211 152 295 365 306 301 409 471 49 266 
227 191 263 407 196 102 158 371 334 279 373 129 14 429 486 422 397 607 481 
595 260 18 36 335 64 112 380 119 414 3 417 337 20 503 331 115 431 394 
194 182 143 378 74 28 126 341 259 524 466 254 476 525 492 488 495 400 257 
150 499 4 16 217 115 477 178 535 603 75 372 429 613 74 282 100 506 595 
575 43 495 242 456 615 520 608 104 390 486 390 308 285 554 501 468 303 561 
510 232 356 386 582 245 260 125 516 170 345 311 360 259 218 30 85 191 318 
608 630 88 152 216 213 525 486 344 382 230 71 52 475 131 6 297 624 234 
534 309 138 232 185 272 160 105 211 581 37 222 331 375 331 96 20 564 310 
