317 2
223 84 
313 114 
16 72 
236 252 
98 199 
254 125 
298 246 
272 254 
86 169 
161 230 
253 25 
132 286 
39 41 
20 36 
44 209 
261 146 
298 45 
147 153 
165 260 
50 12 
263 272 
250 294 
100 204 
218 302 
288 90 
27 156 
147 246 
73 225 
14 230 
21 146 
17 18 
113 219 
198 106 
51 125 
181 108 
315 132 
27 156 
156 267 
27 156 
147 51 
313 304 
85 298 
207 93 
92 25 
257 2 
51 125 
263 272 
297 294 
220 209 
218 148 
24 33 
193 150 
62 255 
214 96 
287 72 
294 310 
74 198 
51 39 
119 80 
39 41 
311 91 
210 162 
67 30 
243 303 
70 210 
180 260 
216 105 
286 44 
315 152 
218 163 
218 185 
75 158 
245 126 
103 301 
75 107 
52 273 
84 90 
233 35 
87 62 
300 91 
73 225 
305 92 
92 146 
86 104 
34 85 
86 203 
201 174 
168 37 
74 84 
28 245 
217 176 
112 26 
227 273 
277 125 
287 72 
300 158 
60 120 
291 67 
294 79 
250 210 
99 218 
31 2 
38 137 
263 1 
304 39 
315 163 
96 29 
255 6 
135 200 
156 82 
315 148 
51 39 
264 116 
76 57 
102 58 
156 267 
217 113 
24 246 
55 247 
67 30 
49 47 
269 263 
69 82 
44 209 
76 58 
24 16 
0 221 
209 21 
125 316 
150 34 
173 167 
40 308 
37 124 
239 179 
176 43 
285 129 
96 29 
137 176 
286 44 
257 2 
294 223 
11 263 
207 229 
6 182 
20 36 
169 223 
40 301 
288 90 
288 35 
216 55 
304 300 
257 2 
39 41 
251 143 
58 207 
86 256 
75 267 
134 110 
216 22 
273 287 
99 218 
215 155 
309 90 
288 35 
315 59 
311 245 
87 62 
254 191 
23 47 
304 39 
125 307 
106 90 
125 316 
239 176 
220 103 
251 143 
244 191 
92 36 
92 274 
254 242 
156 216 
274 263 
303 62 
49 82 
243 84 
246 279 
161 22 
246 72 
207 229 
159 247 
156 267 
315 197 
255 117 
303 119 
73 77 
247 207 
1 301 
137 167 
34 83 
305 174 
254 125 
84 106 
156 216 
304 39 
14 22 
160 266 
11 263 
235 177 
44 209 
263 1 
272 254 
291 67 
247 207 
96 29 
187 27 
232 43 
176 43 
140 189 
92 312 
193 288 
316 200 
56 126 
249 169 
241 91 
213 90 
141 35 
247 207 
30 2 
203 24 
47 125 
160 204 
85 147 
37 124 
215 263 
60 168 
294 61 
84 90 
273 287 
102 207 
173 176 
60 119 
52 273 
315 130 
103 21 
147 175 
161 90 
86 282 
108 103 
31 2 
134 235 
218 251 
287 131 
51 39 
263 281 
4 14 
264 116 
149 169 
17 275 
52 54 
6 182 
238 135 
70 294 
58 207 
110 199 
118 268 
73 225 
14 205 
176 263 
161 230 
177 44 
294 79 
156 178 
179 237 
66 218 
40 238 
165 260 
76 252 
297 294 
269 37 
40 81 
118 186 
179 305 
249 203 
159 246 
52 187 
180 260 
92 36 
86 282 
214 96 
203 298 
198 106 
287 131 
243 303 
216 105 
92 242 
165 260 
269 257 
281 116 
53 90 
213 90 
52 273 
102 207 
288 35 
311 192 
102 58 
273 155 
87 62 
285 129 
237 92 
34 8 
210 76 
247 39 
254 313 
303 120 
159 287 
229 226 
65 129 
