395 1
339 
341 
149 
30 
269 
293 
55 
34 
262 
232 
367 
217 
125 
344 
297 
121 
227 
250 
129 
344 
228 
56 
34 
261 
29 
297 
217 
208 
149 
252 
162 
192 
266 
86 
282 
360 
275 
335 
346 
23 
105 
382 
226 
135 
208 
4 
58 
133 
198 
268 
51 
145 
291 
34 
134 
90 
145 
221 
106 
299 
267 
62 
67 
261 
52 
341 
361 
336 
100 
370 
289 
96 
250 
86 
147 
147 
162 
158 
318 
124 
308 
238 
243 
383 
113 
72 
377 
220 
285 
285 
125 
235 
360 
346 
289 
308 
108 
122 
217 
204 
142 
333 
169 
161 
228 
366 
383 
291 
378 
367 
80 
268 
88 
91 
235 
34 
313 
125 
174 
179 
180 
158 
53 
297 
118 
382 
162 
314 
147 
30 
297 
116 
335 
382 
212 
350 
125 
382 
266 
172 
52 
72 
266 
106 
218 
284 
333 
250 
74 
4 
336 
232 
147 
394 
334 
116 
147 
360 
168 
314 
127 
123 
12 
149 
157 
86 
220 
262 
187 
145 
88 
79 
172 
350 
70 
145 
152 
394 
207 
95 
111 
53 
394 
198 
344 
342 
195 
192 
232 
339 
322 
125 
118 
251 
0 
158 
349 
270 
393 
23 
338 
69 
394 
55 
347 
351 
276 
158 
178 
259 
82 
333 
122 
92 
313 
87 
385 
180 
356 
8 
268 
241 
62 
261 
96 
173 
162 
28 
238 
161 
308 
361 
67 
350 
325 
212 
349 
227 
52 
193 
347 
215 
86 
129 
240 
193 
195 
265 
69 
308 
131 
344 
161 
193 
294 
28 
169 
72 
77 
325 
305 
207 
384 
268 
137 
187 
263 
102 
294 
346 
66 
111 
297 
291 
223 
385 
266 
339 
26 
145 
0 
56 
336 
171 
385 
285 
318 
147 
366 
104 
26 
342 
22 
279 
246 
125 
108 
222 
120 
180 
17 
266 
138 
261 
363 
358 
81 
216 
296 
314 
17 
193 
0 
13 
78 
367 
302 
266 
215 
62 
66 
206 
273 
206 
360 
180 
293 
190 
198 
349 
275 
115 
28 
96 
190 
267 
246 
293 
226 
184 
192 
285 
394 
36 
158 
125 
30 
97 
392 
108 
269 
156 
29 
344 
313 
41 
208 
366 
324 
52 
190 
262 
336 
71 
224 
17 
120 
176 
82 
258 
84 
226 
338 
389 
227 
263 
100 
158 
145 
120 
4 
338 
278 
111 
80 
158 
342 
180 
82 
91 
235 
394 
35 
90 
199 
