494 1
145 
266 
64 
84 
488 
297 
450 
257 
309 
449 
222 
477 
485 
455 
418 
59 
196 
175 
55 
50 
362 
86 
107 
218 
49 
287 
123 
240 
362 
429 
111 
19 
171 
196 
95 
145 
44 
20 
16 
231 
196 
184 
111 
411 
353 
331 
87 
411 
87 
441 
92 
333 
369 
33 
139 
134 
307 
372 
461 
55 
98 
485 
257 
231 
332 
31 
449 
20 
488 
8 
82 
295 
60 
275 
384 
251 
104 
355 
6 
123 
287 
175 
255 
458 
33 
477 
194 
434 
444 
481 
148 
42 
256 
381 
45 
493 
469 
347 
380 
450 
34 
444 
380 
49 
191 
158 
29 
104 
364 
2 
352 
16 
236 
469 
255 
364 
257 
20 
19 
208 
388 
310 
34 
380 
409 
215 
450 
286 
16 
155 
6 
215 
64 
477 
380 
82 
138 
38 
363 
487 
420 
27 
83 
493 
443 
233 
0 
347 
486 
280 
333 
473 
153 
124 
380 
364 
17 
189 
71 
15 
457 
397 
45 
228 
468 
264 
16 
222 
397 
15 
477 
407 
287 
439 
185 
491 
354 
196 
222 
153 
410 
485 
121 
297 
107 
71 
34 
158 
321 
226 
94 
466 
222 
222 
461 
264 
310 
61 
487 
318 
176 
371 
347 
314 
256 
330 
87 
21 
71 
123 
485 
466 
458 
257 
440 
390 
27 
21 
411 
53 
424 
355 
42 
107 
307 
126 
44 
485 
166 
364 
33 
333 
49 
240 
34 
384 
486 
364 
355 
443 
8 
72 
7 
441 
175 
485 
158 
451 
256 
251 
457 
482 
477 
175 
16 
166 
155 
412 
449 
71 
472 
150 
33 
3 
103 
2 
0 
369 
450 
348 
296 
198 
473 
175 
333 
348 
449 
487 
436 
264 
64 
474 
485 
415 
35 
218 
333 
192 
50 
34 
196 
44 
13 
16 
257 
28 
311 
487 
196 
441 
257 
287 
367 
179 
21 
8 
397 
173 
485 
49 
27 
331 
257 
450 
129 
175 
171 
466 
486 
82 
38 
379 
473 
314 
155 
338 
15 
468 
148 
292 
71 
452 
287 
213 
72 
133 
466 
292 
392 
91 
50 
481 
450 
436 
318 
35 
286 
157 
172 
148 
420 
189 
157 
28 
49 
143 
275 
264 
251 
485 
364 
44 
40 
184 
241 
450 
376 
257 
355 
333 
69 
257 
434 
493 
436 
107 
348 
34 
266 
72 
362 
222 
461 
473 
28 
233 
292 
20 
241 
364 
189 
236 
218 
384 
364 
72 
473 
20 
276 
175 
287 
236 
91 
230 
333 
179 
196 
226 
485 
193 
444 
444 
230 
3 
449 
41 
32 
237 
219 
316 
106 
233 
251 
355 
473 
434 
485 
87 
485 
310 
44 
404 
143 
91 
362 
450 
362 
72 
318 
348 
296 
173 
233 
232 
101 
92 
478 
397 
152 
275 
32 
364 
101 
38 
175 
47 
277 
1 
72 
469 
93 
381 
18 
462 
31 
415 
235 
121 
248 
486 
372 
383 
23 
73 
15 
314 
215 
95 
162 
88 
5 
348 
29 
102 
450 
171 
295 
369 
68 
477 
91 
34 
163 
400 
