364 14
214 357 118 299 196 144 175 65 296 198 21 38 282 98 
156 58 24 118 341 252 169 30 346 87 126 328 224 64 
190 197 165 182 213 63 164 68 51 213 116 194 77 317 
348 341 306 192 323 346 344 315 16 246 94 191 278 201 
30 75 29 146 188 100 183 248 101 132 64 86 56 131 
135 249 103 129 145 162 152 169 189 341 162 0 30 165 
80 218 248 279 98 2 338 94 277 280 184 116 318 145 
169 173 86 186 56 310 162 38 135 274 2 254 153 248 
242 68 337 26 138 209 273 116 294 218 16 252 6 197 
293 353 2 94 205 100 117 215 60 292 183 0 131 19 
314 266 311 94 98 111 168 113 362 145 218 35 68 72 
145 74 196 144 96 183 345 24 338 54 362 307 323 113 
156 240 223 151 131 95 185 274 76 130 309 231 228 68 
181 30 301 194 132 99 215 103 350 326 242 153 53 283 
316 49 87 321 2 85 62 169 163 271 189 163 149 196 
145 193 101 169 144 81 18 43 74 63 177 331 292 297 
179 363 340 247 198 88 166 110 200 103 144 154 118 3 
30 260 340 273 178 205 141 19 42 289 244 17 32 68 
156 331 59 35 339 218 214 309 194 182 188 122 77 297 
26 74 59 250 5 213 160 2 289 329 286 290 206 78 
299 0 27 61 67 248 169 149 233 191 80 33 24 275 
315 146 239 145 98 118 245 103 0 165 131 62 204 354 
156 85 49 16 163 165 203 279 157 286 352 45 251 226 
76 144 314 157 150 12 343 309 144 43 293 338 236 54 
269 225 299 24 136 194 273 360 48 59 198 169 208 309 
39 121 229 166 188 162 273 91 72 31 153 324 299 131 
344 168 67 47 277 314 145 27 313 21 93 277 316 45 
63 229 16 340 291 141 100 158 100 341 162 244 215 77 
274 249 358 306 145 162 93 169 189 341 162 297 30 165 
173 280 174 147 352 246 311 269 74 34 209 183 199 253 
156 307 269 348 316 258 36 210 145 299 40 168 198 105 
191 309 324 97 74 2 244 248 25 273 301 97 62 275 
208 85 214 90 163 18 225 132 244 156 191 350 216 2 
191 54 291 112 133 274 168 246 250 261 140 60 247 64 
281 123 282 2 173 71 1 30 191 172 214 76 159 240 
34 338 204 310 301 176 309 68 26 151 345 214 201 34 
56 131 273 340 89 89 128 18 225 113 199 278 41 9 
312 162 201 201 174 177 94 300 262 182 341 16 42 275 
156 19 223 151 131 331 47 274 76 103 309 231 360 268 
181 248 79 83 12 17 101 246 64 218 156 150 287 146 
198 250 280 162 16 294 70 41 82 230 302 191 38 32 
270 85 314 209 346 200 311 176 127 253 246 141 148 257 
341 172 131 76 98 241 345 191 344 234 136 257 254 57 
35 299 251 2 145 348 107 154 32 294 228 316 202 45 
285 145 247 214 244 359 101 139 97 68 303 353 36 218 
226 2 141 82 1 84 37 143 292 21 250 66 127 336 
181 30 250 194 266 187 215 103 350 326 354 153 127 76 
217 3 272 101 98 200 176 170 360 209 46 160 168 35 
214 63 14 284 337 53 339 81 98 62 329 113 109 126 
56 131 273 78 246 89 57 163 308 361 46 139 79 242 
83 308 299 50 279 194 273 360 278 351 198 169 208 309 
307 162 318 318 286 357 94 300 178 182 341 16 212 255 
352 346 255 106 176 299 280 84 218 141 147 329 266 27 
252 141 85 242 29 136 168 252 86 244 330 53 362 21 
269 302 299 54 136 194 273 360 236 158 198 169 208 309 
208 88 317 337 98 200 176 170 360 209 199 155 168 35 
254 90 79 67 221 283 48 62 282 187 4 337 257 356 
273 329 234 323 330 148 244 244 55 247 52 216 192 309 
156 173 191 282 230 1 52 30 156 311 193 210 346 280 
297 341 321 180 272 285 62 157 183 13 18 349 149 246 
272 278 10 19 19 242 305 248 267 77 310 162 19 99 
26 74 351 250 5 216 155 2 289 12 233 290 41 340 
222 228 30 57 194 77 168 234 306 144 169 142 32 4 
211 353 153 223 272 200 44 213 109 11 2 101 77 153 
75 210 124 219 215 46 16 60 280 172 244 171 248 348 
94 348 312 116 235 4 233 289 5 352 309 158 47 176 
171 191 305 119 211 133 118 200 191 195 248 311 1 126 
214 6 94 299 4 144 150 171 296 198 326 329 282 98 
85 282 273 270 119 342 162 308 131 254 16 277 143 284 
242 68 337 26 284 209 273 10 231 218 16 207 357 197 
277 299 223 94 346 296 107 262 234 355 294 126 169 84 
285 145 62 214 244 96 101 278 97 268 36 181 49 218 
322 98 12 224 221 0 323 345 339 92 242 84 103 113 
283 144 125 315 175 12 166 309 144 182 97 111 236 54 
346 296 328 347 86 89 208 97 194 330 99 92 86 228 
347 191 153 242 147 278 168 289 84 191 200 334 167 117 
273 190 268 86 110 198 115 73 85 220 250 282 363 26 
156 285 224 258 246 139 287 3 8 220 163 0 69 17 
17 359 35 27 298 317 77 30 281 133 181 202 135 89 
270 85 349 209 346 200 311 119 53 42 246 141 277 11 
277 289 94 99 309 255 197 10 46 151 175 148 140 201 
165 2 336 45 273 139 146 279 84 68 43 127 214 45 
191 309 46 344 74 2 244 248 25 273 250 97 247 275 
69 168 275 275 346 278 159 198 208 218 98 268 273 20 
288 191 153 354 70 139 168 312 75 191 200 334 167 201 
19 205 337 314 341 170 273 30 346 127 257 142 322 25 
345 25 242 16 273 145 96 248 273 341 346 182 347 172 
221 51 133 253 54 77 72 330 214 68 204 311 180 352 
140 341 306 192 321 346 97 157 16 89 118 191 48 117 
37 43 48 17 31 85 93 351 24 2 202 240 27 162 
24 1 232 84 230 281 169 29 291 177 232 36 302 96 
85 128 3 25 165 119 162 176 162 124 71 131 299 239 
84 249 108 120 171 324 16 345 280 333 244 215 248 348 
159 346 264 95 119 299 280 84 218 141 70 12 132 301 
85 200 234 116 214 16 309 165 198 57 237 189 234 170 
349 105 125 229 50 216 197 247 18 306 324 74 0 254 
98 205 361 104 270 274 19 154 49 102 268 205 330 279 
39 296 249 331 117 344 165 279 1 96 218 70 16 56 
189 253 5 35 53 348 131 162 26 26 85 237 293 190 
61 248 88 209 254 247 102 301 105 90 125 165 297 343 
281 123 282 2 173 71 336 30 191 172 214 283 159 154 
245 33 248 341 10 298 341 41 344 82 85 237 141 153 
147 220 280 340 77 254 146 27 363 244 226 200 147 89 
198 301 280 162 16 245 147 206 31 230 225 191 329 32 
156 173 191 282 230 336 93 30 156 311 285 235 346 280 
288 170 42 100 213 89 356 214 213 198 218 126 8 281 
349 281 33 229 50 216 197 247 163 129 199 74 297 316 
146 299 129 351 107 141 244 76 288 283 328 84 230 77 
216 74 16 200 182 177 20 84 258 281 259 216 244 31 
209 269 76 116 230 148 144 194 248 273 191 145 214 230 
98 25 361 58 260 83 154 154 303 217 68 205 151 279 
131 107 194 26 342 85 263 273 197 33 289 174 127 327 
299 0 27 19 297 248 169 187 174 191 80 33 24 264 
341 52 330 212 214 189 11 335 224 69 134 254 198 75 
208 3 317 101 98 200 176 207 228 209 13 155 168 35 
173 280 233 70 159 246 311 274 74 34 209 232 199 42 
125 132 311 118 98 111 168 113 263 145 218 35 268 155 
87 187 258 348 3 50 143 268 72 63 242 156 197 192 
85 200 234 116 214 16 309 165 198 57 237 326 234 334 
28 53 160 350 357 131 229 85 353 51 198 216 179 124 
241 38 168 119 341 284 36 224 72 275 148 145 230 25 
94 175 16 335 117 164 141 289 316 249 350 206 338 156 
86 336 90 205 228 262 165 297 178 28 39 53 233 177 
331 38 168 119 341 138 36 224 160 275 277 145 282 205 
216 74 16 200 43 177 112 75 260 105 259 213 244 82 
191 24 190 20 133 135 168 246 250 87 167 60 62 64 
156 85 36 16 18 165 32 300 121 286 159 298 186 123 
207 141 85 354 335 256 168 334 86 244 151 53 7 21 
273 38 234 323 151 277 244 244 114 247 152 216 201 309 
171 363 280 69 257 144 163 22 316 310 74 262 16 14 
198 27 280 162 16 231 147 206 82 282 308 191 329 173 
234 310 251 200 57 331 12 195 345 6 53 214 74 102 
280 141 216 199 118 21 181 351 74 118 77 262 137 3 
86 336 90 25 276 292 165 0 262 5 190 127 233 357 
214 6 94 299 355 144 150 171 66 198 189 329 282 98 
271 168 255 275 346 236 159 198 217 218 98 68 273 172 
194 273 119 17 43 329 320 101 212 39 121 161 211 68 
254 36 261 321 2 85 247 169 18 8 326 163 99 4 
194 259 126 157 137 220 3 144 75 94 51 229 17 226 
214 63 14 284 337 53 339 81 98 62 329 361 183 22 
358 164 325 141 2 156 250 211 234 45 277 35 86 135 
121 317 18 290 128 94 104 346 198 246 68 128 235 344 
108 51 188 42 24 77 290 330 214 68 204 311 180 352 
135 164 103 352 145 162 93 169 21 341 162 297 30 165 
209 161 280 363 153 273 284 83 142 71 197 192 206 321 
24 285 188 340 79 317 168 152 101 160 190 59 298 18 
156 173 191 230 282 1 152 30 156 311 23 235 346 280 
148 299 110 118 346 251 363 292 234 355 245 356 169 75 
323 95 282 147 338 353 273 228 119 221 165 168 98 355 
240 248 3 209 254 247 208 250 281 310 33 165 0 166 
66 223 167 31 299 109 61 158 77 198 284 17 238 169 
308 81 79 285 280 61 212 2 85 144 200 309 321 146 
352 346 275 331 176 299 280 84 218 141 147 12 132 301 
88 74 217 98 357 75 81 168 213 160 150 137 346 149 
26 74 59 250 195 213 72 2 289 329 320 290 238 340 
45 98 12 239 221 297 323 345 339 92 242 84 130 113 
279 277 280 281 233 108 254 172 210 208 197 353 218 323 
118 175 16 335 117 210 141 307 316 210 350 238 327 156 
134 341 321 287 272 193 247 157 183 199 163 125 295 246 
215 363 280 69 317 144 18 356 254 90 74 262 16 14 
45 98 12 224 124 67 321 60 81 92 242 75 40 328 
285 145 62 214 244 96 101 48 344 68 303 353 49 218 
85 313 319 226 10 27 277 237 237 264 265 310 278 346 
156 331 59 35 339 218 214 309 194 182 211 211 77 134 
303 157 319 363 176 5 12 341 200 207 35 345 74 158 
215 213 118 73 143 199 26 341 161 16 144 26 265 153 
145 73 337 169 144 81 163 182 74 63 6 241 262 134 
358 235 44 141 2 156 27 122 234 322 148 35 86 269 
323 219 38 90 348 132 227 186 282 162 150 354 194 351 
236 35 84 45 323 146 337 51 258 141 88 116 10 24 
56 158 63 169 315 120 246 289 154 278 34 139 229 145 
94 167 289 10 210 222 286 307 143 159 309 351 114 176 
299 134 250 61 0 248 169 99 233 191 80 125 50 264 
102 85 214 90 18 18 308 266 244 156 191 350 216 2 
200 212 198 162 223 304 214 350 160 26 65 44 198 281 
296 110 167 82 299 109 61 59 77 198 284 17 206 169 
143 127 72 350 6 131 288 85 181 332 198 213 63 319 
80 218 248 300 98 2 338 94 277 280 56 10 117 145 
132 344 356 250 298 337 334 274 86 175 165 234 215 119 
122 181 153 110 272 200 71 216 183 272 2 337 77 153 
178 57 332 98 350 81 5 137 187 241 319 60 30 216 
150 343 318 34 118 145 204 336 218 323 107 138 129 10 
35 299 66 2 145 140 363 19 32 294 360 254 80 322 
209 83 76 116 230 148 144 194 248 273 191 145 214 230 
254 90 41 134 221 283 48 62 282 99 222 337 257 356 
217 88 272 337 98 200 176 170 276 209 46 72 168 35 
171 191 347 176 188 133 118 200 191 28 248 311 1 22 
19 248 3 209 316 247 208 301 281 310 33 165 134 343 
86 1 90 205 360 262 165 0 292 5 39 127 233 6 
121 58 224 145 98 94 245 40 297 165 131 247 204 9 
353 248 41 135 12 17 337 246 64 218 156 150 180 58 
231 56 328 57 81 60 214 11 24 21 156 165 118 259 
237 187 270 140 3 54 5 68 290 204 354 156 197 201 
283 144 314 315 175 329 343 309 144 182 293 338 48 24 
141 180 28 266 273 283 200 131 10 360 27 153 188 145 
83 249 40 159 145 162 52 169 21 341 162 134 30 165 
30 84 29 58 211 34 232 248 337 132 92 86 56 131 
57 17 135 172 326 77 295 152 310 165 69 75 92 146 
204 144 340 235 214 323 334 141 168 135 277 141 173 283 
181 30 27 194 266 99 215 40 350 189 354 153 127 76 
238 128 90 225 235 55 325 140 156 296 33 111 77 87 
237 295 91 348 3 24 28 68 290 63 9 156 197 318 
148 307 94 187 309 275 197 116 324 330 150 148 167 117 
217 85 214 90 163 18 308 266 244 156 191 350 213 2 
188 353 153 96 11 200 71 216 183 11 2 337 77 153 
291 315 229 259 188 162 273 91 290 31 153 46 299 131 
91 85 314 209 346 200 311 119 53 253 246 141 148 317 
56 59 179 169 157 219 89 312 240 236 100 278 305 145 
147 220 280 78 77 254 304 250 363 244 120 200 70 89 
98 128 146 7 57 107 363 193 301 311 302 345 66 349 
49 157 221 363 119 143 38 341 200 170 35 60 74 158 
86 336 310 205 228 178 165 67 262 28 291 127 320 6 
341 172 131 283 98 106 345 191 97 234 136 317 316 57 
246 289 30 271 44 190 163 97 341 87 130 1 289 353 
1 265 234 237 352 124 269 91 197 205 141 299 264 325 
118 140 289 116 164 355 233 307 5 306 309 59 185 176 
246 307 30 271 161 190 18 344 341 237 358 336 289 353 
70 220 280 340 77 316 304 250 363 244 123 200 147 246 
309 363 85 86 135 164 176 279 132 35 3 244 131 309 
331 12 168 119 341 138 303 239 160 255 148 145 230 205 
341 333 131 283 98 95 345 191 344 234 136 257 316 57 
213 74 16 200 313 177 333 84 91 105 343 213 244 82 
30 75 335 304 211 34 232 248 337 132 64 86 184 131 
98 25 113 104 270 83 61 154 49 102 68 25 151 300 
0 224 77 234 29 88 76 299 47 204 207 136 256 231 
330 191 70 168 76 298 193 141 184 97 266 297 330 6 
241 329 168 119 341 138 49 224 160 275 148 145 230 205 
203 280 233 147 159 246 311 274 74 34 209 183 199 42 
311 122 99 131 14 137 230 60 247 339 254 140 74 60 
361 23 232 345 106 266 284 42 146 308 43 237 118 172 
138 94 139 286 266 21 340 144 213 97 46 205 298 273 
106 75 338 67 194 93 235 203 327 294 214 244 54 198 
209 135 76 10 230 277 144 194 248 273 191 145 214 282 
200 42 198 162 96 304 214 350 155 26 65 325 198 281 
320 245 284 347 310 140 87 350 86 100 182 316 113 179 
36 315 319 107 176 28 38 341 200 207 35 345 74 59 
214 63 14 284 337 53 81 81 98 247 38 361 232 126 
108 332 211 42 54 77 72 330 214 268 204 311 287 129 
91 85 33 209 346 200 311 176 53 220 89 141 277 272 
0 239 77 234 115 3 76 299 185 179 207 256 136 245 
26 74 158 301 28 216 290 2 312 38 233 72 41 340 
125 105 349 229 24 216 197 62 18 129 46 74 134 254 
293 353 2 94 205 100 192 171 60 262 232 134 131 19 
9 68 337 26 138 209 273 116 294 218 16 207 6 197 
98 37 351 273 339 277 218 151 146 224 168 156 245 250 
331 75 327 297 194 52 249 203 111 294 214 244 24 198 
332 43 236 17 31 85 93 351 50 2 267 154 27 162 
4 276 30 128 194 77 168 234 306 144 169 87 173 222 
214 301 169 215 330 145 15 197 98 182 209 141 330 16 
303 157 221 107 119 28 329 341 200 252 35 345 74 351 
179 305 16 340 291 141 100 351 34 341 162 244 65 77 
215 191 229 176 122 211 118 200 191 28 248 311 336 22 
56 59 179 169 157 226 246 289 154 139 34 48 347 145 
341 172 131 283 98 241 345 191 344 234 136 11 316 128 
205 141 138 86 239 231 97 31 137 181 61 86 1 273 
300 31 181 250 65 346 18 151 13 234 181 71 36 117 
194 273 176 17 43 329 233 337 220 291 121 71 188 68 
145 74 222 144 223 109 345 24 327 54 362 289 323 361 
85 128 3 25 165 119 162 176 162 319 161 131 299 224 
145 193 337 169 144 81 18 182 74 204 265 106 292 67 
85 57 88 25 165 119 162 176 162 124 161 131 299 239 
108 37 122 253 50 77 72 151 214 68 63 311 180 129 
266 293 342 250 322 101 252 135 86 175 165 234 65 119 
169 32 86 186 56 310 162 329 269 274 2 316 153 248 
300 31 181 301 171 346 18 151 13 234 353 325 49 318 
80 218 248 300 98 2 327 118 277 280 184 10 117 145 
280 141 216 199 118 21 181 59 74 94 77 262 137 3 
277 289 94 149 309 275 197 10 199 330 150 277 167 201 
85 230 273 91 176 356 162 225 131 254 16 148 195 284 
243 168 264 255 346 48 352 198 217 218 98 268 273 333 
85 57 3 25 165 119 162 176 162 108 325 131 299 224 
242 68 101 26 138 209 273 116 231 218 16 170 6 197 
145 74 222 144 96 183 345 54 111 24 7 289 321 328 
311 59 356 227 92 20 351 281 22 337 44 119 201 146 
69 168 275 264 346 278 352 198 208 218 98 68 273 112 
279 31 353 27 65 346 163 151 324 234 353 161 36 201 
311 211 99 131 137 14 230 345 247 339 316 167 74 345 
323 331 282 147 111 353 273 360 119 221 165 168 98 222 
214 204 14 284 337 53 81 339 98 247 38 361 232 356 
194 273 176 17 43 329 320 337 42 291 315 44 188 68 
144 107 67 316 186 258 344 85 35 209 21 261 60 313 
288 170 42 100 216 246 22 214 216 198 218 342 8 281 
284 118 236 174 132 326 78 144 213 293 13 205 45 273 
273 39 68 86 359 198 227 285 85 42 250 230 107 26 
194 343 356 157 14 253 88 144 75 118 51 347 17 123 
76 144 125 315 175 38 259 309 144 182 293 111 236 54 
200 42 198 162 110 146 214 350 290 26 215 325 198 105 
178 128 332 98 350 81 143 14 295 331 108 345 30 213 
113 73 183 60 106 132 138 253 104 225 43 237 118 112 
82 206 282 234 66 77 352 280 88 348 217 104 122 247 
322 98 38 224 319 67 323 345 339 92 354 84 103 113 
181 248 41 83 38 17 337 89 64 218 156 175 287 146 
132 97 126 301 298 337 207 274 86 150 165 234 171 176 
190 251 235 106 192 293 165 256 1 223 218 70 16 184 
241 84 327 134 194 52 210 203 338 294 214 244 54 198 
240 248 3 209 316 62 217 301 105 310 314 165 297 15 
65 191 288 176 211 211 94 200 191 195 248 311 336 22 
214 177 94 299 355 144 175 171 251 198 189 12 230 98 
226 2 141 82 336 84 332 143 292 21 301 296 127 336 
33 179 281 287 138 168 116 10 258 60 205 165 284 305 
194 273 119 17 43 12 233 101 220 39 157 71 122 268 
204 305 16 78 39 141 100 59 34 341 162 244 215 77 
330 191 70 168 76 298 23 141 56 293 266 297 151 177 
184 131 273 78 246 246 57 163 308 113 324 278 79 9 
156 32 191 282 282 336 152 30 156 311 285 235 346 280 
113 285 183 60 95 132 284 220 304 302 313 142 118 112 
65 107 280 8 257 144 163 356 254 90 74 178 16 14 
82 238 282 234 296 77 159 280 3 348 217 104 188 247 
151 191 70 168 283 298 193 141 56 344 132 134 330 177 
90 184 245 234 286 215 348 64 147 299 26 29 61 118 
54 336 232 84 230 105 169 335 190 357 183 303 225 96 
209 176 156 341 248 17 209 146 116 172 337 144 283 341 
31 79 282 234 251 77 352 280 3 167 208 58 133 62 
35 299 251 2 145 348 107 154 173 245 360 316 80 45 
191 54 291 20 211 274 168 246 250 87 167 60 247 92 
118 150 16 29 117 164 141 312 316 164 350 41 338 156 
25 141 284 86 239 245 293 82 14 181 154 86 336 273 
145 74 355 144 110 232 60 54 338 50 7 289 323 361 
87 99 91 348 3 24 5 68 155 204 242 156 197 117 
213 74 16 200 43 177 172 75 260 281 259 213 244 82 
200 253 198 162 359 58 214 350 160 26 171 44 198 105 
165 12 55 67 168 9 308 98 51 309 331 350 312 145 
219 2 141 82 1 84 51 5 178 326 27 66 127 336 
165 329 55 297 168 9 225 98 51 309 95 350 307 145 
353 30 27 194 266 187 65 130 350 21 354 153 127 283 
193 145 62 214 244 110 101 278 97 68 36 353 49 218 
121 146 239 145 98 94 245 130 67 165 131 247 179 242 
131 363 194 26 126 85 7 273 197 33 307 320 127 338 
341 52 151 212 214 189 317 335 239 69 67 254 198 84 
156 240 110 330 131 95 185 269 283 358 309 231 276 268 
225 339 206 23 280 61 220 2 85 144 200 309 323 58 
349 281 33 229 24 216 197 62 18 129 46 74 67 316 
307 162 117 117 286 6 118 256 292 43 341 16 212 264 
299 297 301 19 0 248 169 149 174 191 267 314 50 255 
184 351 204 169 157 120 89 289 154 48 100 48 305 145 
173 280 320 147 159 246 311 274 74 34 209 183 13 220 
156 146 54 94 341 207 169 30 346 142 126 113 224 92 
294 349 248 341 10 45 341 238 344 31 85 87 141 153 
131 107 194 26 22 85 7 273 197 125 289 320 53 111 
165 2 1 45 273 139 104 279 75 268 182 53 214 298 
17 359 35 27 298 272 77 30 105 211 181 267 135 246 
122 234 262 137 161 34 234 357 130 234 290 234 27 308 
156 85 49 16 163 165 173 279 315 286 159 322 186 120 
145 23 101 169 144 81 18 182 74 179 6 95 178 297 
190 66 235 106 192 97 165 256 1 110 218 147 16 184 
272 48 116 61 61 354 347 248 267 77 310 162 61 149 
337 35 257 144 246 81 63 65 51 248 337 172 318 47 
113 193 183 345 95 266 138 212 104 308 43 261 118 333 
40 210 71 141 2 156 301 133 234 298 148 35 86 83 
191 54 39 172 122 83 168 246 250 261 348 60 247 64 
131 18 323 79 84 177 348 75 113 106 47 214 140 92 
67 341 323 180 272 73 247 315 109 46 18 125 187 89 
171 107 280 271 272 144 18 126 316 90 74 262 16 14 
175 259 318 34 94 145 204 1 218 323 107 284 159 10 
293 353 2 118 205 100 318 65 60 262 109 134 131 19 
30 84 227 104 188 100 109 248 101 266 64 86 56 131 
156 85 36 16 18 165 32 300 315 320 306 322 66 226 
202 218 248 300 98 2 338 94 277 280 56 116 117 145 
198 27 280 162 16 294 70 238 31 282 308 191 38 203 
98 205 361 304 260 269 61 154 49 217 268 205 330 279 
311 211 99 131 137 137 282 345 247 81 254 167 74 345 
341 93 151 220 214 21 272 227 239 271 297 254 198 75 
169 32 86 251 184 310 162 38 135 269 2 254 153 248 
146 299 352 351 363 141 244 283 347 76 361 84 282 77 
