25 25
3 18 16 5 4 21 24 19 16 5 24 21 19 6 8 24 9 4 6 6 21 11 19 24 2 
3 18 16 2 15 24 24 18 12 16 21 21 18 6 9 24 1 15 6 4 24 14 19 24 20 
22 6 11 21 14 11 19 5 24 13 7 4 3 3 23 14 11 7 16 4 3 20 12 5 15 
3 11 22 11 9 21 23 24 24 6 24 3 22 12 0 13 22 18 6 5 21 24 6 23 9 
2 11 0 6 1 19 16 22 14 5 1 1 2 5 20 19 11 15 3 19 3 9 3 7 6 
22 15 11 21 11 22 18 5 21 13 23 6 3 3 23 22 22 19 20 6 3 12 16 2 4 
20 11 9 15 9 23 16 11 11 16 10 0 5 12 12 23 22 6 3 23 3 9 3 18 6 
0 24 19 24 15 21 6 3 20 21 21 21 11 17 13 19 2 20 8 2 13 23 9 20 7 
3 18 20 17 15 24 21 19 2 5 21 24 7 6 8 21 0 15 6 15 24 14 13 21 2 
3 19 2 20 6 24 21 18 2 16 21 21 13 15 8 21 10 4 6 15 24 11 18 21 5 
3 23 12 2 15 21 24 7 12 16 24 21 13 15 8 24 1 6 4 6 24 22 19 21 5 
14 3 16 22 3 3 0 3 17 2 6 24 8 3 10 21 21 22 3 14 8 7 11 11 14 
14 15 14 24 11 11 19 5 24 7 13 4 3 3 7 22 22 7 17 4 3 12 20 20 15 
1 21 18 24 4 21 6 3 12 21 21 21 22 17 7 13 12 20 10 17 23 23 8 2 7 
11 3 2 22 3 3 9 3 17 12 15 24 9 3 1 24 21 11 3 11 9 18 11 11 22 
20 14 0 6 1 19 12 22 11 5 8 0 12 17 16 7 22 4 3 13 3 0 3 23 6 
14 4 14 24 22 11 18 16 21 23 23 15 3 3 19 14 11 7 17 15 3 16 16 16 6 
14 15 22 24 14 14 23 17 21 23 18 6 3 3 19 11 11 7 5 6 3 16 16 12 6 
10 24 23 24 15 21 15 3 12 21 21 21 14 20 7 19 12 12 10 20 13 7 0 17 13 
10 24 7 21 4 24 15 3 17 21 24 21 11 2 7 23 20 20 9 20 18 18 1 5 19 
14 15 11 21 11 11 13 17 21 13 23 4 3 3 7 14 11 19 2 4 3 12 5 12 15 
21 13 21 1 3 14 17 3 24 14 22 13 6 12 10 10 5 14 23 3 14 1 14 3 19 
14 3 5 11 3 3 10 3 17 2 15 24 9 3 1 21 24 22 3 11 9 23 14 11 14 
1 21 7 24 15 21 15 3 16 24 21 21 14 5 7 13 5 2 9 16 19 13 10 2 18 
21 18 24 8 3 22 16 3 24 11 22 19 4 16 1 10 16 22 18 3 22 9 11 3 19 
