233 23
188 218 152 79 56 151 221 62 17 147 168 194 6 135 87 6 90 100 152 3 12 131 201 
144 69 129 35 158 84 151 28 213 47 138 158 181 207 15 118 18 209 134 142 158 29 46 
54 218 203 113 4 98 65 98 157 193 202 202 49 182 29 95 24 123 70 65 21 190 120 
4 99 65 2 185 121 4 51 53 55 49 70 16 74 89 151 57 37 51 207 84 2 4 
187 66 50 50 172 218 167 54 202 185 153 131 106 65 20 125 154 65 74 39 196 65 197 
224 3 218 133 50 21 92 112 86 157 229 218 43 96 146 159 110 12 58 87 124 152 43 
111 208 7 195 208 104 22 77 222 100 194 142 4 51 148 61 47 63 25 12 63 18 215 
84 111 26 13 142 58 140 143 58 178 209 42 14 231 13 70 111 198 58 133 204 127 3 
138 215 12 190 135 203 104 87 217 124 97 167 0 12 81 170 133 54 196 143 154 84 192 
216 183 198 47 94 47 137 46 84 184 152 86 133 63 38 39 54 197 3 192 48 94 20 
200 18 9 40 86 50 140 171 41 148 159 112 56 182 104 4 84 211 91 98 112 143 204 
144 139 42 121 158 84 47 44 201 150 140 158 217 97 1 118 18 209 134 127 158 45 26 
184 65 151 187 115 103 3 142 8 56 157 87 152 77 45 142 62 86 121 224 191 66 149 
113 108 197 75 230 231 22 198 94 13 90 142 215 40 159 160 151 44 2 12 96 177 186 
181 133 19 65 51 132 12 28 93 87 24 129 175 44 108 231 3 7 123 199 51 65 85 
88 105 42 121 196 84 47 198 37 150 138 158 93 207 204 199 226 209 134 127 158 204 231 
7 82 195 135 196 1 170 207 93 92 113 132 89 87 87 221 215 46 152 41 169 50 75 
200 18 109 51 131 50 138 43 81 56 76 127 19 203 104 4 12 128 67 190 112 143 204 
87 47 124 215 216 43 169 50 87 218 113 116 231 146 56 192 20 178 146 209 50 23 65 
62 202 50 31 34 25 138 50 13 70 216 111 215 49 132 196 182 218 69 33 190 218 169 
229 113 205 47 191 148 108 200 16 114 171 125 124 12 50 142 74 177 132 148 198 40 75 
50 66 218 62 116 211 100 158 26 104 216 50 101 231 158 155 206 225 12 222 56 228 224 
158 218 34 152 105 50 87 83 80 25 138 191 177 211 137 143 180 41 194 58 228 7 101 
87 150 90 4 146 21 115 50 87 218 0 129 104 146 159 120 200 178 78 88 50 23 65 
148 109 152 147 169 210 120 177 128 44 87 152 50 160 210 2 165 214 100 201 89 127 6 
73 218 191 0 215 190 65 21 53 193 116 42 22 191 29 95 138 98 188 65 43 123 30 
88 111 174 84 168 202 193 74 11 93 17 6 99 14 0 138 132 87 2 47 81 35 8 
74 103 14 50 12 98 230 189 31 50 232 182 111 159 22 2 46 100 2 67 35 84 160 
58 178 184 209 53 47 218 21 87 115 46 131 129 225 16 180 77 219 112 193 42 213 15 
174 105 202 121 158 12 151 96 184 150 195 196 93 207 122 161 177 209 201 142 196 172 26 
195 186 84 43 135 191 104 87 57 107 108 193 113 84 197 14 133 54 196 169 175 84 120 
74 73 14 50 12 43 97 31 189 50 104 219 111 148 39 102 46 187 25 120 170 84 147 
20 187 141 137 185 152 116 143 57 159 84 71 229 151 3 23 164 127 78 159 6 3 79 
128 140 169 232 209 12 62 58 71 123 112 155 87 94 91 117 151 90 158 95 9 65 57 
123 220 133 40 39 183 119 50 80 172 158 132 58 208 49 132 217 160 25 76 88 211 21 
223 183 159 65 95 3 84 77 223 87 24 116 114 96 208 104 3 41 21 222 51 65 212 
200 100 141 101 185 152 202 143 223 130 12 103 102 151 3 92 164 112 146 130 187 132 70 
216 105 65 195 221 185 13 93 146 5 50 218 88 132 56 143 87 49 39 147 166 12 65 
146 183 77 151 222 150 137 104 12 37 152 178 133 44 211 85 103 197 132 120 192 199 166 
158 218 90 152 59 50 87 145 33 64 195 182 155 128 101 169 133 197 194 58 71 41 31 
78 74 127 227 77 96 194 140 218 215 100 201 37 124 74 101 191 127 106 67 119 79 31 
84 113 104 187 142 58 75 143 58 178 209 129 14 231 6 62 113 77 58 183 122 127 132 
87 97 206 182 44 209 138 35 232 156 143 196 132 84 157 216 78 203 4 128 35 134 34 
50 209 218 110 42 38 6 158 46 26 78 50 27 104 196 92 189 225 84 80 56 185 167 
58 86 134 144 17 151 218 98 87 115 46 131 202 142 99 89 198 182 225 60 42 37 172 
66 68 116 121 158 12 151 162 201 151 75 196 166 207 29 106 155 88 220 112 158 172 104 
174 111 174 12 82 116 61 119 1 200 227 13 16 35 0 195 3 87 2 151 197 121 30 
185 211 129 35 132 169 30 113 168 158 121 114 196 85 230 198 169 14 229 112 188 203 65 
140 215 84 43 135 191 26 87 223 194 230 193 0 84 41 35 180 103 158 143 176 84 91 
196 218 107 152 136 50 87 165 161 64 75 203 226 211 137 143 183 197 124 58 71 197 189 
152 223 207 200 171 115 88 118 132 89 35 71 43 116 36 203 189 39 179 158 14 80 210 
216 125 225 17 198 77 107 195 218 215 13 201 213 107 74 101 191 112 94 192 214 52 189 
41 169 151 91 86 135 78 203 185 213 227 192 87 188 20 152 0 183 46 147 87 202 87 
93 177 211 51 131 50 195 98 81 148 19 112 159 219 46 215 12 109 8 98 225 115 29 
210 185 78 231 42 206 203 215 135 97 178 196 58 131 183 106 209 218 175 58 110 10 217 
7 152 171 94 1 58 60 225 129 61 65 121 159 43 92 37 156 54 13 119 167 131 34 
156 116 50 101 194 229 140 50 100 188 78 0 4 149 3 158 191 218 59 118 123 218 115 
64 221 85 47 182 159 97 20 210 16 43 214 34 84 50 112 125 226 132 56 44 40 24 
90 132 87 50 189 140 225 7 14 142 143 191 148 218 52 79 225 6 130 60 53 174 212 
20 13 141 27 103 152 202 115 181 159 84 228 229 150 132 177 164 127 146 19 187 3 79 
212 35 57 136 180 121 196 34 218 230 70 133 93 49 26 23 119 64 113 110 12 169 204 
39 14 20 59 133 35 196 194 218 207 52 89 57 39 231 18 173 229 113 188 12 115 11 
81 143 150 120 178 214 216 182 228 37 10 48 87 62 20 152 113 183 231 160 87 116 87 
58 178 213 66 157 151 218 123 87 169 26 5 42 225 114 89 63 219 127 224 129 184 29 
73 218 203 113 186 43 65 43 10 193 202 129 205 191 122 95 75 43 62 65 43 123 48 
160 175 219 50 36 46 53 182 177 65 121 96 15 188 64 58 51 132 18 121 58 150 4 
183 169 114 141 86 204 67 218 65 22 141 61 225 83 64 181 146 31 8 152 187 111 152 
24 215 84 190 173 219 232 87 200 107 97 61 0 12 197 170 180 54 196 143 176 12 48 
223 13 119 82 54 152 202 115 20 56 12 54 229 47 132 18 126 225 78 76 187 132 179 
217 100 141 31 54 152 202 115 166 56 84 228 2 47 3 177 126 127 146 130 100 132 79 
197 143 151 8 5 119 78 191 54 134 10 48 87 179 20 152 113 180 26 60 87 116 87 
114 185 78 231 42 27 182 186 173 108 86 158 58 131 180 80 144 218 176 58 110 157 181 
41 152 21 161 172 58 60 112 202 61 65 14 76 21 23 201 188 71 13 214 60 131 90 
114 228 216 26 202 189 182 4 74 108 131 196 58 86 183 118 88 218 176 58 188 157 57 
69 215 99 52 86 187 205 144 58 43 113 207 1 219 169 98 81 66 87 126 71 47 172 
56 211 152 167 143 210 120 18 128 162 87 152 50 147 154 64 164 173 100 134 89 225 6 
70 202 50 101 107 2 138 50 187 179 146 221 4 85 132 158 182 218 36 106 43 218 115 
58 178 220 66 157 47 218 171 87 115 104 131 42 225 176 89 198 203 127 61 116 37 11 
216 43 162 135 184 185 226 128 51 113 203 205 107 143 127 152 132 152 191 24 31 152 6 
41 143 47 67 86 141 78 203 103 37 227 30 87 70 181 152 0 183 232 160 87 129 87 
38 195 143 231 66 12 110 58 228 98 142 155 87 161 91 117 151 90 196 95 9 65 93 
12 0 46 6 225 58 24 169 58 178 174 129 35 231 100 156 111 162 58 89 11 142 132 
119 103 14 50 12 190 97 101 31 50 26 219 111 130 205 25 46 187 25 30 14 84 61 
41 152 98 80 204 58 167 142 116 60 65 35 19 171 177 213 156 103 13 135 60 131 34 
134 65 151 6 169 54 132 142 192 159 10 87 152 77 172 225 52 178 14 167 203 66 22 
158 218 107 152 139 50 87 165 80 25 138 219 18 211 101 169 183 81 124 58 71 7 168 
193 132 218 180 50 98 177 142 86 227 64 218 123 162 78 76 79 12 58 87 194 152 21 
77 60 218 50 6 153 96 6 231 109 42 218 215 42 199 50 35 113 232 193 53 200 84 
183 169 176 74 131 29 67 218 65 149 74 193 127 165 102 20 146 168 30 152 6 221 152 
58 145 129 77 54 46 229 62 87 178 12 74 117 184 87 140 65 139 201 142 209 51 118 
123 201 180 95 39 89 119 50 80 204 158 132 58 230 49 132 57 61 102 76 88 211 171 
24 4 84 171 214 203 231 87 57 124 207 224 111 12 197 35 133 228 158 169 114 84 67 
87 150 34 4 78 123 143 50 87 218 113 129 232 216 56 48 93 131 216 66 50 23 65 
229 0 212 151 203 76 97 93 16 114 171 125 34 12 50 142 141 92 3 56 77 51 195 
9 75 115 26 144 12 156 58 73 190 112 155 87 118 91 55 151 90 158 51 9 65 93 
78 214 225 53 162 63 124 138 218 215 6 134 213 34 214 168 191 225 161 91 141 52 31 
58 86 37 144 10 47 218 98 87 143 26 178 116 225 99 180 28 191 127 147 42 134 45 
51 44 58 65 94 130 210 222 151 126 94 87 68 113 0 162 102 78 115 54 65 118 50 
50 144 218 70 202 38 13 196 232 46 216 50 27 232 196 23 82 225 84 222 159 185 61 
41 168 75 214 196 1 14 208 20 92 111 3 89 87 87 113 215 232 152 197 169 50 138 
113 208 81 138 230 231 22 28 199 13 34 225 186 95 56 60 150 28 102 12 198 155 4 
173 228 14 50 84 98 97 206 27 50 232 191 111 148 85 2 104 6 25 192 35 12 160 
73 218 219 221 4 98 65 123 53 167 202 202 205 182 29 95 195 21 156 65 123 123 192 
114 103 146 46 42 168 203 4 173 208 131 196 58 178 180 161 209 218 114 58 79 10 200 
174 111 174 84 168 42 160 125 122 181 227 13 16 121 0 195 3 87 2 150 81 121 120 
93 6 141 27 54 152 129 115 57 148 84 228 102 150 132 23 165 127 78 159 13 3 179 
128 75 115 232 174 12 110 58 73 190 142 155 87 80 67 126 150 124 196 40 128 65 223 
123 220 133 40 22 133 74 50 94 11 196 132 58 97 149 132 20 61 2 130 209 9 21 
51 96 58 65 106 19 175 118 47 145 106 87 136 0 113 198 229 216 143 228 65 161 50 
78 183 63 150 33 151 137 104 12 37 152 131 180 96 211 39 54 81 3 30 30 94 200 
81 169 151 67 178 173 78 182 228 201 227 67 87 79 93 152 0 89 46 147 87 42 87 
62 218 152 110 76 150 0 70 53 167 101 194 187 141 87 187 90 6 152 3 12 86 213 
218 38 174 225 191 169 52 65 144 3 143 114 98 95 120 97 196 137 40 77 115 132 152 
62 218 152 179 130 47 0 79 53 147 27 194 187 214 87 100 124 13 152 3 12 131 184 
81 101 138 135 196 172 35 97 57 155 111 3 183 87 87 0 4 231 152 41 143 50 140 
121 58 12 129 112 97 42 74 35 95 232 212 108 47 52 186 168 159 213 92 232 40 65 
87 230 101 219 63 66 195 35 232 70 115 196 3 84 17 216 78 219 215 128 14 201 194 
7 152 21 161 11 58 167 225 202 167 65 14 159 21 226 134 52 228 100 125 193 131 107 
109 24 115 231 144 12 110 58 73 43 225 92 87 33 120 55 150 107 158 51 128 65 200 
139 215 175 62 131 100 149 66 58 190 0 108 1 191 115 21 197 174 87 126 228 150 29 
75 186 84 21 214 182 231 87 93 194 230 193 111 84 197 35 180 54 158 143 210 84 30 
217 180 76 65 40 3 84 162 181 87 24 202 176 28 108 104 132 41 98 94 95 65 149 
88 69 129 35 196 84 47 77 163 151 140 158 20 208 204 106 226 66 220 112 158 29 26 
50 88 218 62 116 128 6 196 46 26 216 50 137 232 158 92 206 142 84 106 159 71 147 
190 201 180 51 85 89 125 50 94 204 158 132 58 208 85 3 181 160 64 130 174 128 43 
68 186 99 179 178 100 149 66 58 98 0 208 172 182 115 98 81 174 87 164 228 150 29 
7 152 171 80 45 58 60 112 129 60 65 170 159 171 18 201 179 185 187 141 60 86 124 
218 9 66 112 203 169 179 65 144 3 169 114 21 40 120 108 158 189 51 162 115 132 152 
78 133 63 47 222 151 101 231 12 184 152 86 180 28 38 49 73 7 3 192 67 94 20 
87 97 31 191 162 209 75 121 26 156 169 158 132 84 10 216 78 203 186 128 170 153 90 
110 202 50 31 124 2 195 50 13 52 78 113 186 149 3 196 182 218 136 33 43 218 115 
167 132 218 133 50 123 226 127 5 157 2 218 123 198 78 19 52 84 58 87 34 152 98 
215 154 65 64 73 35 4 51 53 145 212 188 175 74 180 150 217 37 95 97 84 2 215 
58 164 202 77 103 26 64 110 87 131 12 74 55 220 87 195 65 139 184 112 66 51 161 
146 105 65 75 113 185 100 223 78 5 50 218 174 132 56 143 87 85 205 193 20 12 65 
32 215 99 179 5 187 212 174 58 43 113 230 15 182 143 43 41 174 87 72 185 150 45 
200 100 214 27 54 152 116 143 166 148 12 71 229 47 132 23 164 142 216 159 13 3 110 
214 54 35 50 84 98 230 27 137 50 232 191 0 159 212 229 26 100 2 192 121 84 147 
148 9 152 61 143 176 8 18 211 44 87 152 50 193 154 64 72 173 100 163 89 142 13 
93 6 74 189 228 152 42 143 57 159 12 73 64 150 132 18 72 225 78 76 187 3 110 
56 9 152 193 169 154 120 18 9 162 87 152 50 224 175 2 55 173 13 220 133 142 100 
69 215 210 70 5 187 205 174 58 190 0 108 172 219 115 43 41 88 87 72 54 47 204 
218 211 209 142 182 169 79 65 144 3 115 114 171 40 8 97 158 189 40 162 169 3 152 
170 58 84 129 127 97 202 141 35 51 231 212 208 150 188 4 101 148 134 18 231 95 65 
180 169 175 74 178 11 91 218 65 205 74 167 112 164 64 223 78 168 30 152 100 221 152 
197 152 190 118 172 58 193 142 42 193 65 35 130 190 177 201 156 185 187 141 167 86 124 
146 43 63 74 153 54 177 211 40 111 191 212 34 115 225 152 3 152 203 24 31 152 100 
205 170 223 36 180 35 158 34 218 207 62 89 223 212 26 23 214 64 111 179 12 143 11 
79 202 50 137 194 2 138 50 6 156 78 221 215 49 3 196 191 218 139 222 190 218 143 
158 218 124 152 32 50 87 165 33 102 138 203 177 38 82 143 180 81 194 58 185 7 82 
73 128 116 121 3 169 67 0 27 158 121 99 158 149 207 44 169 170 102 127 79 203 65 
103 128 116 14 132 115 91 0 82 158 14 175 158 22 208 63 169 121 229 127 62 191 65 
183 41 79 127 78 229 126 8 51 87 11 208 50 152 205 155 23 47 42 65 47 152 152 
216 36 65 75 221 185 100 93 146 178 50 218 174 132 76 169 87 39 22 61 217 12 65 
7 82 75 173 196 1 14 207 20 92 113 132 180 87 87 221 215 231 152 197 143 50 75 
87 151 34 186 146 123 169 50 87 218 113 42 26 146 148 120 57 178 146 174 50 23 65 
197 115 150 120 178 141 216 203 185 134 17 120 87 52 57 152 221 133 231 224 87 202 87 
57 92 9 51 5 50 24 190 197 76 19 112 159 191 46 215 12 9 8 21 112 169 11 
65 66 99 193 152 12 50 65 211 40 146 87 39 203 85 10 87 141 1 66 87 90 118 
179 42 50 82 124 64 24 50 187 62 216 221 215 85 3 158 219 218 139 94 21 218 169 
205 14 20 59 133 170 158 124 218 230 79 180 223 85 104 177 173 229 111 62 84 115 45 
211 24 169 232 174 84 70 58 103 98 142 226 87 199 48 72 47 194 158 40 9 65 57 
58 86 201 144 17 47 218 123 87 115 231 178 129 127 154 180 162 191 142 147 129 37 45 
78 139 65 140 0 73 6 93 216 86 50 218 174 3 130 115 87 22 205 147 217 84 65 
7 152 43 199 29 58 167 225 116 160 65 35 159 98 18 213 179 54 100 119 160 5 194 
81 152 43 80 172 58 167 127 116 60 65 14 159 43 226 134 110 185 13 125 60 178 34 
102 221 22 47 191 76 230 217 154 16 43 135 194 84 50 142 135 23 3 130 162 95 75 
39 14 200 139 133 14 196 194 218 208 52 183 223 49 232 92 214 102 0 62 84 115 15 
141 228 35 50 12 21 208 31 206 50 26 182 0 130 39 102 46 187 64 8 14 12 60 
35 58 84 129 225 97 42 214 170 95 46 149 208 47 52 215 168 19 134 18 46 51 65 
217 183 56 65 40 132 12 198 93 87 75 42 114 63 230 231 132 81 43 199 51 65 22 
50 66 218 110 42 38 187 196 46 46 146 50 31 232 196 23 206 127 12 199 159 71 224 
174 105 129 14 158 12 151 162 201 47 75 158 20 208 29 106 92 174 201 225 196 122 26 
69 186 154 156 86 187 149 88 58 43 221 230 11 182 143 21 41 66 87 83 185 47 1 
89 169 210 119 131 172 91 218 65 39 141 167 142 165 2 200 146 82 192 152 6 0 152 
7 206 24 74 196 122 170 230 200 177 0 132 133 87 87 113 215 104 152 81 143 50 195 
41 137 138 125 158 45 35 207 20 23 221 132 133 87 87 0 186 46 152 7 169 50 138 
87 150 124 186 216 21 169 50 87 218 221 129 104 216 56 120 223 86 78 144 50 92 65 
160 132 218 183 50 123 92 142 86 53 102 218 190 198 216 56 62 84 58 87 124 152 171 
81 169 151 91 5 74 146 203 185 201 53 67 87 110 57 152 0 180 26 224 87 129 87 
58 145 42 162 103 46 102 156 87 178 84 135 126 163 87 195 65 68 201 225 88 51 80 
229 113 39 150 191 56 208 93 114 154 43 119 107 12 50 112 173 23 132 130 44 40 138 
97 152 54 163 48 12 73 152 229 75 132 33 29 50 228 169 26 106 62 222 218 88 188 
58 126 202 28 228 46 2 52 87 5 84 141 164 153 87 75 65 136 220 142 88 95 222 
78 69 65 24 113 185 100 166 78 131 50 218 144 132 76 143 87 22 212 193 200 12 65 
210 103 146 26 42 189 219 215 125 208 131 158 58 5 133 199 66 218 176 58 70 157 20 
187 144 50 50 45 218 167 103 129 228 184 131 199 65 57 214 16 65 214 22 158 65 81 
113 208 197 138 207 232 39 198 106 187 34 142 215 95 148 167 150 28 2 12 162 226 186 
81 143 150 8 86 173 78 191 185 220 53 67 87 79 93 152 111 183 104 147 87 202 87 
74 73 14 50 84 190 97 101 101 50 104 203 221 130 39 2 232 100 64 67 170 12 224 
50 66 218 52 202 9 13 158 232 232 216 50 137 232 196 23 206 142 12 94 19 103 160 
230 152 73 163 30 84 71 152 102 24 132 106 11 50 228 143 26 161 156 161 218 66 188 
195 215 84 123 173 203 104 87 181 90 207 61 221 12 81 170 133 54 196 115 154 84 30 
22 14 93 136 133 35 158 107 218 230 110 183 93 149 232 23 173 102 221 156 12 169 11 
171 153 183 95 39 89 214 50 199 172 158 132 58 207 149 132 181 167 102 56 66 38 123 
159 211 152 160 169 154 30 92 9 28 87 152 50 224 176 64 165 141 13 134 133 142 100 
65 66 114 60 152 84 50 65 211 95 78 87 212 191 49 157 87 135 1 66 87 90 80 
84 0 232 187 142 58 140 143 58 131 209 202 35 104 187 62 0 198 58 133 15 112 3 
58 178 163 66 157 150 218 171 87 169 104 131 116 142 176 89 198 182 112 61 129 213 11 
38 140 169 46 174 12 156 58 228 21 127 177 87 94 91 126 151 90 158 51 38 65 223 
2 111 205 151 182 159 207 93 175 114 43 141 90 12 50 127 74 23 132 56 162 51 24 
78 139 65 138 221 185 100 200 78 131 50 218 209 3 159 143 87 49 212 60 57 84 65 
87 207 168 203 198 88 140 170 231 179 115 196 3 84 17 146 146 191 4 38 121 220 194 
208 152 103 37 120 84 103 152 229 75 3 80 1 50 185 169 104 222 156 161 218 209 179 
209 32 129 170 158 12 150 44 163 151 140 196 166 207 15 199 155 174 201 112 158 29 231 
158 218 90 152 59 50 87 72 222 64 138 219 177 9 27 143 183 41 34 58 73 81 101 
119 71 35 50 84 171 108 82 189 50 46 219 113 130 149 102 232 187 229 120 14 84 61 
51 28 58 65 161 130 114 80 150 117 161 87 32 111 113 63 64 216 169 103 65 94 50 
51 96 58 65 80 19 175 222 47 145 199 87 69 111 0 198 102 146 143 185 65 33 50 
180 169 99 135 86 45 120 218 65 22 214 61 225 164 25 166 146 82 8 152 13 221 152 
41 168 195 119 196 204 35 208 181 226 221 132 183 87 87 221 4 46 152 81 115 50 195 
146 133 63 47 199 47 189 104 84 153 152 5 133 198 128 39 54 81 132 67 91 118 20 
196 218 34 152 59 50 87 165 222 64 24 203 18 211 82 169 89 81 90 58 73 7 82 
146 69 65 24 0 71 187 223 146 5 50 218 209 132 56 169 87 205 22 160 20 12 65 
59 4 16 179 131 6 205 66 58 43 111 108 15 182 143 171 7 88 87 126 228 47 204 
100 66 50 50 15 218 193 228 116 73 153 178 222 65 20 119 210 65 141 22 158 65 197 
216 190 162 214 213 185 18 128 40 113 219 49 34 169 112 152 3 152 203 140 31 152 187 
102 113 49 47 219 159 230 223 154 210 21 214 124 84 50 225 141 177 3 19 77 95 195 
73 21 192 170 34 140 113 3 129 129 115 124 226 40 4 65 48 87 96 102 87 142 38 
97 152 228 184 48 12 185 152 229 195 132 106 11 50 73 169 46 80 110 94 218 209 179 
216 105 65 140 113 185 187 20 216 178 50 218 174 3 76 169 87 205 22 147 57 12 65 
52 218 152 79 19 150 111 110 227 167 31 107 187 141 87 13 124 13 152 3 84 86 163 
211 140 143 26 209 84 179 58 71 123 142 92 87 222 8 126 151 124 158 51 128 65 217 
229 221 85 150 219 19 207 223 16 16 123 135 107 12 50 112 135 155 3 19 198 40 138 
39 170 20 139 183 170 196 194 218 208 156 133 166 22 26 23 125 229 113 179 12 143 172 
218 38 209 127 191 143 179 65 66 132 143 154 171 51 67 97 196 31 51 162 143 3 152 
87 150 124 4 216 98 143 50 87 218 113 202 46 216 148 120 223 178 216 144 50 226 65 
93 177 38 51 131 50 140 98 197 130 159 225 130 191 26 215 12 109 30 21 112 169 45 
99 71 146 46 116 137 182 4 125 208 178 196 58 131 180 94 66 218 210 58 156 53 57 
73 218 219 113 4 190 65 171 10 167 42 202 85 203 122 51 24 21 70 65 123 98 30 
51 198 58 65 94 130 99 161 151 165 80 87 136 221 0 96 64 146 143 73 65 80 50 
174 221 144 84 168 116 160 119 45 20 17 100 176 14 113 75 3 87 2 47 81 170 120 
174 221 209 84 27 129 167 125 122 93 157 13 16 14 111 24 3 87 229 151 7 35 48 
