559 1
301 
112 
28 
15 
301 
429 
537 
464 
556 
241 
312 
436 
162 
436 
276 
64 
155 
384 
155 
97 
367 
97 
233 
514 
108 
140 
336 
343 
434 
247 
27 
310 
404 
301 
316 
32 
129 
217 
414 
532 
187 
288 
544 
522 
96 
556 
118 
524 
145 
155 
72 
478 
403 
404 
497 
367 
276 
552 
333 
436 
91 
425 
72 
3 
297 
96 
155 
315 
72 
521 
557 
408 
533 
406 
118 
557 
430 
344 
345 
215 
430 
311 
88 
233 
89 
154 
227 
145 
366 
492 
351 
498 
97 
335 
526 
443 
233 
112 
225 
474 
343 
320 
105 
552 
241 
204 
522 
522 
483 
163 
8 
164 
277 
323 
471 
404 
430 
402 
341 
346 
483 
156 
155 
526 
301 
335 
464 
83 
147 
492 
195 
10 
118 
359 
296 
135 
215 
51 
317 
556 
355 
55 
118 
133 
322 
230 
499 
447 
205 
371 
117 
414 
420 
223 
384 
305 
24 
351 
335 
145 
408 
16 
538 
97 
544 
230 
382 
133 
6 
384 
497 
208 
403 
55 
133 
118 
303 
333 
356 
464 
170 
96 
276 
501 
118 
266 
91 
466 
140 
51 
61 
137 
55 
557 
78 
55 
413 
456 
418 
15 
558 
153 
456 
78 
233 
183 
459 
283 
370 
127 
39 
257 
408 
312 
436 
490 
118 
63 
195 
374 
6 
547 
121 
335 
16 
533 
208 
163 
436 
86 
55 
199 
333 
261 
384 
370 
30 
345 
280 
483 
508 
354 
550 
117 
113 
224 
483 
186 
335 
51 
246 
17 
526 
72 
367 
91 
483 
346 
456 
55 
199 
450 
115 
280 
151 
558 
509 
225 
547 
22 
77 
61 
235 
552 
249 
547 
464 
358 
80 
69 
115 
61 
483 
5 
110 
323 
61 
513 
51 
276 
408 
92 
534 
492 
447 
497 
156 
541 
557 
225 
322 
405 
133 
113 
450 
483 
129 
61 
205 
31 
338 
509 
540 
386 
311 
345 
176 
285 
40 
336 
507 
196 
534 
354 
520 
30 
154 
301 
450 
355 
311 
487 
117 
336 
496 
553 
287 
187 
28 
105 
235 
483 
333 
92 
83 
452 
312 
92 
456 
3 
447 
366 
449 
429 
354 
129 
187 
231 
520 
71 
353 
411 
32 
246 
508 
110 
388 
485 
85 
354 
357 
345 
187 
357 
436 
509 
161 
553 
235 
108 
533 
170 
255 
436 
95 
56 
16 
176 
246 
356 
544 
519 
503 
485 
284 
55 
333 
276 
171 
436 
339 
356 
498 
51 
283 
208 
285 
362 
346 
414 
301 
557 
117 
49 
110 
509 
558 
201 
171 
556 
359 
193 
386 
59 
414 
95 
35 
456 
553 
71 
384 
3 
162 
356 
436 
163 
97 
205 
404 
339 
136 
492 
497 
532 
436 
557 
291 
249 
108 
321 
361 
244 
65 
233 
71 
287 
235 
454 
503 
303 
205 
289 
183 
89 
237 
189 
108 
219 
335 
289 
447 
553 
164 
207 
223 
155 
503 
457 
490 
257 
534 
404 
44 
553 
117 
106 
96 
105 
522 
70 
96 
465 
129 
195 
131 
189 
425 
512 
175 
175 
552 
534 
136 
533 
310 
462 
532 
233 
354 
86 
536 
110 
96 
219 
196 
483 
83 
246 
234 
537 
283 
474 
404 
464 
485 
434 
310 
101 
508 
155 
301 
404 
7 
316 
95 
235 
345 
357 
160 
556 
358 
464 
455 
557 
86 
296 
6 
230 
156 
117 
176 
235 
8 
519 
173 
122 
86 
1 
51 
