826 25
421 71 4 785 21 821 761 148 729 111 374 406 718 671 811 528 690 680 787 330 247 57 817 823 444 
645 535 818 725 782 87 778 305 760 713 609 562 138 398 806 732 574 820 55 374 492 181 547 95 265 
292 678 614 101 458 129 7 580 721 136 282 576 136 464 548 553 457 295 179 384 723 772 152 631 167 
49 599 624 466 715 504 491 390 37 21 315 394 86 546 520 781 810 712 150 545 577 709 476 170 104 
474 624 128 804 257 32 661 604 517 465 322 420 193 509 537 342 198 804 481 636 28 719 399 425 662 
729 219 90 446 242 216 186 571 192 374 611 694 371 487 468 669 319 661 621 311 630 728 171 361 483 
416 366 507 618 36 517 221 61 456 403 388 458 180 470 321 792 488 316 201 653 401 493 498 434 90 
263 178 307 803 179 301 164 509 84 395 269 490 655 821 243 586 774 329 232 107 421 650 528 238 232 
473 100 440 106 691 430 819 167 628 394 350 691 226 585 601 422 531 167 221 174 509 179 703 706 118 
109 635 729 802 429 580 273 280 318 182 576 411 209 625 310 14 421 712 484 471 565 773 307 48 714 
742 632 154 290 543 105 712 57 690 783 58 474 195 728 557 330 41 358 408 593 611 57 724 353 563 
57 552 766 407 671 116 722 728 401 7 324 823 814 213 546 191 179 250 657 528 436 213 643 788 75 
467 504 729 14 626 580 71 703 199 426 177 411 279 541 422 802 421 712 380 607 565 688 167 410 714 
34 213 650 97 235 552 88 207 276 709 69 693 763 541 579 528 505 762 7 352 179 91 652 88 297 
199 712 634 719 89 349 280 575 189 557 473 690 721 57 405 407 687 661 7 814 690 136 12 626 540 
192 207 678 310 564 213 258 553 346 421 550 459 694 624 148 594 634 409 451 697 785 741 751 736 719 
712 504 525 591 440 332 567 149 705 512 637 385 76 794 65 610 354 375 800 627 134 207 84 90 289 
397 661 210 321 259 322 164 430 302 222 373 327 704 506 432 733 7 645 353 461 314 719 549 763 125 
516 58 246 3 49 466 229 268 124 647 631 571 547 587 288 620 457 803 577 785 819 818 698 671 483 
192 712 302 666 119 411 595 55 547 184 623 768 729 788 82 301 806 719 751 241 754 481 661 412 57 
179 747 611 348 247 188 273 455 246 612 663 122 365 723 212 579 232 391 411 824 697 440 264 452 405 
589 553 42 648 135 55 153 128 325 196 755 57 585 94 336 272 209 233 516 260 661 411 255 255 668 
618 712 39 666 66 411 50 55 670 371 317 768 729 455 82 100 806 719 735 786 803 481 661 112 57 
229 712 302 198 464 411 62 678 547 801 538 768 729 455 128 822 806 719 818 95 754 488 661 112 57 
239 63 598 147 231 134 681 142 332 806 390 690 319 303 278 338 809 779 767 557 541 419 85 661 528 
45 469 394 357 779 747 90 601 498 57 310 823 718 520 587 488 757 538 242 613 694 188 803 168 302 
481 812 462 150 424 420 785 176 633 22 388 309 576 349 177 41 198 714 265 461 146 768 656 434 244 
507 728 502 170 677 221 513 371 446 772 32 204 149 667 610 514 621 232 57 481 232 97 403 408 393 
479 283 687 16 332 657 628 514 107 696 486 528 411 67 71 411 717 232 661 221 179 435 83 819 36 
659 725 683 256 582 380 17 90 173 526 778 579 80 592 247 817 528 440 724 766 234 154 167 57 16 
796 607 34 708 97 620 275 488 807 504 729 412 816 292 361 491 648 90 266 719 559 580 729 232 676 
650 655 90 241 395 654 635 458 485 313 499 134 723 787 175 479 570 92 615 90 162 648 750 365 451 
618 207 55 310 564 421 258 560 362 106 146 444 42 624 148 355 266 482 390 697 247 131 26 406 719 
190 343 115 607 110 617 709 483 362 394 414 738 29 437 207 572 514 42 291 182 729 807 188 90 398 
245 55 491 197 458 129 7 605 275 782 33 144 398 119 359 599 457 479 179 285 498 126 393 465 307 
218 758 454 639 445 678 435 709 716 622 823 628 643 57 812 557 235 422 446 164 405 822 726 101 343 
768 440 246 341 624 342 169 755 690 274 166 754 724 593 171 254 268 344 638 221 334 712 15 403 728 
789 156 405 611 276 591 253 411 628 366 301 69 247 209 490 280 664 100 820 465 748 611 206 248 767 
222 90 725 155 628 329 179 247 238 481 566 390 84 277 142 661 62 73 316 671 810 524 438 628 438 
785 178 480 188 576 489 41 496 352 74 762 679 721 678 255 31 7 609 97 93 75 48 712 221 45 
287 0 14 128 543 817 712 57 690 77 58 474 589 728 557 330 274 455 408 671 307 57 751 353 84 
690 593 558 719 703 196 332 7 8 363 431 90 170 313 416 684 138 730 167 31 473 690 769 108 569 
638 628 488 240 574 398 174 330 541 433 321 637 289 302 396 235 729 117 493 570 217 305 303 787 327 
374 557 521 366 237 235 368 454 169 693 159 247 523 477 734 671 156 280 783 777 426 64 156 754 246 
527 468 670 200 400 321 500 57 678 725 39 242 76 548 375 719 157 581 782 386 491 142 57 528 729 
21 592 19 232 745 601 290 127 23 686 237 136 311 227 103 180 57 235 726 309 246 147 207 7 313 
481 511 776 232 221 354 53 641 745 63 560 7 289 464 168 445 670 697 729 7 557 138 388 712 782 
190 607 525 674 310 194 629 488 159 212 729 412 686 206 259 259 149 122 408 719 439 432 729 232 409 
650 693 213 661 247 34 547 197 245 52 118 230 521 57 613 122 129 713 465 795 247 528 10 769 729 
822 207 678 97 19 213 613 599 149 213 288 603 42 624 609 617 401 409 451 697 785 535 341 687 719 
481 33 179 684 11 79 489 247 613 159 644 720 243 467 824 182 415 352 506 823 235 313 410 421 122 
246 118 363 400 528 596 804 140 734 122 31 276 593 124 223 504 90 407 747 495 221 57 290 208 39 
229 207 678 422 472 213 436 397 346 213 288 211 693 678 716 617 401 264 430 697 247 363 818 406 719 
712 214 463 393 440 332 437 346 98 344 240 385 16 655 790 610 457 604 442 315 424 207 18 90 316 
806 72 742 61 509 664 799 142 375 395 430 690 495 86 262 338 809 779 300 557 533 616 293 661 528 
779 207 312 143 724 500 7 394 244 61 277 800 697 740 759 514 128 528 73 691 723 611 317 710 749 
747 219 272 247 436 287 135 492 148 825 394 764 337 101 106 519 781 226 124 220 742 687 135 398 284 
179 118 502 454 358 596 538 478 825 237 240 384 813 221 601 221 367 719 106 419 486 380 283 256 256 
195 553 699 362 10 678 318 701 10 474 491 57 159 87 671 355 209 591 542 260 661 411 255 200 510 
474 678 701 717 377 32 661 332 171 400 8 247 469 509 320 317 542 68 481 96 188 719 515 130 261 
729 243 122 577 819 95 96 571 677 374 167 42 371 523 248 669 495 661 245 544 630 728 517 614 483 
436 446 57 28 342 393 779 320 199 344 387 397 267 387 0 106 273 77 390 663 237 692 317 106 781 
488 282 179 54 264 578 645 420 306 505 636 506 485 283 572 552 190 149 506 391 235 170 483 213 122 
220 207 342 237 442 316 179 317 535 98 114 116 24 79 460 486 83 57 231 235 159 425 366 712 231 
232 344 629 131 661 290 147 246 209 539 391 165 422 126 102 697 594 62 279 703 754 486 745 792 374 
453 207 413 237 386 46 179 342 99 98 608 635 805 79 389 486 432 57 509 235 807 333 237 712 509 
371 281 648 231 666 580 578 183 719 546 624 200 528 446 746 201 606 185 105 548 60 279 650 128 490 
213 321 553 0 205 374 501 631 672 557 55 456 347 263 75 712 108 514 93 653 13 49 611 587 366 
401 147 374 802 483 393 582 394 627 435 145 37 781 718 131 173 647 507 144 521 64 645 33 302 366 
765 550 819 247 101 171 700 528 3 785 561 544 214 329 688 496 339 40 487 568 712 458 768 813 707 
186 610 473 179 263 205 533 136 140 337 221 47 617 822 424 37 48 608 774 668 214 603 156 567 652 
714 435 363 821 528 692 717 652 281 122 263 437 305 738 764 214 90 407 435 392 725 57 701 455 39 
18 207 342 366 442 316 179 538 749 98 209 214 54 13 46 486 143 57 509 235 585 425 366 712 231 
21 653 19 232 63 709 82 111 23 686 366 136 72 163 103 468 57 235 42 176 246 61 207 7 313 
61 194 176 690 13 661 606 618 130 106 789 572 608 353 352 351 796 258 130 116 504 395 314 444 222 
703 106 457 52 357 458 89 354 526 446 752 624 463 2 18 465 7 394 72 410 595 692 745 263 686 
712 529 463 152 175 205 769 519 555 344 377 338 76 297 575 779 457 265 442 154 134 207 520 122 46 
762 588 512 712 512 622 310 62 251 443 728 304 124 411 430 481 309 560 56 396 221 156 467 713 816 
106 649 59 247 21 400 442 609 729 111 374 406 718 698 689 528 690 14 763 728 420 57 817 823 350 
2 213 650 422 235 396 13 207 567 601 772 699 645 120 458 528 159 762 7 519 179 68 652 707 323 
525 661 804 414 36 406 477 533 618 658 781 621 110 319 451 687 178 242 780 601 176 754 481 488 338 
423 604 236 803 556 185 821 784 818 147 227 319 813 690 307 35 532 774 165 392 406 142 329 709 445 
140 237 720 618 125 382 725 147 64 783 419 579 248 515 321 552 481 683 329 402 634 452 723 700 90 
626 639 272 420 436 335 117 492 609 150 394 223 337 280 213 648 781 730 692 251 335 736 365 136 214 
281 58 246 651 158 795 822 808 738 89 400 571 180 574 224 490 354 754 446 247 819 818 810 593 410 
227 90 208 652 582 48 441 812 238 362 17 429 486 454 633 657 236 518 352 49 125 90 658 386 90 
327 235 91 221 568 150 71 242 615 258 475 814 607 167 108 26 703 156 7 569 188 21 732 746 207 
332 481 465 352 778 73 111 106 252 799 374 395 724 557 103 570 712 573 528 557 11 207 31 769 469 
34 213 178 310 235 182 79 207 29 601 69 693 763 380 458 528 159 762 7 149 179 68 652 270 297 
463 213 600 97 235 396 270 207 29 601 103 42 763 162 458 528 585 609 7 346 179 633 652 89 228 
12 680 666 576 590 805 285 299 122 248 161 704 35 109 719 661 177 70 443 773 253 332 550 268 628 
328 61 374 802 410 530 554 394 315 747 580 553 781 718 556 173 89 503 576 710 314 763 282 546 366 
332 481 400 352 630 156 816 106 252 153 374 784 751 557 103 195 712 397 528 557 676 207 809 104 193 
481 371 21 232 221 407 16 507 544 544 37 7 683 66 168 646 180 697 729 7 557 84 722 712 136 
332 481 631 362 778 534 569 421 476 318 374 806 26 557 772 371 712 599 528 557 710 207 263 567 175 
280 213 354 583 62 579 13 303 360 446 752 55 2 34 520 465 7 781 745 410 357 738 72 31 569 
729 798 122 294 242 95 644 3 229 374 167 699 371 189 180 252 234 661 168 575 129 330 663 404 410 
411 721 820 349 39 632 416 31 429 398 658 231 419 596 303 167 669 129 9 196 352 312 655 575 474 
571 300 354 471 774 308 551 124 299 427 132 73 661 712 528 585 429 396 73 734 394 242 21 308 691 
661 610 644 731 542 734 716 677 621 69 727 505 455 203 355 220 327 734 232 207 129 440 94 719 311 
725 299 311 182 331 646 383 586 695 431 14 303 772 543 16 719 658 107 293 798 794 232 699 300 127 
39 321 583 781 268 272 330 426 729 297 90 611 541 445 331 226 394 144 90 25 709 652 198 255 160 
458 122 221 464 628 201 179 420 246 481 190 223 18 633 388 661 357 534 460 336 671 208 438 628 28 
640 417 242 247 101 663 664 528 571 785 771 575 529 201 36 496 439 572 607 721 712 222 77 813 13 
279 221 316 208 443 162 671 122 290 368 643 579 80 402 247 102 528 469 751 571 691 802 307 57 348 
579 122 725 66 628 329 179 785 246 488 427 223 18 675 388 661 62 45 289 305 593 788 188 628 438 
340 528 825 287 222 232 720 254 301 426 275 373 237 221 673 760 446 207 398 728 807 103 10 12 698 
226 226 687 160 719 31 696 293 526 332 627 557 394 418 520 440 375 178 481 728 729 390 640 489 2 
374 557 710 237 237 235 176 582 169 726 505 247 487 329 542 810 73 280 768 542 552 64 808 754 238 
264 80 528 661 728 759 528 306 9 80 638 162 395 690 92 559 249 777 202 429 206 453 585 35 59 
301 207 624 310 564 213 258 466 149 106 417 1 694 624 609 617 634 409 430 646 785 749 751 736 719 
506 330 675 80 822 725 183 184 446 772 583 16 149 667 513 514 206 232 57 481 232 97 783 269 152 
147 97 699 754 527 375 635 92 62 237 557 151 462 321 158 433 426 213 628 778 735 332 329 207 81 
364 678 624 461 661 819 122 366 199 309 686 182 179 401 14 723 624 594 717 539 242 374 721 57 642 
687 537 498 500 376 518 237 605 819 815 197 310 313 728 300 423 411 807 820 411 661 528 661 239 633 
239 790 92 147 509 286 799 722 332 239 451 690 234 86 456 385 809 183 464 557 674 616 582 661 528 
186 793 473 179 809 332 541 136 416 684 725 370 252 677 480 466 410 279 737 414 116 459 73 29 140 
287 0 14 173 697 105 712 57 690 746 58 539 801 728 557 330 275 455 654 593 611 57 341 754 520 
173 118 207 309 786 611 179 728 406 431 427 231 586 331 271 197 595 481 557 537 369 7 125 7 182 
511 542 519 231 756 381 758 513 719 546 624 249 528 577 141 201 482 417 38 493 644 565 600 6 402 
238 712 813 639 757 202 725 174 215 528 722 628 179 231 97 486 682 670 362 224 101 557 85 473 446 
723 341 179 608 38 170 251 150 478 61 293 616 256 185 499 440 781 725 600 7 3 398 661 525 310 
177 14 756 177 745 337 492 442 122 468 161 189 474 283 719 661 12 635 454 210 253 205 146 743 628 
589 799 394 179 373 124 205 719 556 716 142 198 232 757 446 803 419 747 222 321 458 469 668 159 579 
577 7 517 761 258 372 489 74 581 129 21 334 771 34 732 440 225 38 314 711 712 222 451 285 164 
141 193 714 532 678 347 653 259 690 629 370 803 818 671 382 377 156 344 671 221 334 712 158 768 330 
765 146 819 420 280 663 480 528 766 420 649 590 116 329 125 586 731 117 704 629 712 222 403 577 270 
507 330 277 170 656 725 513 619 294 103 15 53 352 689 183 431 621 232 57 481 232 310 403 326 530 
140 366 74 229 773 382 725 147 64 141 419 579 248 470 321 396 481 161 477 620 266 340 498 424 122 
147 422 694 353 527 332 70 823 62 366 557 794 462 750 441 592 552 106 628 812 751 205 477 207 762 
570 199 781 179 322 596 604 719 363 81 217 777 232 553 813 803 217 747 222 321 579 469 19 807 222 
661 183 186 731 756 198 81 100 621 103 331 159 788 22 617 563 748 734 232 207 778 193 335 719 544 
106 574 320 785 21 631 299 609 729 789 374 406 718 698 662 528 690 315 226 330 247 57 38 598 444 
605 35 179 709 359 167 498 319 161 193 63 652 712 525 170 348 775 481 232 118 528 112 321 767 711 
393 232 710 452 7 201 594 235 814 398 242 37 648 652 398 179 498 33 477 416 313 681 405 207 232 
92 632 627 6 543 817 712 57 690 783 21 196 371 728 557 330 41 685 269 17 611 57 751 754 138 
803 639 664 690 806 207 358 383 661 247 557 300 820 436 395 168 482 648 631 518 478 299 31 548 467 
106 750 466 759 604 374 30 631 0 557 678 172 317 809 216 712 413 431 93 490 13 441 307 561 237 
198 21 486 3 32 795 618 743 738 758 465 3 248 71 185 620 354 353 813 785 242 751 593 17 410 
522 507 511 484 677 284 342 731 542 667 773 94 86 750 643 728 473 147 451 420 812 57 538 750 785 
41 18 79 307 557 420 528 232 84 481 14 31 675 294 557 766 90 538 605 80 242 823 454 392 212 
716 592 344 712 344 471 97 62 18 443 728 143 596 411 139 488 282 466 143 792 725 156 467 152 127 
723 154 368 627 451 294 490 705 557 544 81 434 507 396 821 61 435 689 712 738 192 651 611 475 61 
118 485 272 247 597 823 824 770 81 150 394 451 337 703 106 648 394 645 738 563 823 736 135 136 70 
467 212 729 802 429 83 587 197 799 426 576 411 114 708 310 14 213 712 380 471 608 773 167 48 246 
747 219 617 420 436 87 572 492 609 531 394 390 54 703 213 362 781 787 738 453 391 406 10 136 212 
370 784 189 813 739 678 164 481 374 514 713 393 179 307 750 274 242 709 114 96 725 111 576 291 167 
306 577 57 188 43 393 25 187 318 344 470 757 536 267 632 421 51 746 451 517 366 596 623 106 781 
123 265 50 754 741 417 631 806 751 147 163 113 294 690 611 174 26 811 786 392 687 217 477 709 697 
261 297 226 251 728 482 149 435 681 736 778 188 449 177 96 273 465 128 329 709 422 420 7 18 429 
235 537 139 167 679 0 785 129 48 394 590 84 48 577 77 34 725 234 64 18 206 692 490 819 747 
435 770 295 663 326 12 186 80 3 179 398 75 285 232 542 221 473 764 561 185 101 334 52 406 263 
796 661 295 124 460 667 235 422 488 714 39 410 772 136 342 76 263 600 235 450 784 694 633 462 336 
92 652 626 177 755 57 34 43 565 472 526 179 104 213 374 90 58 721 611 235 17 173 657 321 819 
428 712 401 719 578 799 280 63 189 557 512 690 721 57 125 354 736 661 7 285 690 136 9 626 177 
801 666 149 231 666 56 707 25 719 302 55 733 528 577 141 201 482 417 105 555 636 565 462 128 433 
776 592 22 232 745 718 290 111 472 789 237 782 311 227 657 248 57 235 42 282 714 147 207 7 313 
395 544 391 61 231 191 349 616 375 784 764 690 319 86 64 545 31 658 300 557 380 217 554 661 528 
677 207 678 97 510 421 597 757 346 421 146 461 42 55 148 740 401 606 430 543 785 363 724 736 719 
276 147 575 306 410 330 416 636 44 48 514 787 797 714 307 569 690 352 690 417 712 270 690 124 70 
479 467 406 551 375 103 628 514 361 479 246 528 411 387 71 411 804 232 661 725 179 435 432 242 773 
488 589 58 232 221 378 53 503 72 63 573 7 289 464 245 697 468 646 729 7 557 251 419 712 782 
714 712 813 243 573 368 725 35 586 528 388 628 179 231 97 714 326 670 519 417 703 557 554 344 813 
235 537 139 307 228 78 420 112 483 781 72 18 497 446 768 463 221 234 278 84 168 124 402 819 435 
220 819 103 411 469 192 797 481 293 137 149 27 763 639 454 109 227 235 481 747 213 69 286 719 770 
197 421 86 583 50 222 647 354 368 577 338 55 463 463 251 465 7 394 544 410 357 124 790 31 816 
20 189 2 484 310 402 225 488 807 70 729 412 127 206 491 755 519 90 326 719 339 83 729 232 676 
188 483 235 661 466 729 566 14 446 759 561 563 108 423 324 374 136 154 225 453 461 528 249 785 239 
768 638 332 105 659 750 297 294 819 608 235 498 697 158 621 703 7 174 494 578 597 254 219 57 811 
329 470 90 51 781 463 476 628 643 340 458 384 207 259 179 201 414 167 167 345 649 179 54 398 521 
463 661 804 203 210 406 201 533 822 610 394 621 583 495 223 736 178 242 385 718 282 803 481 481 376 
820 618 406 785 97 381 391 589 235 574 375 539 33 716 420 174 687 426 437 346 17 237 498 90 39 
232 512 721 556 661 82 147 486 114 196 335 165 422 69 102 697 615 595 279 280 754 486 790 552 374 
140 366 343 192 36 517 221 147 278 77 419 458 468 470 321 552 488 93 477 169 682 705 723 134 122 
691 647 443 219 646 678 429 601 81 189 94 628 129 57 812 557 235 310 294 240 773 229 726 101 503 
157 729 88 744 6 474 819 138 72 313 557 611 239 768 820 321 509 714 792 410 353 528 242 480 430 
415 507 115 523 441 617 709 483 352 394 510 815 437 276 207 572 820 694 715 396 729 505 438 90 136 
467 284 729 14 747 432 574 197 428 396 540 411 659 484 310 154 421 712 541 704 565 405 307 410 714 
103 318 651 545 21 586 366 762 637 641 470 628 341 628 714 500 802 172 787 431 55 393 32 287 246 
353 235 173 672 661 108 433 188 102 7 220 143 714 205 671 546 576 120 433 611 421 729 307 646 528 
329 416 145 280 557 273 53 697 222 271 423 725 420 393 313 467 633 498 48 201 170 235 124 528 136 
189 399 313 411 75 158 445 54 821 101 528 794 562 565 762 195 506 417 488 127 106 710 500 767 218 
411 725 32 16 551 509 232 130 526 297 106 416 505 219 53 424 572 188 133 247 640 154 116 103 288 
73 193 394 50 610 429 90 718 498 57 97 87 718 251 574 481 599 108 819 597 475 438 803 245 39 
723 341 179 114 327 313 18 531 478 61 582 616 788 417 501 469 781 221 462 7 3 398 661 525 422 
695 239 189 294 373 624 164 488 374 820 152 152 179 611 750 753 242 601 565 636 725 111 540 685 611 
729 798 90 294 819 75 186 766 100 374 611 726 184 704 248 740 691 661 292 745 643 728 663 259 48 
539 678 128 717 642 52 661 604 382 631 739 785 175 231 59 538 351 91 481 96 188 719 515 558 774 
696 467 736 53 332 772 628 820 361 479 246 528 411 267 771 411 675 232 661 221 179 747 145 242 478 
26 654 640 481 198 170 205 705 29 186 392 235 6 119 728 729 552 57 434 716 238 52 147 76 25 
179 429 167 76 420 28 587 685 714 20 518 122 824 723 214 222 232 92 411 135 445 175 606 705 773 
152 232 409 555 7 329 669 235 285 136 242 37 648 416 398 179 723 176 329 652 170 349 688 207 232 
725 800 590 792 200 697 547 496 449 514 14 303 103 697 204 719 658 450 454 485 151 232 42 300 111 
54 729 89 320 6 174 242 84 544 80 557 167 395 141 514 321 231 486 426 497 754 528 242 191 223 
201 379 122 574 781 525 355 628 643 359 579 665 207 404 179 201 414 611 611 637 561 179 24 782 409 
498 751 179 114 817 313 220 494 773 61 454 419 685 185 370 440 394 725 462 7 571 136 661 463 310 
392 89 454 219 697 678 747 601 609 500 335 628 630 57 778 557 235 310 813 345 210 192 694 280 507 
39 321 15 394 534 252 330 792 729 655 90 307 162 445 331 787 781 12 90 658 709 140 756 733 438 
615 713 144 718 308 782 791 435 463 163 781 717 15 549 809 117 250 533 118 406 729 109 69 617 704 
94 416 747 9 404 57 463 413 209 668 526 179 104 213 374 122 776 275 167 235 336 128 657 321 819 
540 27 201 237 57 817 444 374 90 307 465 217 180 400 539 207 669 462 767 478 238 469 3 706 478 
420 778 307 411 557 88 180 139 32 395 571 222 188 231 238 546 679 179 237 821 629 517 820 435 36 
427 641 684 622 158 615 709 497 149 394 668 738 104 276 207 365 820 699 455 396 729 585 188 90 782 
301 712 39 281 66 411 50 678 180 371 623 746 729 455 82 656 806 719 532 95 353 488 661 778 57 
712 529 463 713 469 604 104 149 452 512 447 545 76 228 72 793 303 332 761 315 286 207 138 90 161 
354 806 805 539 628 13 496 90 76 28 740 99 557 496 152 734 341 690 258 46 35 582 518 34 265 
77 698 205 102 565 321 323 446 819 659 235 723 445 15 621 197 7 35 163 79 597 447 639 57 689 
805 291 531 406 171 224 690 750 679 19 483 388 248 254 411 669 147 809 106 90 476 225 422 611 647 
560 746 470 483 176 232 740 84 481 649 398 413 438 243 127 205 235 222 332 76 467 646 411 123 607 
406 334 498 189 376 663 237 56 819 738 197 97 313 728 155 123 411 807 514 411 661 528 661 395 633 
403 193 714 751 624 538 620 107 690 275 370 803 751 638 382 447 73 473 305 221 334 712 158 768 728 
489 749 341 725 782 742 812 638 760 591 609 230 138 136 239 373 587 514 624 374 285 226 248 241 604 
367 183 512 179 31 205 708 782 140 115 221 30 252 229 134 560 497 608 662 22 284 211 45 567 652 
340 528 531 94 222 232 506 257 656 182 274 739 237 725 258 157 577 207 782 330 807 657 135 12 698 
636 513 473 179 809 332 380 782 140 24 725 30 669 822 134 599 483 279 667 668 214 603 268 567 416 
9 180 468 200 465 321 189 57 624 725 39 819 204 555 205 719 157 187 136 800 404 217 57 528 729 
280 213 303 32 236 458 270 407 360 577 780 624 463 2 563 631 7 394 311 483 791 738 65 31 789 
723 802 309 802 223 813 433 98 557 590 81 134 506 792 631 61 429 774 712 815 229 651 611 475 61 
800 678 624 444 661 819 122 237 318 202 686 182 179 269 315 498 678 476 68 196 819 374 275 57 164 
577 814 716 481 628 489 93 521 590 285 57 374 324 150 180 801 228 527 815 658 549 784 411 687 582 
351 58 714 766 49 795 100 156 124 13 821 766 670 51 417 620 354 803 813 785 242 751 593 638 410 
818 784 237 767 252 648 247 411 537 64 565 736 236 15 133 733 825 161 8 231 300 597 280 280 820 
457 439 628 534 281 15 805 81 681 541 402 122 503 558 178 628 357 652 147 208 661 496 605 496 130 
449 74 619 541 301 116 538 339 281 811 125 92 354 321 129 330 473 61 764 420 129 57 538 321 420 
449 239 471 813 640 678 377 481 374 431 152 393 179 611 750 41 242 601 608 60 725 686 144 358 167 
690 810 558 719 280 174 604 7 373 556 514 90 80 313 652 337 251 181 167 263 344 690 276 43 789 
523 470 80 411 241 15 445 337 631 703 528 655 479 608 148 121 507 550 488 569 213 409 487 767 691 
235 4 223 167 151 706 247 412 48 394 65 563 410 577 783 34 725 298 172 251 206 124 490 819 435 
118 492 295 663 269 527 367 313 766 179 782 216 492 232 756 221 473 764 273 146 703 59 52 736 263 
221 448 544 396 255 445 670 44 522 514 154 354 69 543 16 719 793 491 454 798 151 232 475 66 27 
719 104 343 421 234 235 723 690 84 624 332 651 518 158 718 687 316 733 726 110 401 528 165 729 562 
197 311 185 203 601 309 733 139 528 103 305 403 786 398 772 766 728 627 60 182 247 676 297 154 614 
161 649 330 72 129 31 819 689 514 591 7 709 678 313 302 816 114 235 7 730 654 751 613 465 456 
427 661 295 692 316 667 235 422 481 238 302 483 657 398 347 16 31 650 235 259 239 726 502 650 17 
386 678 678 444 661 242 122 237 799 309 127 552 179 269 802 498 55 615 91 35 819 374 629 57 164 
193 621 3 547 773 723 501 803 147 365 822 602 413 305 195 468 725 390 628 330 810 616 426 310 9 
481 176 179 684 606 758 730 785 613 807 644 507 485 283 824 396 612 648 503 87 235 170 497 421 90 
7 212 670 210 265 411 373 579 10 76 517 513 632 219 733 508 687 160 416 673 690 693 523 452 341 
29 760 321 461 106 567 647 279 88 271 179 775 783 613 824 317 782 182 302 57 57 819 96 122 729 
5 422 636 151 294 575 488 565 346 690 50 104 719 782 661 449 13 200 666 346 306 90 494 193 355 
563 819 126 411 469 192 8 481 443 379 346 789 226 639 582 109 163 235 488 747 106 126 434 719 665 
197 213 660 52 236 579 270 303 368 577 376 55 34 2 520 821 7 781 590 48 50 738 72 263 127 
354 221 374 438 783 727 122 374 147 600 179 344 750 417 122 236 396 528 660 21 526 340 589 557 665 
577 770 148 488 628 730 93 676 63 665 57 374 172 227 180 589 228 12 596 610 559 806 411 687 554 
232 344 41 535 661 128 147 246 114 35 94 165 97 772 327 646 740 236 565 101 754 714 544 182 374 
403 810 205 817 209 321 323 577 242 565 235 723 697 583 168 280 7 539 150 88 613 377 219 57 662 
276 157 321 461 421 567 13 209 578 796 179 442 403 613 572 108 136 396 39 57 57 242 96 122 729 
45 346 661 146 193 594 391 140 705 252 207 430 781 353 594 231 207 62 332 456 719 588 733 331 10 
477 652 145 280 557 649 204 445 222 415 130 725 785 152 313 109 91 723 497 201 313 235 124 528 398 
527 27 201 237 57 105 603 374 90 167 821 419 248 465 539 207 669 600 464 125 486 193 766 132 36 
179 747 611 16 247 160 649 455 238 566 171 90 10 723 116 458 232 94 411 10 646 193 676 340 125 
734 776 714 766 15 757 301 808 738 707 465 651 468 561 146 433 354 803 446 420 819 735 305 17 483 
379 235 695 372 361 48 566 782 222 184 295 563 350 442 513 390 502 175 736 245 725 781 122 536 444 
639 795 213 307 109 413 658 474 673 528 690 394 411 639 226 781 329 514 409 257 528 61 790 235 803 
220 819 69 411 193 822 765 481 293 515 519 686 787 243 554 283 150 235 488 429 106 69 700 719 770 
12 686 477 366 57 105 444 374 122 167 631 616 248 400 196 207 594 650 767 405 714 440 651 308 405 
553 746 267 410 176 232 740 563 488 574 782 413 438 798 111 205 235 458 265 76 283 697 411 602 523 
220 819 69 411 193 618 732 488 582 470 352 27 645 219 454 109 494 235 488 118 421 772 664 719 770 
586 524 116 232 727 374 673 818 637 249 241 184 600 110 819 137 758 729 714 466 254 296 697 122 710 
787 645 406 28 719 263 479 85 309 375 680 557 394 95 453 193 375 600 481 330 729 430 8 489 463 
800 678 55 461 661 819 90 366 153 33 127 552 179 654 627 723 624 476 91 35 242 374 225 57 642 
219 573 106 167 109 413 513 539 673 528 690 394 411 485 763 394 201 514 606 377 528 147 63 235 754 
232 473 753 711 661 128 147 246 659 35 598 786 422 772 817 697 617 62 114 280 754 238 65 182 374 
600 794 90 216 784 328 284 222 485 313 166 480 723 645 175 696 619 92 476 90 533 149 321 572 139 
57 792 3 354 698 214 722 330 654 7 278 335 285 106 39 134 179 612 103 528 613 421 112 208 75 
354 395 54 474 628 707 215 122 16 160 476 556 557 702 152 281 751 690 597 312 539 443 382 2 332 
736 467 359 402 729 499 295 263 373 610 703 290 171 321 557 712 541 690 69 675 110 557 373 592 565 
213 750 757 308 265 374 501 821 308 557 678 324 623 263 418 712 538 820 289 592 89 158 167 273 237 
776 490 668 232 590 709 6 27 203 789 366 136 544 531 126 248 57 235 694 176 486 61 207 7 170 
736 283 98 592 729 522 562 263 322 183 703 173 171 321 557 712 162 690 657 633 110 557 739 194 209 
463 106 178 310 235 426 270 207 769 601 103 699 645 120 222 528 505 148 7 352 179 68 652 88 228 
179 747 307 348 247 438 71 524 238 612 663 90 10 723 284 222 232 823 411 117 646 440 676 340 405 
137 235 501 759 614 410 20 398 222 121 479 453 461 448 513 764 633 440 406 245 725 781 90 379 350 
486 435 535 631 528 124 804 140 734 122 31 276 593 738 764 284 122 86 747 691 221 57 6 358 302 
690 671 333 719 703 174 332 7 373 711 514 122 80 80 140 157 220 730 307 809 512 690 29 623 27 
690 17 130 719 101 474 375 7 322 741 820 122 170 170 416 24 453 730 611 809 512 690 29 413 569 
659 221 316 358 293 162 671 122 173 309 630 222 170 433 247 105 528 193 532 766 392 315 167 57 551 
654 61 374 315 48 393 554 394 154 118 56 553 394 718 363 82 707 507 9 11 172 645 33 546 366 
232 344 568 556 661 82 147 714 279 196 598 418 310 772 105 697 355 357 565 703 803 486 745 792 374 
406 59 498 607 545 382 366 143 242 124 101 97 170 330 66 130 411 807 514 411 661 528 661 395 502 
302 321 158 781 268 272 330 426 729 228 122 611 625 646 733 489 781 576 90 610 718 652 666 249 160 
355 591 144 601 706 398 357 429 34 531 394 277 441 731 809 572 20 380 429 687 729 283 126 252 704 
612 506 337 607 441 252 601 497 648 781 22 692 769 437 207 40 431 694 455 182 729 807 28 122 136 
11 80 528 661 728 132 528 306 9 313 810 484 395 690 598 559 331 198 360 429 245 520 159 539 59 
636 610 473 179 263 205 162 398 140 115 221 499 594 677 434 795 410 279 369 564 529 459 808 104 652 
507 820 21 729 398 728 446 13 636 500 420 388 374 757 116 742 411 509 542 187 255 374 201 567 742 
152 232 676 493 7 201 355 235 814 782 242 599 362 652 782 179 498 33 477 652 170 318 210 207 232 
604 481 400 346 112 808 789 421 615 349 374 395 532 557 103 195 712 37 528 557 606 207 31 276 193 
370 239 704 446 373 624 637 488 374 820 591 233 179 167 321 225 819 601 608 96 725 686 9 788 307 
481 570 776 232 725 407 16 720 745 590 553 7 683 767 168 445 180 543 729 7 557 520 142 712 782 
140 237 507 192 210 171 221 61 172 77 616 458 180 536 321 426 481 316 329 433 408 493 723 286 122 
599 746 137 483 176 232 669 84 481 574 398 413 28 243 111 604 235 579 604 204 467 445 411 333 607 
783 593 375 105 209 750 323 577 819 279 235 723 697 52 621 101 7 35 531 88 597 240 639 57 253 
150 122 291 140 443 48 15 643 714 648 305 626 486 293 68 126 791 382 648 158 478 90 793 133 90 
685 29 818 705 394 629 611 459 419 318 329 605 436 334 357 481 104 785 226 321 750 776 13 421 179 
719 104 503 421 218 235 723 690 18 624 332 3 517 158 601 687 316 255 475 52 408 528 95 729 230 
782 611 706 426 785 3 295 511 465 628 491 729 179 652 323 327 50 402 568 431 663 648 378 692 235 
435 770 479 663 654 540 367 80 571 179 782 418 814 232 777 725 344 139 771 550 280 581 441 687 809 
386 624 55 459 661 819 90 237 428 202 789 792 179 682 680 498 624 617 804 196 242 374 568 57 637 
304 539 179 601 359 307 498 218 161 469 590 652 712 463 80 76 386 488 232 435 528 129 321 155 99 
511 198 519 231 542 381 270 513 719 546 624 733 528 577 403 201 482 550 102 705 96 209 600 82 653 
221 761 590 396 733 445 383 215 522 431 680 407 657 445 53 719 779 491 554 243 228 232 475 66 111 
785 650 424 438 540 787 41 586 149 506 762 297 629 55 733 263 7 81 97 460 786 483 712 725 156 
105 235 277 725 275 227 587 242 272 673 726 814 189 611 413 724 703 743 7 789 160 58 765 768 207 
435 243 669 785 306 92 40 492 148 163 394 223 337 101 106 149 394 226 124 84 335 736 10 398 70 
599 661 125 321 259 732 377 139 302 222 640 327 704 503 580 331 7 226 353 603 172 719 549 181 125 
496 208 284 232 733 374 306 341 642 255 75 121 600 52 819 267 89 729 714 397 240 339 646 122 409 
28 48 235 661 757 729 250 680 813 632 71 563 623 123 262 374 398 154 275 520 459 528 331 420 806 
421 273 320 420 58 821 364 762 729 111 374 687 718 698 774 528 690 315 763 330 785 57 817 823 211 
271 503 54 189 15 594 601 410 149 781 22 738 276 276 207 40 431 42 524 182 729 505 28 122 782 
411 275 514 356 546 759 416 31 747 136 25 231 217 596 303 307 615 112 144 35 149 93 655 790 35 
520 207 43 366 448 389 179 43 131 98 209 116 805 647 389 714 580 57 509 235 807 602 366 712 231 
481 121 21 232 725 660 551 720 575 745 757 7 289 464 206 646 383 646 729 7 557 563 722 712 398 
2 661 633 472 210 406 329 380 301 793 394 168 52 298 223 687 178 819 338 718 309 803 488 488 752 
232 512 753 363 661 290 147 238 659 474 598 418 422 772 327 543 476 791 608 280 353 714 790 426 374 
681 712 326 719 647 349 280 311 471 557 344 690 568 57 405 660 406 661 7 814 690 398 576 435 527 
481 570 21 232 221 303 53 641 745 311 573 7 93 66 206 445 670 646 729 7 557 563 142 712 398 
374 557 676 237 237 235 526 293 433 726 159 420 189 477 734 638 534 101 746 516 396 456 73 754 714 
335 140 118 12 107 57 34 413 279 564 176 179 769 213 374 122 21 721 307 235 671 128 103 321 242 
133 678 678 459 661 819 90 366 318 368 816 426 179 326 627 723 55 252 91 539 242 374 275 57 345 
35 55 6 633 637 441 661 265 663 400 797 785 440 231 59 43 777 804 488 636 188 719 267 425 667 
669 52 7 712 577 285 439 557 808 532 552 329 99 207 575 330 525 236 661 508 810 205 478 122 574 
473 618 193 106 691 223 819 167 628 781 459 260 489 159 718 310 825 167 725 174 509 179 101 308 626 
429 492 295 518 654 527 96 313 766 179 782 165 665 232 756 725 473 451 273 146 197 744 158 736 809 
232 344 721 741 661 128 147 246 279 196 391 241 422 126 102 445 476 236 209 197 803 714 65 426 374 
598 372 627 6 445 327 712 57 690 783 58 35 195 330 557 728 41 788 326 17 307 57 724 353 84 
687 109 705 620 729 695 562 31 739 779 280 173 171 321 557 712 120 690 657 633 158 557 640 620 209 
458 122 221 300 628 329 179 247 238 481 20 764 563 804 142 661 791 45 93 17 638 455 160 628 160 
687 467 98 588 729 501 295 31 640 513 101 701 382 321 557 712 162 690 103 675 52 557 322 620 608 
785 412 611 411 557 13 248 451 52 784 651 579 188 509 238 302 679 179 366 821 629 382 820 118 36 
508 640 118 268 75 562 179 513 367 156 765 574 562 302 80 405 819 728 462 354 416 292 718 457 519 
540 816 477 237 57 102 350 374 122 307 631 419 248 631 174 207 617 462 300 125 238 440 3 372 688 
660 806 157 35 628 707 44 90 16 188 740 711 557 44 591 351 341 690 258 316 35 293 518 34 265 
184 428 781 179 322 692 375 719 711 762 419 516 232 37 813 754 419 429 579 321 579 193 472 585 579 
174 55 128 91 164 32 661 205 171 821 765 247 469 231 4 623 734 633 481 96 28 719 379 602 369 
375 488 400 648 412 808 789 421 476 318 374 239 532 557 103 619 712 553 528 557 710 207 31 29 469 
466 661 125 321 584 732 257 139 39 222 732 38 487 74 83 727 7 730 803 459 324 719 296 730 36 
239 745 335 61 231 191 428 142 205 395 223 690 691 407 278 338 31 610 155 557 162 388 443 661 528 
667 235 518 712 32 782 616 284 585 740 672 80 10 303 322 557 77 102 460 821 283 734 622 359 320 
136 611 632 552 420 571 562 195 821 628 361 729 179 140 679 102 357 490 721 431 171 352 660 124 235 
571 300 354 523 667 372 16 124 386 190 759 45 661 712 528 505 435 792 743 516 781 242 21 706 218 
488 812 600 531 700 785 785 360 502 414 142 282 12 318 9 41 198 714 375 459 550 768 656 134 172 
374 557 264 366 366 235 368 85 433 694 505 247 607 477 281 17 534 280 77 666 792 262 534 353 486 
147 620 360 690 578 661 11 618 123 421 569 365 565 353 362 281 566 258 130 116 635 806 324 603 579 
263 437 617 360 36 489 55 265 539 531 55 370 786 161 237 221 167 237 283 66 170 661 306 755 554 
220 819 772 411 193 301 739 488 293 515 149 789 645 485 554 467 150 235 481 118 106 69 286 719 814 
811 323 730 251 330 264 346 435 199 736 112 28 370 527 636 273 821 128 201 709 97 785 7 520 747 
374 557 409 366 237 235 176 85 588 726 807 785 523 329 198 671 808 101 746 198 182 172 534 754 238 
712 529 525 233 175 375 567 648 555 512 345 376 204 151 745 779 457 205 442 802 424 207 563 90 460 
823 140 429 527 450 57 2 413 659 22 526 179 276 421 374 90 21 225 167 235 671 82 69 321 242 
645 363 735 221 782 391 412 17 115 233 81 479 138 136 806 739 273 431 678 374 770 763 180 75 205 
272 530 9 601 132 398 50 429 525 531 394 502 158 439 809 325 415 541 747 406 729 283 126 615 622 
369 655 730 563 330 264 519 747 349 736 812 160 370 576 644 273 631 82 329 601 97 247 7 220 118 
141 752 773 305 782 134 718 374 86 819 177 661 711 463 260 192 103 557 9 809 493 190 150 374 494 
105 235 277 221 274 150 71 242 615 613 693 665 471 611 347 735 197 808 7 686 28 21 373 141 207 
267 235 30 78 584 410 190 136 458 121 696 84 211 448 513 139 91 469 687 206 221 394 122 470 1 
391 140 429 576 755 57 463 342 114 564 33 179 276 421 374 122 58 41 167 235 698 701 126 750 819 
488 309 179 337 264 79 226 420 306 585 636 74 798 467 10 792 427 149 720 742 235 313 410 421 90 
560 141 399 497 309 232 617 138 488 561 782 623 28 219 27 332 235 579 265 53 283 697 411 333 487 
571 155 303 500 737 0 16 596 775 250 372 73 661 712 528 159 435 396 45 777 781 819 776 706 218 
427 641 24 487 15 272 718 410 352 394 414 815 567 567 207 824 820 475 788 182 729 159 160 90 398 
730 645 736 160 719 263 295 85 309 205 315 557 781 241 220 193 332 178 481 330 729 223 765 181 34 
774 655 226 138 728 521 352 747 428 687 643 438 449 527 60 71 631 6 201 709 97 785 7 563 118 
661 183 60 731 777 756 716 618 168 69 200 505 788 19 669 220 105 351 232 207 812 193 287 719 72 
432 474 179 709 452 307 723 218 683 175 311 652 712 34 313 76 299 481 232 118 528 778 750 300 749 
87 132 802 128 646 327 712 57 690 403 776 35 589 330 557 728 275 455 408 593 611 57 818 803 520 
7 529 468 36 265 411 739 222 117 204 517 793 759 243 727 333 687 188 416 613 690 475 487 705 532 
729 219 90 446 819 241 186 3 301 374 611 694 371 607 547 272 691 661 245 72 112 728 517 491 497 
612 506 337 622 15 476 601 48 352 781 472 124 437 567 207 572 431 699 685 426 729 159 160 90 398 
243 553 106 611 283 43 513 539 258 528 690 394 411 798 763 394 329 820 606 642 528 147 544 235 803 
250 471 34 625 422 620 568 481 807 212 729 643 816 206 404 107 362 90 328 719 339 580 729 232 409 
498 341 179 209 38 170 453 227 210 147 443 616 685 417 47 193 781 221 178 7 571 782 661 34 97 
106 649 320 785 21 400 133 81 729 127 374 406 601 17 774 528 690 680 763 728 247 57 105 287 461 
344 301 193 213 218 390 819 167 628 781 603 234 787 585 709 97 825 167 221 539 509 179 197 308 747 
824 393 207 255 394 712 750 37 80 719 717 121 40 421 804 745 172 302 312 678 678 730 311 229 217 
303 806 54 196 628 13 702 122 348 160 615 131 557 215 233 734 532 690 597 460 539 85 517 525 604 
253 235 171 712 15 136 419 212 505 740 706 170 10 378 732 557 77 327 460 465 283 516 487 340 320 
138 242 772 411 440 301 322 481 554 267 346 569 787 485 85 467 494 235 481 626 213 657 434 719 492 
105 235 633 725 753 825 273 242 476 306 699 492 471 307 623 751 703 73 7 127 160 21 322 141 207 
106 750 573 132 332 374 522 821 759 557 624 314 538 263 241 712 538 431 46 592 707 583 167 561 366 
714 712 294 243 397 368 725 196 215 528 388 628 179 509 310 238 326 670 648 185 101 557 85 344 294 
429 219 272 785 436 391 40 770 762 150 781 430 54 280 106 346 781 730 692 563 823 687 325 398 212 
514 229 406 247 310 605 92 589 235 587 332 196 526 148 247 35 406 182 29 519 810 237 723 90 546 
201 140 580 101 557 649 16 646 579 190 425 725 247 233 170 109 502 723 483 477 313 235 124 528 136 
720 514 58 729 398 728 577 79 636 471 420 142 374 553 116 335 411 509 281 334 255 374 477 104 87 
261 235 663 712 110 782 142 212 505 740 308 313 117 86 373 557 141 748 312 821 283 516 607 705 744 
304 474 179 709 493 307 498 691 93 469 544 652 712 463 80 204 775 488 232 429 528 112 321 155 749 
213 750 573 759 375 374 449 631 0 557 55 324 108 263 216 712 43 431 289 588 707 110 611 649 237 
723 154 282 315 451 577 169 548 557 790 762 434 506 552 821 61 118 689 712 692 656 766 611 475 147 
488 570 21 232 221 86 16 720 63 790 466 7 460 767 292 697 547 543 729 7 557 18 419 712 136 
30 506 511 674 822 212 623 439 281 261 405 87 660 750 643 728 473 61 223 785 112 57 108 750 785 
205 488 400 648 129 73 789 213 272 318 374 395 532 557 126 801 712 573 528 557 676 207 31 567 175 
299 55 678 350 661 242 122 366 199 526 27 552 179 326 680 498 55 272 717 174 819 374 753 57 637 
20 661 295 738 316 662 235 97 488 238 302 48 103 398 108 551 31 462 235 491 239 694 717 650 698 
428 125 223 625 366 155 242 418 374 566 529 548 489 481 477 317 392 278 496 719 507 221 787 546 780 
60 310 644 297 294 65 488 209 149 690 357 769 719 136 661 47 758 331 777 362 258 122 825 469 252 
411 725 15 551 16 509 232 425 360 655 421 652 505 485 204 480 117 438 364 785 765 627 284 103 224 
569 743 36 611 437 233 774 411 628 237 192 69 420 279 490 280 664 677 431 465 327 167 292 670 767 
353 798 424 690 806 207 208 468 661 420 557 119 514 306 239 206 676 352 400 518 36 364 263 548 283 
213 321 553 706 265 374 501 400 706 557 55 172 317 31 75 712 43 431 460 653 270 110 307 574 237 
812 650 105 192 24 678 771 80 420 643 231 528 445 412 613 802 307 821 7 650 2 134 719 7 68 
687 109 548 402 729 47 479 31 373 183 197 701 517 750 557 712 708 690 69 633 52 557 732 433 279 
477 137 122 273 781 34 740 628 778 452 458 665 207 404 179 201 564 167 307 642 771 179 337 136 11 
81 653 344 712 473 500 422 595 251 582 330 304 738 411 451 481 33 795 432 396 221 156 283 713 789 
226 787 406 28 719 263 696 582 360 265 14 557 394 95 138 469 265 650 481 330 729 451 765 645 2 
746 440 246 818 55 342 620 755 690 629 370 803 751 305 171 637 743 512 698 221 334 712 158 783 330 
221 118 35 712 694 277 411 313 323 532 463 222 579 446 514 498 741 679 400 186 67 287 80 289 9 
102 235 804 221 225 531 71 242 617 597 699 384 704 307 317 818 703 268 7 127 28 776 640 403 207 
687 283 555 653 729 695 479 263 797 183 197 290 171 750 557 712 162 690 103 633 583 557 732 194 279 
57 182 3 86 671 504 616 330 269 7 324 335 285 106 302 424 179 796 657 528 436 421 778 291 418 
650 475 106 661 247 525 248 101 292 158 626 562 409 57 597 122 812 713 631 757 785 528 325 437 729 
781 776 232 298 784 213 778 213 714 102 763 407 376 496 204 130 784 736 301 7 162 360 620 332 719 
61 97 726 803 9 205 214 94 595 237 557 655 600 321 52 592 792 106 628 630 532 205 201 207 148 
374 557 482 237 237 235 360 293 490 726 505 247 487 477 198 671 808 703 768 198 792 172 156 754 238 
822 712 546 542 155 411 595 624 383 121 108 77 729 685 128 822 784 719 341 165 754 488 661 630 57 
179 429 307 16 247 438 273 455 486 612 382 90 40 498 529 458 232 92 411 40 445 193 264 98 36 
225 251 89 307 557 785 528 232 138 488 315 809 633 294 557 571 90 342 304 170 819 742 454 260 284 
47 395 471 294 322 55 257 488 374 431 713 591 179 307 321 629 819 601 659 186 725 27 144 715 611 
703 106 378 15 236 579 89 457 360 577 752 55 463 2 563 400 7 781 575 497 791 124 590 263 816 
498 14 282 680 764 446 620 555 557 790 762 191 641 396 821 61 747 253 712 596 100 3 611 693 61 
156 362 661 146 469 615 287 416 98 476 207 764 394 803 615 509 207 791 332 314 719 402 249 727 135 
705 528 163 391 579 232 641 642 100 792 753 373 366 221 613 805 446 207 398 330 505 772 135 540 810 
411 41 514 318 302 672 652 31 118 782 25 231 616 124 354 307 740 812 576 539 149 316 151 790 474 
589 428 394 179 322 815 375 719 131 81 616 198 232 560 577 754 142 435 579 750 579 469 564 159 579 
152 232 676 555 7 477 617 235 285 136 242 553 346 140 136 179 723 360 329 140 313 356 36 207 232 
184 349 394 179 640 692 265 719 711 716 142 542 232 795 813 353 419 626 458 750 579 175 414 505 458 
411 725 158 348 53 509 232 558 526 297 213 140 159 798 204 700 10 160 800 247 640 154 116 126 288 
179 435 307 16 420 28 71 455 486 250 517 122 10 498 116 458 232 598 411 135 646 469 710 98 125 
598 652 626 177 259 57 2 347 659 203 202 179 29 106 374 90 58 753 307 235 305 82 103 321 819 
290 118 207 309 786 307 179 330 406 514 796 231 215 249 427 101 357 481 557 581 667 7 773 7 396 
166 506 195 120 100 116 43 549 281 689 773 391 457 750 112 728 473 147 451 420 643 57 43 321 420 
374 564 231 395 24 276 725 660 707 766 243 121 679 120 297 279 240 736 235 239 7 488 294 303 601 
435 798 740 420 597 335 824 384 762 825 394 451 684 101 106 346 781 787 815 138 87 687 325 136 284 
477 515 90 561 394 525 272 628 112 548 579 285 207 755 179 477 510 611 611 642 574 179 805 782 482 
591 232 264 452 7 477 476 235 665 782 242 397 352 652 398 179 498 202 477 416 170 199 773 207 232 
173 435 207 33 241 307 179 728 736 514 566 231 496 331 271 703 50 488 557 581 689 7 478 7 552 
215 256 116 232 331 374 306 26 240 331 75 801 462 32 242 387 13 729 238 37 345 731 646 122 409 
608 221 389 256 582 162 593 90 6 202 112 222 313 402 247 817 528 469 751 651 260 154 167 57 551 
562 109 736 204 265 103 628 820 107 696 246 528 411 470 51 411 277 232 661 725 179 626 580 242 210 
136 611 632 396 420 3 562 619 400 628 107 729 179 416 323 748 62 620 568 820 663 648 407 596 235 
24 729 758 59 6 35 242 251 544 80 557 167 806 746 514 750 509 486 552 48 803 528 819 286 764 
192 207 624 422 203 421 258 37 352 213 185 444 699 55 762 617 266 482 390 646 247 711 532 406 719 
83 35 179 709 555 307 498 298 289 175 72 652 712 463 80 204 775 481 232 747 528 112 750 464 363 
494 90 524 652 293 410 583 643 714 519 810 626 238 554 68 657 62 382 362 15 773 122 793 775 90 
763 363 735 221 136 823 778 17 157 152 716 562 84 398 806 732 51 820 55 374 814 787 180 418 604 
197 692 730 747 593 469 0 119 210 188 105 247 410 609 727 608 546 208 771 13 482 474 488 373 557 
455 276 341 359 781 41 167 1 722 199 477 145 306 187 791 481 276 420 489 750 750 58 578 213 179 
138 819 772 411 469 301 739 488 454 137 362 789 226 219 443 283 531 235 488 435 213 103 700 719 285 
143 539 179 718 98 167 723 691 312 469 72 652 712 463 80 16 133 488 232 626 528 112 321 767 99 
20 471 2 380 310 592 275 481 159 214 729 412 816 168 361 491 362 90 408 719 339 605 729 232 264 
181 489 406 28 719 809 295 582 360 375 802 557 781 216 453 469 265 650 481 728 729 390 732 226 2 
47 503 589 708 618 529 413 339 198 811 688 92 378 750 129 330 512 61 223 247 630 57 317 750 785 
3 767 378 622 689 672 53 738 448 415 759 73 661 712 528 585 118 396 73 777 394 819 776 0 260 
198 58 486 571 32 795 229 534 596 578 465 3 547 561 224 588 86 754 813 785 819 724 698 698 48 
150 122 685 652 293 497 49 412 714 149 593 429 714 443 717 69 62 518 519 158 773 90 610 800 90 
757 403 515 483 176 232 740 251 488 649 398 43 188 639 789 604 235 458 332 53 283 445 411 423 607 
232 473 275 556 661 290 61 246 279 35 598 75 97 657 748 445 252 50 209 101 754 238 544 792 374 
817 235 675 221 753 531 587 242 615 306 699 492 622 167 342 341 101 45 7 27 438 58 322 746 207 
86 296 628 268 542 158 684 762 428 380 588 122 506 423 650 628 595 416 147 455 661 44 304 586 602 
181 131 26 221 136 92 112 336 54 152 762 479 520 398 395 765 574 431 55 374 665 226 670 165 205 
488 589 776 232 725 354 551 74 311 63 560 7 46 300 206 697 670 445 729 7 557 520 217 712 398 
226 363 724 221 136 87 412 17 760 530 609 479 563 398 395 739 587 431 55 374 665 763 547 165 205 
657 356 651 376 21 586 366 716 164 507 399 628 26 628 238 487 802 172 489 820 678 233 52 94 714 
292 55 259 703 222 412 7 304 753 136 368 177 782 300 548 560 407 696 179 770 723 772 530 821 167 
121 666 352 231 666 605 88 183 719 39 678 733 528 813 403 329 11 417 748 340 186 114 600 82 490 
630 600 817 677 805 624 574 313 785 778 231 528 646 778 436 627 611 465 7 600 463 700 719 7 804 
569 73 478 307 769 393 253 411 628 366 229 103 420 209 169 280 134 822 514 400 327 167 621 248 155 
264 80 528 661 728 308 528 258 144 170 593 708 239 690 742 339 727 734 176 747 292 138 159 174 744 
201 140 605 101 557 587 76 445 222 415 423 725 420 713 80 467 277 498 497 201 170 235 692 528 398 
805 729 707 581 290 196 242 453 65 80 557 167 395 783 514 750 231 714 792 497 754 528 242 700 390 
213 750 599 308 375 374 166 631 78 557 624 262 347 263 75 712 317 431 46 588 758 52 307 561 366 
26 408 322 488 666 80 604 548 276 5 218 235 6 767 728 729 182 57 286 609 714 158 147 204 25 
192 712 302 516 464 411 62 624 670 589 623 77 729 524 701 100 239 719 532 786 353 488 661 112 57 
31 437 272 368 405 730 624 265 35 531 55 695 786 316 366 725 167 366 109 66 170 661 306 491 554 
218 13 443 639 697 678 429 709 148 487 335 628 412 57 412 557 235 97 813 637 773 100 693 703 720 
810 628 481 377 771 398 196 330 120 402 750 637 389 302 792 235 729 117 548 570 722 671 86 763 38 
387 235 695 132 107 48 415 136 222 195 230 220 211 299 513 223 91 469 687 206 221 781 122 515 461 
420 112 167 411 557 88 468 390 52 239 571 222 28 509 714 546 323 179 366 631 721 663 431 429 405 
768 175 486 735 678 413 653 259 690 568 166 754 532 336 171 257 73 344 593 221 581 712 15 77 728 
719 276 507 106 691 235 498 690 220 624 265 571 663 49 709 406 683 733 693 49 682 528 786 729 479 
530 232 11 340 7 201 594 235 770 782 819 560 352 416 782 179 723 33 477 652 313 199 405 207 232 
219 692 295 555 721 290 179 488 239 692 741 110 390 387 628 451 90 122 134 478 179 350 626 311 97 
57 552 571 660 305 284 419 728 328 7 64 87 384 421 39 286 179 415 69 528 436 213 643 455 241 
650 726 106 661 247 463 670 197 292 583 118 295 409 57 258 90 778 713 400 757 785 528 824 769 729 
486 712 813 243 573 176 725 474 215 528 142 628 179 509 310 246 634 248 519 224 101 557 85 512 294 
577 814 609 481 628 489 460 409 63 492 57 374 172 825 547 371 151 9 692 610 339 806 411 406 582 
567 157 750 1 213 29 647 608 647 566 179 448 77 673 117 347 398 552 302 57 57 819 60 90 729 
751 266 739 481 281 80 332 98 276 96 298 235 173 767 728 729 182 57 191 148 486 158 61 76 779 
485 692 295 493 225 290 179 488 784 692 741 110 390 137 628 139 122 90 134 36 179 350 429 72 422 
189 515 80 411 165 49 697 24 631 101 528 794 295 608 609 619 343 185 488 816 421 606 523 464 392 
329 536 122 71 781 34 617 628 630 452 222 492 207 361 179 329 23 611 307 257 51 179 684 398 676 
787 787 406 188 719 809 479 582 360 375 315 557 781 95 520 469 205 178 488 728 729 764 322 730 2 
720 820 776 729 136 728 446 707 5 189 420 217 374 397 504 87 411 231 198 581 255 374 329 29 823 
3 155 303 523 261 78 16 738 800 190 372 45 661 712 528 585 435 426 268 756 394 242 21 308 113 
235 320 223 307 655 372 247 812 410 781 65 563 497 294 746 525 221 234 244 251 206 738 402 819 435 
442 624 55 1 661 819 122 366 356 202 686 182 179 682 154 498 678 740 91 35 819 374 753 57 257 
540 383 547 727 400 321 189 57 55 725 39 242 551 359 332 719 684 187 398 299 404 722 57 528 729 
600 475 213 661 785 34 180 280 206 15 429 562 11 57 258 90 812 713 400 795 247 528 10 437 729 
300 167 546 416 140 764 255 528 580 760 461 514 690 165 175 791 395 459 464 235 330 767 132 807 9 
427 704 34 484 97 490 721 481 585 504 729 630 686 245 755 107 362 122 328 719 549 143 729 232 710 
724 401 322 481 351 80 205 548 104 96 260 235 128 66 330 729 396 57 480 81 238 158 147 53 183 
190 487 463 674 422 653 275 481 585 70 729 630 789 245 450 755 362 122 634 719 559 605 729 232 11 
408 147 374 680 497 233 293 394 315 429 381 37 781 709 741 6 89 74 12 710 172 489 176 302 237 
147 169 176 690 578 661 606 618 425 106 569 824 659 353 352 756 415 597 602 504 70 784 324 461 222 
5 183 512 179 31 205 708 398 416 684 725 47 615 656 134 573 497 279 261 22 635 211 534 769 140 
29 61 63 306 410 728 652 367 496 497 431 489 732 486 167 127 690 149 690 550 712 79 690 738 529 
61 169 33 690 647 661 521 100 333 421 686 135 209 353 346 666 20 306 558 70 504 395 278 211 222 
147 592 202 690 707 661 606 677 123 106 569 365 209 803 346 777 190 597 123 529 212 395 64 444 579 
589 153 394 179 797 738 265 719 711 762 419 198 232 573 577 803 722 429 222 321 222 175 564 159 222 
101 575 224 414 718 309 249 764 528 657 305 403 241 398 126 3 728 14 636 396 247 409 323 627 614 
229 712 302 666 767 411 595 624 383 184 413 77 729 685 82 192 784 719 751 216 754 488 661 412 57 
723 532 179 565 817 313 138 825 688 147 454 616 455 146 449 193 394 221 178 7 3 782 661 525 97 
263 437 252 202 773 763 55 205 539 227 55 166 216 289 237 725 167 366 109 119 80 661 597 491 293 
73 469 781 50 610 118 90 709 723 57 422 823 718 84 273 481 466 342 819 306 693 160 754 168 302 
374 668 509 806 805 769 221 407 647 3 485 184 323 541 323 279 164 736 235 806 7 481 446 457 601 
421 750 757 672 604 374 370 400 0 557 624 64 623 809 95 712 108 820 289 592 707 32 167 51 237 
252 152 12 718 759 136 791 435 2 227 781 91 15 549 31 325 250 120 626 736 729 109 126 355 622 
431 229 687 247 310 432 335 195 235 273 205 474 176 609 785 196 736 426 276 346 593 237 723 122 302 
431 822 736 247 310 432 335 371 235 771 332 35 282 716 785 196 687 396 769 648 593 366 723 122 39 
253 323 226 138 330 409 519 747 799 736 778 438 30 576 186 574 465 82 329 718 97 247 7 563 118 
516 58 238 766 52 757 618 743 815 88 821 766 468 587 550 490 303 754 813 247 242 532 698 671 48 
57 552 571 457 810 214 217 728 408 7 172 287 814 213 302 424 179 427 657 528 258 106 412 715 216 
250 500 463 533 97 433 275 488 159 504 729 112 569 206 755 107 648 122 654 719 339 145 729 232 606 
735 328 322 488 542 170 265 98 29 644 260 235 701 155 330 729 396 57 434 81 238 49 61 204 610 
560 141 137 48 282 232 252 520 481 587 398 413 28 243 686 604 235 579 265 204 467 445 411 333 622 
206 624 755 101 222 112 7 83 225 782 33 144 136 300 452 573 660 479 179 665 723 657 152 631 167 
20 506 157 500 52 669 601 483 362 394 22 738 437 437 207 40 431 726 715 792 729 159 160 122 136 
467 504 729 802 626 432 574 101 356 182 527 411 279 484 422 627 421 712 533 500 114 405 167 483 246 
300 727 354 789 306 301 90 577 719 669 800 785 37 631 477 61 714 767 280 384 57 197 825 624 600 
367 779 473 179 263 205 625 782 652 684 725 499 476 656 134 573 497 565 662 510 214 603 45 29 140 
427 661 295 124 316 369 235 97 481 714 546 410 657 398 108 16 809 600 235 361 239 42 675 600 305 
235 581 139 307 323 632 247 412 497 781 790 520 48 577 783 525 725 392 314 18 168 596 194 819 626 
488 812 178 825 480 247 785 176 675 414 616 309 540 199 177 753 198 238 205 603 224 403 100 700 278 
714 712 813 485 397 176 725 474 702 528 419 628 179 509 97 238 328 383 362 288 101 557 85 344 813 
58 653 414 232 63 709 82 686 668 816 237 136 65 494 69 670 57 235 694 202 246 61 207 7 80 
661 793 367 339 198 516 81 100 206 103 733 585 685 414 272 251 38 351 232 207 643 469 92 719 575 
213 750 795 372 375 374 47 465 0 557 624 324 538 263 418 712 108 514 683 194 88 52 611 71 237 
35 678 128 91 240 441 661 604 382 465 322 247 469 231 4 413 666 68 481 60 438 719 137 423 689 
374 557 521 366 366 235 202 85 169 693 159 247 622 477 756 671 268 280 768 516 792 314 156 353 238 
691 13 293 243 445 678 626 709 716 500 94 628 112 57 630 557 235 97 577 345 210 677 694 101 507 
283 635 729 154 435 145 771 703 153 426 177 411 565 380 97 154 421 712 533 622 659 36 167 483 246 
238 712 577 639 599 202 725 174 586 528 419 628 179 509 97 714 269 248 352 224 280 557 85 344 446 
615 393 527 718 759 782 62 747 34 494 394 91 110 296 809 365 566 380 747 687 729 109 69 476 471 
703 815 226 435 305 193 672 767 478 160 327 420 497 716 200 209 39 788 574 647 676 539 481 797 557 
84 207 43 366 299 289 179 43 741 340 659 212 805 578 683 714 304 57 509 235 585 123 366 712 509 
811 235 663 712 52 398 388 635 807 669 132 313 10 407 640 557 783 38 460 821 109 734 607 493 187 
785 650 664 438 576 763 629 496 149 74 716 794 275 55 727 809 7 762 310 289 241 497 712 221 534 
477 652 83 197 557 71 551 646 222 415 333 725 247 233 80 467 804 723 497 477 313 235 738 528 782 
3 464 457 487 369 132 551 738 775 612 759 743 661 712 528 159 118 792 743 351 781 819 58 706 113 
398 307 308 426 247 651 295 619 631 628 614 729 179 652 228 38 236 490 753 514 382 362 457 815 235 
522 784 500 446 732 624 345 488 374 820 233 152 179 167 750 568 242 601 114 5 221 111 540 455 611 
712 116 34 713 193 332 437 346 493 512 377 780 204 151 311 610 354 604 775 154 286 207 220 122 683 
411 725 49 348 76 509 232 558 309 794 106 652 807 798 76 664 325 28 448 785 765 802 70 103 185 
127 743 688 307 567 152 662 411 628 237 229 126 785 608 653 703 434 100 431 631 327 167 621 468 119 
494 122 208 140 293 497 441 812 714 352 698 626 238 554 717 772 62 518 352 110 36 90 183 133 122 
3 300 86 607 774 78 204 738 386 271 78 73 661 712 528 807 626 396 156 516 394 242 776 672 218 
661 610 5 339 734 351 81 656 621 657 249 505 291 414 272 220 748 198 232 207 412 175 823 719 65 
503 769 441 752 18 34 753 419 713 797 57 557 219 412 808 751 394 483 787 564 542 142 213 314 523 
570 356 394 179 765 815 604 719 363 762 388 666 232 757 294 754 142 435 579 321 579 193 22 585 222 
136 611 759 426 420 651 479 619 631 628 259 729 179 416 228 105 236 433 753 431 382 362 378 738 235 
789 534 210 167 437 152 774 411 628 366 100 657 785 659 402 197 134 656 514 631 327 167 206 670 119 
486 626 749 821 528 124 633 652 351 90 809 104 305 692 451 116 90 457 747 495 725 57 82 455 546 
719 104 720 106 298 235 498 690 520 55 604 651 382 49 601 406 316 200 693 441 654 528 786 729 696 
756 21 486 3 110 397 656 73 692 647 631 651 670 574 417 402 660 353 813 247 242 341 593 671 497 
618 712 302 756 119 411 791 624 383 511 347 783 729 358 82 229 806 719 735 786 353 488 661 812 57 
406 187 723 704 752 517 237 381 819 596 280 97 170 330 300 423 411 807 514 411 661 528 661 239 717 
179 429 167 204 785 28 561 256 486 190 517 90 10 723 116 579 232 287 411 40 445 469 11 452 688 
608 725 46 256 454 120 17 90 290 176 129 579 170 194 420 327 528 175 532 651 298 802 307 57 16 
690 305 425 719 703 35 375 7 322 535 514 122 80 80 416 24 520 489 611 31 473 690 437 347 686 
74 728 502 80 100 221 793 371 294 103 441 53 149 662 658 431 621 232 57 481 232 97 77 326 713 
498 341 179 279 38 313 84 494 125 61 293 142 455 146 449 440 394 725 650 7 3 782 661 34 422 
52 599 624 573 291 70 259 390 573 21 802 394 457 39 251 781 638 712 531 376 813 601 252 80 29 
87 372 627 173 445 327 712 57 690 768 21 174 619 728 557 330 41 524 634 17 307 57 532 754 84 
816 534 125 307 276 530 667 411 628 237 656 657 785 279 433 280 480 192 431 400 817 611 621 547 767 
246 118 711 465 528 815 633 416 198 122 809 104 698 692 390 116 90 407 435 319 221 57 6 524 39 
220 207 108 237 386 46 179 108 363 359 279 529 157 647 161 486 145 57 231 235 159 333 237 712 509 
109 529 729 680 747 580 587 101 681 426 576 411 209 380 97 680 421 712 625 471 608 210 611 497 714 
788 276 735 493 394 275 307 1 217 428 201 432 258 537 791 481 437 247 787 321 321 21 13 106 179 
525 106 178 97 235 426 89 207 104 601 126 694 763 162 458 528 159 716 7 346 179 675 416 89 228 
378 559 628 534 756 583 684 148 681 625 653 90 343 558 600 628 62 652 61 715 661 586 580 702 130 
435 798 740 420 613 94 117 814 716 494 781 451 54 280 213 346 394 763 124 563 823 406 572 136 212 
35 55 6 91 257 15 661 332 382 465 765 420 193 509 744 538 516 502 488 367 28 719 515 423 811 
150 90 256 416 582 497 583 129 714 519 698 429 238 454 717 772 791 663 362 32 688 90 793 448 122 
100 207 55 310 564 213 258 599 149 421 550 1 694 678 609 615 269 710 223 543 247 535 724 406 719 
730 763 736 438 719 809 479 582 309 205 627 557 394 95 84 175 604 462 481 728 729 430 739 489 525 
29 147 590 258 483 728 140 96 586 410 514 763 322 238 167 27 690 648 690 288 712 270 690 738 635 
9 670 248 255 821 321 622 57 55 725 39 242 53 493 375 719 54 59 398 761 259 388 57 528 729 
486 626 749 400 528 815 675 416 542 122 31 769 638 692 223 212 90 660 626 260 725 57 701 685 302 
329 67 122 587 394 525 594 628 630 548 579 492 207 107 179 201 19 307 167 447 574 179 115 136 482 
723 26 179 114 102 80 251 150 36 147 554 388 715 224 501 175 781 221 600 7 766 782 661 2 97 
84 207 347 366 299 683 179 538 535 340 279 70 115 758 389 714 304 57 509 235 585 423 237 712 509 
250 661 295 815 683 253 235 97 488 238 302 497 69 136 623 348 263 462 235 755 395 726 675 178 671 
477 387 122 273 781 34 594 628 112 452 579 492 207 491 179 477 668 611 167 345 587 179 337 136 264 
599 661 688 321 404 797 345 430 39 579 739 817 607 506 381 255 7 645 754 444 324 719 339 730 210 
536 235 522 632 259 410 271 782 579 619 696 138 211 364 183 430 68 440 406 245 221 394 122 470 459 
488 309 179 157 482 13 763 420 673 159 644 343 219 109 325 552 566 352 343 94 235 80 48 421 122 
577 7 663 386 436 372 645 720 334 112 776 187 71 525 732 175 753 817 278 363 712 458 430 770 642 
586 524 116 232 249 374 673 751 164 331 418 589 650 583 242 267 89 729 246 553 377 549 543 122 409 
604 481 821 149 630 45 686 421 740 318 374 806 818 557 69 570 712 560 528 557 482 207 263 437 193 
816 808 36 307 104 530 689 411 628 237 100 126 785 209 490 101 434 100 431 465 327 167 206 248 155 
69 349 766 376 21 586 366 81 257 503 515 628 735 628 714 622 627 262 730 514 55 233 52 92 486 
661 816 747 554 174 232 752 178 18 353 740 653 446 269 527 729 669 42 118 770 443 235 26 498 717 
589 428 394 179 797 738 332 719 535 609 217 351 232 466 446 803 419 429 579 321 579 175 414 807 222 
226 741 532 221 136 391 778 17 760 713 716 479 520 782 239 765 273 820 678 374 665 181 180 75 332 
86 395 115 196 628 707 702 90 76 28 615 535 557 586 530 666 532 690 436 312 474 454 171 2 205 
118 219 355 420 258 87 135 665 762 825 394 390 760 101 421 648 394 181 738 563 391 406 135 782 504 
57 792 651 86 671 504 217 330 326 7 324 335 770 213 39 286 179 427 772 528 597 106 129 208 216 
26 654 640 488 542 80 332 705 769 186 495 235 128 464 330 729 396 57 191 148 714 441 61 53 513 
687 59 723 523 376 518 366 381 819 692 197 310 170 728 767 602 411 807 514 411 661 528 661 395 68 
602 205 236 754 535 146 821 239 532 61 825 234 577 690 307 539 735 667 418 691 687 388 477 718 543 
743 175 781 50 183 747 122 709 723 57 422 742 718 563 574 481 466 347 242 613 42 160 803 206 302 
188 483 235 661 560 729 250 14 294 759 51 453 347 333 262 374 782 680 41 138 461 528 331 420 806 
179 747 167 348 785 160 71 358 238 190 382 122 10 723 212 579 232 87 411 325 445 193 676 452 478 
215 291 635 232 255 374 436 341 377 727 241 184 600 583 819 536 707 729 246 795 345 559 445 122 11 
489 226 406 160 719 263 295 293 33 604 154 557 394 75 18 175 205 462 488 330 729 223 640 489 34 
515 235 499 706 361 48 612 136 222 570 696 220 461 364 513 139 502 469 406 292 725 394 122 387 444 
723 802 309 154 223 294 194 493 557 63 81 700 503 396 821 61 118 774 712 815 656 651 307 42 61 
470 235 695 78 404 483 427 398 222 801 295 138 603 386 183 451 91 469 687 245 725 394 122 379 444 
725 299 575 552 331 646 383 44 370 514 680 303 657 697 76 719 513 404 554 639 323 232 475 767 27 
723 818 179 279 38 313 563 150 405 61 85 142 455 224 449 193 394 725 462 7 651 398 661 463 97 
477 387 122 574 394 525 615 628 129 493 579 770 207 259 179 329 564 611 167 447 51 179 337 136 482 
768 810 375 38 279 321 228 294 819 565 235 723 646 583 292 703 7 539 494 13 613 637 219 57 774 
341 328 322 481 351 80 205 548 104 367 218 235 82 767 330 729 396 57 286 716 486 158 147 204 25 
374 557 11 366 366 235 360 293 588 699 585 785 487 477 734 336 156 101 783 351 182 64 73 803 238 
793 207 93 143 724 487 7 781 262 61 804 800 697 355 372 431 701 528 534 298 498 307 342 606 711 
714 712 446 798 795 176 725 35 215 528 217 628 179 509 97 714 408 383 362 288 101 557 454 473 446 
6 747 207 33 75 611 179 330 406 431 271 231 702 249 271 280 62 488 557 581 369 7 36 7 792 
349 712 682 719 270 681 280 72 500 557 473 690 274 57 478 303 687 661 7 814 690 398 9 429 540 
125 174 56 601 369 167 271 769 574 147 758 373 632 661 393 696 570 312 797 697 50 488 232 256 239 
690 305 602 719 101 174 375 7 739 749 431 122 80 170 416 115 84 787 167 263 344 690 276 623 569 
61 97 694 803 12 205 212 391 236 237 557 228 600 750 32 588 792 213 628 778 341 604 477 207 81 
630 650 817 618 157 624 561 170 247 778 231 528 543 778 258 154 307 465 7 462 525 286 719 7 675 
106 587 320 785 58 631 761 148 729 686 374 687 709 593 774 528 690 802 489 330 247 57 748 335 350 
326 147 374 627 483 530 582 781 802 429 580 795 394 709 711 6 270 641 527 11 64 645 176 546 237 
687 283 493 433 729 695 479 263 8 793 101 128 517 321 557 712 120 690 126 502 15 557 765 433 114 
60 25 512 179 31 604 541 398 416 24 725 522 355 618 191 599 410 659 261 19 70 444 45 104 140 
729 219 122 294 242 75 367 3 100 374 167 693 371 704 180 740 113 661 206 590 630 330 171 450 497 
18 242 103 411 469 301 732 488 443 536 352 789 645 485 293 283 227 235 481 747 213 103 191 719 770 
560 661 405 750 259 732 240 430 39 579 739 102 704 641 56 255 7 730 754 603 278 719 559 645 478 
813 665 148 481 628 645 389 482 72 814 57 374 64 494 248 589 297 576 596 658 439 239 411 406 454 
344 229 175 421 495 390 242 307 628 781 461 495 645 807 601 97 494 611 725 539 509 179 703 308 429 
147 592 202 690 578 661 264 822 425 421 27 40 659 803 352 777 20 306 123 70 504 395 172 1 458 
251 819 103 411 469 192 373 481 443 67 519 816 787 485 85 467 227 235 488 626 106 772 134 719 814 
61 97 475 353 9 332 214 742 791 366 557 297 178 321 110 588 396 213 628 643 724 375 477 207 81 
729 243 122 577 819 165 5 3 301 374 307 726 511 471 383 252 392 661 168 65 129 728 382 107 497 
523 267 80 411 786 441 646 115 821 197 528 794 230 565 609 195 720 146 481 816 421 482 704 767 234 
703 596 226 747 810 193 632 119 125 188 102 785 48 609 200 565 546 685 273 647 676 196 488 640 557 
34 421 600 310 235 792 578 207 276 601 657 42 645 708 458 528 505 716 7 149 179 502 140 270 323 
689 679 787 520 330 409 149 747 356 406 643 160 166 9 186 273 400 290 477 601 97 247 7 453 118 
238 429 535 465 528 692 717 140 542 90 31 769 671 815 223 116 90 457 118 234 725 57 701 524 546 
772 349 571 385 58 496 237 148 254 343 515 628 532 628 246 189 627 244 763 431 55 713 441 87 246 
158 37 624 795 788 504 491 430 553 58 14 781 378 546 220 781 698 712 531 545 577 709 476 313 276 
721 18 88 167 557 785 528 232 18 481 680 31 502 294 557 3 90 317 580 170 242 94 85 234 529 
201 515 122 649 781 525 669 628 643 548 222 770 207 404 179 329 510 307 611 345 587 179 54 782 409 
736 109 340 653 729 695 230 809 8 610 101 82 663 750 557 712 162 690 103 717 583 557 8 490 114 
435 770 230 518 401 9 60 313 766 179 136 165 384 232 542 725 344 139 561 550 280 744 15 736 809 
725 442 575 426 255 543 383 496 166 431 14 457 772 445 348 719 658 107 85 639 297 232 42 300 27 
797 146 242 247 703 517 700 528 651 420 574 65 116 477 405 496 559 10 704 753 712 222 746 446 88 
268 193 781 62 183 435 122 601 723 57 422 87 601 18 649 488 795 538 819 673 694 160 754 168 39 
736 4 723 704 338 517 366 83 819 815 101 97 170 330 155 602 411 807 514 411 661 528 661 395 717 
748 235 277 221 41 531 51 242 355 436 693 384 487 611 347 735 197 156 7 27 28 776 640 768 207 
790 767 695 76 622 5 330 628 615 66 525 244 235 702 815 502 151 373 241 518 52 371 729 722 146 
798 599 106 167 467 623 658 539 258 528 690 781 411 243 645 394 329 820 11 240 528 61 72 235 754 
514 822 736 247 422 143 335 589 235 273 205 474 309 148 785 474 687 792 276 149 810 366 723 122 39 
713 232 482 493 7 201 252 235 285 782 242 37 149 140 782 179 723 360 201 140 80 349 478 207 232 
343 431 58 729 136 330 294 707 186 607 247 142 374 560 529 823 411 231 516 4 249 374 201 567 742 
476 530 177 718 308 136 791 626 463 494 781 717 583 549 31 365 427 380 429 406 729 467 657 740 471 
639 37 421 307 467 623 658 474 597 528 690 781 411 485 489 781 477 514 409 257 528 61 63 235 803 
301 712 546 351 155 411 236 678 547 371 538 77 729 715 290 100 239 719 751 165 754 481 661 643 57 
379 235 47 0 107 497 190 782 579 371 562 520 1 364 25 764 68 469 687 168 221 781 90 536 603 
201 140 145 101 557 561 348 543 579 190 558 725 247 591 80 467 277 498 410 329 313 235 738 528 398 
795 661 478 321 107 732 447 139 302 222 373 748 607 74 432 331 7 489 803 350 64 719 731 763 478 
106 273 59 247 776 465 364 716 729 111 374 736 718 810 689 528 690 627 181 728 420 57 38 92 1 
702 715 529 232 331 374 613 341 637 249 418 589 462 52 819 470 758 729 238 573 447 296 543 90 710 
238 712 813 485 560 368 221 174 44 528 419 628 179 509 310 714 408 248 519 288 703 557 582 344 294 
326 147 374 680 483 393 554 394 680 626 381 397 394 718 749 290 89 720 576 710 314 645 309 546 366 
57 426 651 660 17 529 142 728 654 7 324 87 814 106 302 191 179 190 103 528 258 421 778 685 418 
725 133 311 792 331 646 468 586 47 820 315 86 126 445 16 719 779 584 293 219 679 232 699 119 111 
513 207 161 381 26 523 7 394 244 61 633 299 445 476 632 820 128 528 268 298 723 611 347 409 556 
626 814 230 382 634 177 636 170 651 179 782 241 665 232 777 725 512 390 574 185 197 320 110 736 809 
153 712 328 719 578 199 280 72 622 557 344 690 225 57 478 660 406 661 7 492 690 136 540 435 144 
92 140 429 9 259 57 2 538 608 19 33 179 104 106 374 90 776 275 307 235 698 173 772 750 819 
736 467 359 402 729 501 479 263 739 793 197 128 518 750 557 712 708 690 772 277 441 557 8 588 114 
488 371 776 232 221 660 16 507 790 590 599 7 460 155 621 646 547 543 729 7 557 18 616 712 136 
784 65 391 61 509 134 428 142 265 395 139 690 495 378 262 752 809 25 767 557 484 142 454 661 528 
573 403 515 410 526 232 476 453 481 587 398 108 188 485 789 265 235 579 332 348 283 445 411 508 189 
506 728 717 80 677 725 25 195 446 103 158 16 362 261 513 514 168 232 57 481 232 310 746 634 233 
725 435 35 712 42 804 411 170 655 532 34 458 222 294 820 723 363 655 821 644 67 742 313 389 527 
403 175 486 724 55 413 433 450 690 225 499 353 818 305 517 345 268 512 593 221 581 712 32 746 728 
485 553 421 307 109 43 610 539 436 528 690 394 411 639 730 781 477 514 482 642 528 147 63 235 754 
219 458 35 651 221 20 12 100 709 180 318 610 434 628 133 156 551 213 557 468 171 296 781 235 785 
800 678 678 459 661 819 122 237 356 202 111 426 179 266 627 723 624 476 633 474 819 374 41 57 345 
294 7 382 299 436 759 763 74 744 643 58 744 51 463 373 193 275 817 64 741 712 222 139 285 377 
810 628 481 642 71 136 174 728 120 588 750 345 46 39 396 235 729 10 452 619 388 638 378 181 102 
305 628 488 377 574 398 196 330 380 620 750 345 312 39 792 235 729 824 98 619 388 336 354 645 817 
415 704 525 541 97 194 41 488 505 116 729 778 789 206 614 259 149 122 269 719 439 145 729 232 606 
719 437 343 106 691 235 723 690 453 678 205 651 663 32 709 736 289 200 694 583 328 528 216 729 479 
101 124 181 435 336 440 78 767 478 160 38 420 497 609 200 608 39 455 51 758 521 196 488 732 557 
553 661 688 321 107 732 257 223 302 222 322 817 607 720 580 200 7 489 803 350 262 719 549 787 405 
336 628 481 377 561 136 174 728 674 588 321 240 389 546 792 235 729 325 98 121 142 593 354 489 105 
530 232 676 452 7 201 669 235 814 398 819 795 149 652 136 179 498 360 477 416 80 349 210 207 232 
140 237 641 229 210 382 725 61 244 141 142 222 670 387 750 792 481 289 201 653 408 548 723 424 122 
576 547 383 727 631 750 607 57 624 221 546 819 53 493 375 719 54 59 136 364 491 722 57 528 729 
546 750 583 781 743 740 728 552 729 151 122 167 541 543 733 645 781 144 122 610 709 140 542 733 438 
341 682 732 481 734 80 604 452 29 5 218 235 6 119 330 729 552 57 134 762 246 158 147 204 793 
3 300 86 704 261 632 53 815 448 612 78 743 661 712 528 159 626 182 73 281 781 242 776 759 218 
421 771 334 247 776 400 442 148 729 27 374 406 718 17 811 528 690 14 787 728 420 57 327 287 461 
463 421 462 97 235 792 647 207 104 601 657 693 730 533 458 528 585 609 7 519 179 502 140 758 151 
714 712 577 798 560 526 725 174 586 528 616 628 179 509 97 714 401 547 149 224 101 557 582 344 446 
661 27 118 85 539 232 780 178 18 754 594 592 294 326 144 729 740 475 429 384 554 235 818 723 502 
57 396 3 407 593 529 142 330 634 7 262 391 384 106 302 434 179 190 126 528 613 213 412 788 75 
661 25 186 559 542 734 762 677 621 103 255 505 291 22 740 84 102 777 232 207 412 193 94 719 311 
784 42 650 816 446 742 689 357 675 395 246 221 672 739 84 21 681 551 803 406 770 590 121 419 653 
271 661 696 596 316 811 235 97 481 246 302 483 772 398 623 551 31 178 235 584 806 699 717 600 305 
567 54 750 1 213 769 89 565 707 566 179 800 783 673 135 317 136 426 39 57 57 819 644 122 729 
560 783 67 497 309 232 740 563 488 51 136 623 188 485 27 375 235 222 265 16 283 445 411 425 704 
123 332 236 353 749 146 631 395 26 147 825 319 813 690 611 174 818 662 75 234 406 142 201 709 697 
654 147 374 627 410 530 454 781 14 435 83 37 781 718 363 290 647 503 576 409 324 181 176 546 366 
661 686 429 443 196 232 780 178 251 754 740 620 446 326 9 729 617 726 626 814 582 235 341 498 91 
619 214 563 419 781 485 362 424 184 465 55 502 492 775 62 146 126 368 606 711 263 323 374 210 149 
61 433 202 690 647 661 409 229 333 106 789 135 608 353 648 281 427 258 425 70 214 395 324 603 222 
690 810 123 719 197 174 375 7 765 556 820 122 170 80 140 24 84 181 611 31 473 690 437 43 686 
723 154 309 14 451 813 592 452 557 72 81 700 507 426 631 61 429 369 712 596 229 3 307 694 61 
300 167 302 652 416 139 200 528 580 54 444 514 690 95 440 791 239 603 66 235 728 767 0 585 177 
488 778 650 531 424 247 420 202 675 23 388 360 12 199 144 274 516 714 332 603 550 768 100 424 324 
724 806 237 119 594 352 247 411 334 172 209 736 236 32 386 200 150 46 322 509 155 597 280 197 514 
593 628 481 447 561 398 474 728 708 620 750 164 389 39 792 235 729 824 705 589 388 698 407 645 327 
144 686 477 237 57 102 350 374 90 307 465 419 670 400 196 207 252 650 66 36 238 175 766 132 125 
333 640 626 156 75 562 179 183 186 808 8 574 696 39 313 405 242 330 462 354 652 168 601 660 362 
557 265 400 175 528 467 330 181 136 313 394 677 393 156 530 490 158 179 22 825 246 451 542 703 601 
704 515 313 411 241 583 445 24 821 197 528 655 295 659 609 121 720 185 488 569 106 606 622 66 234 
398 167 632 552 420 571 230 195 631 628 404 729 179 652 794 327 357 620 275 514 517 149 303 596 235 
473 100 469 421 691 390 242 611 628 394 459 260 763 585 718 97 825 167 725 196 509 179 280 78 747 
576 816 329 237 57 748 461 374 90 307 400 419 248 821 35 207 594 650 119 773 238 440 3 759 688 
252 393 576 709 759 136 595 118 463 825 781 68 52 559 809 135 190 120 118 736 729 467 126 355 500 
481 129 178 531 191 420 420 202 502 414 722 360 177 799 177 753 756 714 205 350 224 141 822 191 456 
725 118 35 712 726 502 411 80 323 341 463 222 222 813 820 723 711 297 400 636 470 823 170 683 527 
639 397 421 307 109 538 779 35 306 528 690 781 411 243 181 781 477 431 676 642 528 147 311 235 754 
294 7 518 364 258 706 181 506 537 129 776 537 574 525 797 175 568 105 64 535 712 579 764 770 642 
473 677 193 106 392 451 242 167 628 394 350 691 181 159 601 422 227 307 221 196 231 179 197 0 429 
137 235 501 632 755 410 20 398 222 195 696 563 211 386 793 451 277 440 406 168 725 394 90 379 444 
661 658 96 439 777 777 148 618 245 126 727 807 358 414 615 563 38 516 232 207 643 469 335 719 63 
332 488 631 346 112 156 789 213 617 318 374 806 818 557 772 184 712 37 528 557 521 207 263 567 175 
58 169 564 232 544 601 82 569 510 789 237 398 790 494 772 180 57 235 694 33 714 61 207 7 170 
539 624 290 277 637 583 661 375 663 631 797 420 440 231 334 347 351 675 481 5 28 719 470 130 369 
18 207 43 366 364 93 179 538 749 98 279 214 54 270 161 714 56 57 509 235 585 425 237 712 509 
81 194 512 712 512 622 310 62 520 443 330 56 815 411 430 481 202 795 145 792 725 268 109 393 816 
701 747 207 309 786 307 179 330 406 431 20 509 44 733 566 197 236 481 557 320 774 7 125 7 426 
222 90 725 155 628 201 179 247 714 481 427 223 18 717 419 661 595 268 460 336 305 715 438 628 438 
661 610 96 339 756 756 716 192 206 657 255 159 455 19 252 563 105 542 232 207 812 175 391 719 65 
476 110 7 712 813 285 549 557 45 818 552 201 741 207 544 330 463 791 661 602 336 375 125 90 587 
488 643 600 163 286 247 247 282 502 472 616 360 540 318 12 274 281 486 604 444 224 783 618 664 278 
667 235 171 712 32 782 419 635 505 272 672 313 824 407 797 557 403 102 161 400 109 777 704 493 59 
690 810 130 719 197 474 375 7 797 535 820 122 170 80 652 684 138 489 167 31 344 690 567 317 789 
77 780 405 810 782 664 709 374 407 242 576 661 99 463 234 822 772 557 540 31 705 612 227 374 227 
645 181 406 438 719 31 230 582 309 265 154 557 394 165 520 440 375 650 488 728 729 390 373 787 525 
669 152 9 718 672 782 595 435 34 825 781 68 583 439 809 572 271 541 118 687 729 109 69 355 471 
816 808 688 611 769 393 261 411 628 366 229 103 420 114 653 703 134 301 514 400 327 307 292 248 300 
2 421 178 422 235 182 89 207 437 718 657 726 645 541 579 528 585 762 7 352 179 804 140 79 228 
106 51 537 420 21 631 386 81 729 27 374 406 601 593 811 528 690 802 226 330 247 57 102 92 350 
395 590 335 147 509 700 428 388 604 239 764 690 392 86 262 376 809 793 464 557 162 142 454 661 528 
56 539 179 709 340 307 498 392 389 440 575 140 712 2 170 76 364 481 232 118 528 112 321 119 556 
130 375 62 754 711 417 631 784 341 61 531 113 446 690 167 474 341 369 95 218 736 142 477 709 697 
622 67 80 411 75 32 646 684 821 101 528 655 562 279 716 371 506 224 488 816 421 606 523 464 298 
522 507 195 674 618 116 108 339 516 811 210 742 86 750 812 728 512 147 764 247 812 57 347 321 247 
344 677 440 421 298 764 242 167 628 394 1 298 787 807 709 422 825 307 221 539 231 179 703 132 626 
49 466 624 795 715 116 491 451 37 58 154 781 86 39 251 394 336 712 494 385 446 709 615 80 769 
184 777 346 231 516 145 89 793 719 302 624 200 528 446 783 329 11 288 327 548 60 608 650 82 588 
609 402 512 712 512 704 422 62 520 443 330 83 596 411 451 481 526 560 56 426 725 45 109 591 569 
565 221 93 524 454 162 698 122 173 309 129 458 313 588 247 817 528 440 26 3 298 14 307 57 53 
720 820 58 729 782 728 446 88 96 500 247 217 374 560 116 742 411 509 756 4 733 374 201 104 823 
714 435 363 821 528 815 804 140 734 90 263 29 593 738 764 504 122 378 429 392 221 57 173 715 302 
322 417 242 247 280 517 191 528 766 785 587 745 504 201 405 215 296 572 607 275 712 579 746 813 647 
141 175 486 532 55 317 592 491 690 225 370 803 532 698 663 642 743 344 17 221 334 712 158 768 728 
798 573 213 307 467 538 513 539 306 528 690 394 411 219 489 394 477 514 264 164 528 61 63 235 353 
381 539 179 601 359 307 498 260 460 440 745 652 712 34 80 53 386 488 232 118 528 129 750 119 741 
511 757 693 362 117 55 428 82 117 35 755 57 159 391 17 617 114 713 281 260 661 411 331 255 414 
615 233 9 718 672 782 50 118 34 531 394 804 49 439 809 824 190 708 626 406 729 283 657 669 704 
61 422 726 803 540 332 504 94 791 366 557 297 462 321 49 169 426 213 628 778 818 375 329 207 762 
534 469 394 791 513 435 90 601 723 57 422 391 709 520 649 481 553 623 819 306 42 438 754 206 39 
667 235 518 712 32 782 388 212 159 669 706 313 10 407 373 557 783 105 46 821 467 777 523 452 187 
681 405 223 674 366 767 242 786 374 271 212 340 181 488 477 108 691 64 702 719 74 725 787 302 376 
353 485 480 690 784 207 685 180 661 785 557 300 514 613 395 206 521 346 631 171 478 364 809 340 283 
148 653 512 712 344 189 97 357 453 454 330 83 124 411 764 488 360 573 304 792 221 808 467 152 127 
644 310 644 151 294 65 481 608 352 690 595 437 719 136 661 695 13 727 351 149 613 122 531 440 272 
808 149 661 146 193 594 391 416 548 476 207 764 394 353 272 231 207 236 265 262 719 592 249 249 117 
197 106 660 158 791 222 578 303 202 294 385 678 525 2 520 400 7 781 63 410 236 124 575 31 569 
471 470 170 411 241 110 445 54 400 280 528 151 295 279 762 801 507 550 488 816 421 264 487 464 319 
397 403 267 497 360 232 594 520 481 273 782 317 28 798 816 604 235 222 205 76 467 697 411 508 500 
507 330 675 313 677 725 658 570 813 657 110 348 346 253 793 820 206 232 57 481 232 422 746 326 233 
251 207 108 366 448 683 179 342 749 340 209 212 24 707 161 238 56 57 231 235 505 558 237 712 231 
481 309 179 115 264 89 787 247 436 807 96 720 219 283 10 396 427 149 74 335 235 313 48 421 90 
411 725 158 204 348 509 232 558 282 323 106 140 807 798 53 286 10 160 761 785 739 154 504 772 224 
73 193 394 236 183 435 90 709 498 57 422 87 718 453 771 488 573 413 242 436 699 438 353 292 302 
118 665 230 382 408 540 636 313 3 179 398 241 285 232 198 221 512 139 771 224 101 59 583 406 31 
111 45 210 167 104 530 253 411 628 237 192 103 420 114 402 280 664 618 820 821 748 167 621 180 66 
179 429 307 76 247 188 51 208 246 566 517 90 365 498 284 458 232 823 411 365 445 469 676 98 210 
344 822 440 421 691 139 242 307 628 781 459 691 645 807 601 97 227 611 725 174 509 179 101 78 435 
577 770 81 488 628 787 46 676 65 665 57 374 278 227 180 801 228 9 596 793 731 239 411 736 454 
335 140 435 9 450 57 2 413 209 23 202 179 104 213 374 122 58 41 307 235 593 701 772 321 819 
580 474 179 709 705 167 723 495 289 469 63 140 712 525 313 16 761 488 232 747 528 412 321 300 363 
498 26 179 659 327 313 18 150 36 147 554 388 788 146 501 175 781 221 600 7 3 398 661 525 310 
199 712 408 719 707 199 703 544 622 557 344 690 225 57 405 354 406 661 7 814 690 136 12 626 576 
746 385 125 698 782 664 718 374 86 242 9 661 535 463 298 822 69 557 9 263 548 796 227 374 227 
328 147 374 627 483 591 85 394 802 435 381 553 781 601 363 82 89 74 144 521 324 226 176 39 237 
239 63 287 147 231 480 799 217 205 239 139 690 298 86 314 780 263 513 66 557 533 388 554 661 528 
5 97 60 655 813 311 488 279 648 690 595 276 719 136 661 449 79 249 734 648 306 122 150 469 476 
567 61 63 673 48 728 652 96 496 483 820 645 373 238 307 816 690 362 690 185 712 13 690 738 70 
776 169 203 232 311 601 290 686 23 127 237 398 311 531 657 248 57 235 699 309 486 147 207 7 170 
462 297 122 241 806 328 529 579 798 313 501 480 498 645 440 230 801 335 272 122 380 352 750 824 390 
757 661 36 750 450 765 254 223 546 579 322 102 189 507 83 200 7 763 803 444 64 719 296 787 478 
798 553 213 307 283 347 513 174 613 528 690 781 411 639 730 781 201 431 676 637 528 61 72 235 754 
147 310 726 803 144 375 70 287 357 237 557 655 462 750 15 402 792 106 628 812 818 265 329 207 81 
715 769 818 493 781 275 167 350 142 153 329 143 597 744 62 481 276 785 787 750 321 776 578 421 179 
503 820 21 729 136 330 813 88 96 622 247 217 374 553 214 92 411 509 734 537 727 374 329 104 335 
446 7 171 448 258 759 226 343 4 643 776 334 273 463 797 175 274 102 314 99 712 458 764 665 637 
507 330 277 313 192 221 183 511 446 657 52 16 519 774 779 431 245 232 57 488 232 422 403 266 713 
222 90 221 464 628 477 179 247 238 481 415 451 138 91 616 661 50 534 312 671 638 524 438 628 28 
481 129 462 494 700 247 420 282 91 668 419 526 540 681 144 629 666 246 205 459 288 746 301 664 244 
457 725 374 28 403 255 90 374 147 600 179 473 750 224 122 357 396 528 303 776 202 493 195 557 665 
374 19 231 784 684 437 221 354 578 651 485 121 323 380 297 114 377 406 235 806 7 488 813 660 601 
778 600 327 822 157 55 771 313 247 630 231 528 445 643 436 315 611 631 7 600 525 700 719 7 91 
221 364 745 792 727 543 547 586 166 514 14 303 126 646 53 719 779 584 454 798 794 232 693 767 27 
265 488 821 519 630 808 27 421 272 153 374 395 751 557 772 511 712 466 528 557 482 207 31 769 193 
94 132 680 82 543 38 712 57 690 746 58 174 121 330 557 330 568 256 269 17 167 57 751 353 251 
235 187 451 307 228 78 247 412 497 781 575 453 483 577 783 34 725 218 324 220 168 596 402 242 435 
