134 1
7 
106 
50 
59 
59 
30 
40 
128 
58 
93 
130 
28 
21 
100 
79 
30 
97 
93 
123 
121 
121 
8 
1 
124 
47 
1 
97 
48 
85 
98 
16 
100 
13 
133 
108 
18 
46 
26 
98 
56 
77 
14 
30 
100 
124 
110 
131 
18 
86 
62 
114 
18 
3 
77 
53 
52 
48 
93 
112 
64 
103 
35 
44 
112 
127 
69 
113 
22 
113 
128 
87 
34 
115 
87 
86 
77 
24 
51 
59 
53 
22 
93 
114 
12 
41 
128 
65 
27 
121 
5 
69 
111 
100 
80 
9 
107 
105 
86 
125 
124 
33 
109 
50 
7 
95 
45 
67 
33 
106 
0 
93 
95 
5 
128 
50 
96 
78 
77 
90 
119 
104 
0 
36 
22 
113 
118 
4 
111 
70 
119 
94 
51 
125 
128 
