163 1
87 
122 
92 
152 
16 
42 
155 
112 
46 
88 
122 
96 
2 
63 
97 
33 
88 
42 
35 
130 
93 
138 
66 
57 
33 
122 
161 
66 
2 
63 
29 
15 
111 
21 
103 
152 
72 
152 
157 
116 
87 
46 
152 
11 
93 
16 
11 
4 
24 
2 
87 
87 
16 
143 
106 
2 
16 
2 
37 
9 
126 
60 
122 
63 
92 
97 
58 
162 
122 
60 
111 
134 
162 
159 
80 
144 
16 
116 
143 
35 
97 
160 
87 
42 
85 
90 
97 
154 
94 
16 
94 
139 
162 
72 
47 
33 
33 
44 
144 
93 
128 
16 
29 
24 
12 
64 
11 
2 
22 
130 
137 
111 
111 
95 
87 
63 
39 
44 
16 
95 
105 
111 
135 
63 
107 
11 
93 
44 
66 
87 
95 
161 
159 
16 
134 
36 
60 
5 
133 
95 
63 
76 
87 
119 
119 
103 
87 
16 
137 
16 
112 
33 
83 
112 
112 
119 
36 
16 
106 
67 
134 
67 
97 
