332 22
158 149 133 23 219 135 318 9 108 27 230 264 27 83 187 133 214 311 250 285 327 268 
222 35 171 182 153 129 47 68 67 38 226 252 59 171 225 220 231 86 57 54 233 20 
251 149 133 92 42 254 27 290 108 25 293 281 318 173 113 133 55 62 243 156 245 268 
207 216 212 113 320 147 53 236 188 299 50 87 36 92 145 89 47 165 224 269 88 61 
174 317 234 309 114 7 298 133 103 76 78 96 119 154 265 230 62 82 136 43 2 240 
270 149 133 221 276 128 27 290 109 318 205 247 318 52 13 133 214 311 30 138 239 166 
46 41 133 146 135 184 60 250 141 265 14 290 232 193 33 160 326 315 293 238 311 36 
161 137 298 327 248 171 194 161 27 224 297 309 329 255 30 30 319 90 236 308 104 66 
160 52 245 213 23 329 144 221 135 169 9 191 279 84 289 23 27 253 32 288 65 38 
313 19 175 160 125 114 202 107 140 222 140 304 138 161 189 8 294 315 133 268 111 277 
7 256 61 29 222 330 177 88 241 313 237 179 205 288 315 222 191 158 145 144 282 315 
298 110 12 293 107 53 137 36 188 229 289 194 268 137 244 28 89 107 91 110 222 241 
164 276 102 320 207 235 257 25 222 215 59 256 300 242 120 324 314 330 25 324 0 84 
318 204 298 57 121 14 223 273 127 118 214 174 146 294 72 43 192 326 197 34 41 263 
35 27 240 196 59 11 182 96 49 242 266 168 307 32 251 288 35 112 216 138 71 297 
61 178 179 16 48 171 210 194 222 256 319 248 294 240 314 25 299 249 68 34 62 319 
298 59 10 106 89 288 63 92 298 135 148 78 311 74 21 299 158 112 108 288 30 108 
263 307 288 283 216 246 220 108 12 91 289 112 7 43 222 211 293 29 282 223 18 315 
164 168 72 233 14 83 131 27 222 51 22 110 36 79 199 91 314 265 27 269 323 180 
75 135 200 73 17 270 129 1 298 324 136 109 311 305 139 59 129 239 250 69 221 114 
55 1 315 288 290 140 216 204 161 9 14 292 153 32 133 259 145 176 229 62 23 176 
305 213 70 111 90 217 143 236 320 83 49 183 150 160 32 288 106 64 11 237 153 177 
298 302 134 260 97 288 228 92 298 129 77 308 311 82 140 299 270 112 108 288 243 109 
259 108 85 271 133 47 12 148 180 224 223 32 311 223 288 140 293 177 317 126 66 138 
219 108 26 222 48 265 48 247 180 69 222 179 166 65 190 298 80 133 240 44 263 46 
13 293 303 36 162 62 21 280 167 37 30 194 27 3 218 144 118 134 319 62 259 283 
119 322 212 32 222 69 142 263 241 276 53 149 205 288 307 222 164 46 39 314 282 307 
127 205 286 211 219 311 21 130 328 243 61 223 318 3 134 192 304 134 241 311 127 65 
117 109 247 288 175 57 264 199 91 222 81 307 222 303 331 220 160 57 50 196 160 130 
103 290 28 71 188 293 244 254 146 304 311 20 62 204 222 329 195 254 69 222 65 314 
36 83 153 292 18 152 102 100 2 166 160 32 212 262 307 133 288 293 174 219 198 25 
73 163 45 20 27 38 6 38 94 102 112 255 285 317 208 303 306 258 223 279 149 267 
281 290 168 81 27 205 330 129 35 118 311 20 62 233 222 274 113 135 69 222 246 192 
160 173 152 99 81 253 192 81 236 117 290 203 279 84 8 23 318 253 29 288 283 279 
171 173 23 66 255 66 209 298 174 40 133 62 194 136 264 53 256 145 287 148 159 25 
214 315 288 283 151 246 166 109 18 269 231 112 172 169 222 211 230 29 196 194 12 174 
26 163 73 114 25 279 154 38 115 181 112 255 138 226 217 258 107 12 194 279 85 272 
300 271 246 154 12 152 72 304 40 41 160 29 37 138 307 133 288 230 174 240 22 27 
133 250 288 265 288 99 41 18 287 24 194 327 13 309 82 206 294 27 194 250 179 262 
207 133 290 166 288 48 181 276 144 73 160 47 284 32 288 170 299 185 281 243 114 160 
270 149 133 81 162 135 27 9 109 188 293 150 188 52 141 133 263 311 61 126 306 137 
112 288 329 223 170 260 244 30 133 307 29 166 308 305 157 32 207 318 192 268 160 158 
43 108 103 288 175 57 264 120 4 222 81 315 222 12 18 220 160 226 262 282 160 236 
166 201 205 151 237 129 27 220 160 48 281 10 107 163 102 107 302 57 219 133 102 320 
140 240 302 204 250 314 158 223 277 108 198 133 238 194 239 112 105 69 21 298 43 133 
167 282 30 32 222 69 142 263 209 162 237 149 293 288 307 222 305 251 145 248 110 174 
222 160 307 190 19 24 136 5 135 84 326 174 300 283 287 58 85 181 230 262 298 194 
167 234 311 79 214 298 185 92 296 21 109 207 210 119 237 222 223 207 186 66 291 34 
167 137 169 261 112 298 180 201 278 175 199 222 222 24 298 20 106 158 178 32 121 160 
248 280 67 106 233 110 275 48 19 186 143 72 228 247 170 84 179 53 197 21 9 304 
315 15 48 254 268 299 155 38 183 29 106 57 298 316 225 84 223 268 90 103 305 135 
191 276 96 320 111 235 257 27 222 215 277 282 36 101 0 91 248 69 318 278 5 169 
175 236 245 133 177 323 84 174 245 298 28 320 53 293 288 13 85 38 248 32 133 114 
61 18 222 17 291 82 297 32 53 279 112 0 261 173 313 8 238 244 2 163 91 123 
222 74 278 74 246 236 112 56 67 105 317 90 234 324 46 41 289 257 232 1 204 213 
33 116 160 330 16 133 85 226 217 122 175 10 21 129 78 20 232 160 132 265 192 160 
201 268 298 284 192 278 223 201 27 275 183 147 261 80 61 30 292 138 236 153 159 77 
169 128 260 109 20 61 160 166 318 85 264 181 311 298 243 18 148 321 133 61 118 122 
133 61 288 244 288 99 166 258 253 297 223 306 187 136 310 231 15 318 223 243 85 126 
298 59 218 150 211 288 228 312 298 254 186 65 62 310 87 299 270 47 109 288 61 109 
167 268 169 261 47 298 43 161 324 60 5 222 222 155 298 99 260 158 94 32 231 160 
211 271 308 292 303 107 326 39 199 220 160 29 37 262 174 133 288 293 174 313 16 25 
171 156 210 201 194 290 67 29 316 292 298 57 108 103 311 55 279 85 313 39 25 160 
117 129 103 109 20 37 160 41 25 149 247 326 62 298 37 331 186 210 133 30 145 271 
68 268 180 287 47 298 43 161 324 64 323 222 222 155 298 114 103 225 95 32 289 160 
140 202 277 204 61 144 225 223 234 108 277 133 189 223 284 112 279 244 87 298 84 133 
182 148 169 155 132 230 82 311 56 30 60 29 214 312 259 36 84 298 193 313 290 31 
294 129 190 218 82 225 135 86 298 4 147 109 62 305 98 277 236 245 212 265 71 99 
201 137 298 327 192 91 223 201 188 275 132 136 261 255 243 212 6 156 130 246 159 186 
112 219 108 4 288 121 313 132 10 329 237 200 55 179 232 179 298 308 273 325 322 133 
222 146 269 182 153 280 47 328 72 38 232 50 325 269 291 166 8 1 57 131 316 114 
190 109 85 122 133 112 51 186 117 275 223 32 62 223 288 21 205 125 226 90 139 285 
75 280 141 73 310 158 280 70 298 269 147 109 311 203 77 59 135 107 243 69 92 20 
7 282 212 29 222 69 79 189 6 276 143 149 205 288 315 222 203 46 145 314 282 315 
55 174 288 76 275 153 137 108 258 324 289 112 328 180 222 211 293 32 256 194 331 307 
37 217 149 325 175 269 321 223 222 110 154 3 294 162 314 188 143 249 68 80 62 319 
140 42 325 159 243 248 291 194 277 108 302 133 88 223 245 112 38 265 87 298 84 133 
17 186 117 183 155 230 182 311 167 243 175 29 189 312 187 211 180 298 272 28 290 300 
140 276 16 104 61 314 270 223 325 108 16 133 55 194 239 112 279 69 21 298 84 133 
331 256 85 315 299 244 223 203 296 199 222 63 100 195 160 137 133 29 1 307 46 96 
171 235 93 186 34 77 241 298 174 199 133 62 223 309 264 143 256 304 185 66 104 318 
200 109 85 173 133 112 18 98 169 216 223 29 311 194 288 21 230 142 232 50 66 138 
189 315 288 76 170 153 220 108 124 171 231 47 172 84 222 36 205 29 196 223 303 174 
64 135 306 133 101 5 84 174 284 298 162 159 53 230 288 259 179 279 192 32 133 213 
220 75 205 275 53 130 25 268 160 64 150 218 107 184 326 284 198 197 168 133 67 204 
129 253 52 15 164 9 309 235 99 35 255 237 133 108 286 298 248 25 194 63 290 226 
222 146 269 74 246 128 47 328 19 58 57 262 325 91 225 166 289 1 228 295 204 99 
191 114 86 14 285 217 143 280 159 235 49 267 103 160 32 288 281 64 94 299 308 79 
8 209 160 69 277 133 149 232 178 271 175 10 21 135 65 213 63 160 24 69 3 160 
10 136 10 114 27 58 6 58 208 181 112 249 126 63 208 12 306 215 223 58 179 266 
174 294 48 135 137 143 266 279 155 29 106 57 298 320 251 43 223 137 262 103 203 280 
307 57 277 136 99 172 298 133 103 65 78 102 68 116 265 293 311 74 309 117 0 162 
141 108 149 271 133 47 124 148 84 151 223 29 311 223 288 140 205 79 232 90 77 90 
200 109 179 83 133 47 331 98 169 49 194 29 62 223 288 21 293 157 317 90 148 90 
298 110 331 205 245 237 220 97 318 319 289 194 268 41 265 162 300 239 171 322 222 154 
298 322 12 230 152 237 166 300 25 116 206 223 41 41 69 276 176 327 324 282 222 229 
15 130 195 26 82 225 280 54 298 269 136 108 62 164 66 234 254 152 37 69 312 114 
134 147 10 20 25 279 6 38 95 102 47 255 138 57 178 215 107 286 194 279 179 24 
146 77 180 24 183 205 146 311 119 250 64 32 214 81 113 176 180 298 272 28 290 36 
238 227 307 288 290 87 216 104 75 290 207 229 308 29 133 127 118 31 209 311 23 97 
111 133 290 166 288 64 72 240 3 26 160 112 327 29 288 216 143 261 260 37 20 160 
258 196 179 307 237 265 194 210 296 165 222 232 145 113 160 220 133 32 70 315 46 181 
201 280 190 134 146 158 128 227 298 324 184 109 62 191 148 16 135 306 243 244 23 114 
248 123 140 26 168 119 207 194 154 110 171 105 288 133 288 301 288 267 109 78 301 287 
248 136 59 23 61 58 172 178 330 48 257 98 297 108 117 14 61 194 298 301 81 283 
133 212 288 265 288 20 268 12 261 193 194 327 259 147 35 231 201 27 223 37 85 156 
144 6 21 134 42 7 14 194 123 322 278 38 288 133 288 115 288 267 109 78 217 274 
236 133 16 113 42 123 208 221 238 265 181 250 220 309 79 223 196 304 278 268 293 195 
76 274 286 145 286 129 88 290 102 157 300 102 22 212 288 133 117 137 236 246 105 152 
65 329 12 145 51 254 189 290 67 157 97 96 277 37 288 133 169 41 280 153 58 327 
303 32 259 59 135 298 240 52 240 110 317 76 140 175 309 278 228 125 145 288 52 133 
182 188 240 196 198 11 310 326 224 79 193 276 174 29 291 288 182 112 224 50 81 193 
7 198 311 142 55 298 329 93 34 87 108 14 191 328 299 222 194 111 139 66 225 249 
27 233 298 197 231 14 223 35 13 304 263 315 74 294 326 84 192 102 317 249 268 214 
263 131 307 288 290 87 49 320 201 290 207 229 153 32 133 190 118 176 154 311 93 300 
298 256 18 293 327 143 137 31 188 229 121 194 41 220 244 313 36 245 278 110 222 292 
46 268 133 310 135 147 64 30 259 265 14 9 197 297 231 160 19 315 230 263 311 97 
137 75 205 224 53 128 25 137 160 48 103 10 245 136 72 284 325 226 313 133 67 159 
111 133 290 137 288 48 96 162 3 218 160 112 239 29 288 275 237 287 103 212 20 160 
294 166 298 239 144 171 194 294 25 49 155 136 253 296 250 37 319 50 236 44 320 98 
270 179 133 93 42 130 318 9 109 318 205 260 188 52 195 133 88 62 30 262 107 268 
160 122 306 213 92 329 248 312 128 43 290 305 38 180 231 81 318 287 29 288 78 58 
175 254 284 133 79 2 43 315 284 298 276 159 53 205 288 113 85 58 144 29 133 99 
291 137 133 17 128 309 64 37 190 244 111 290 317 193 289 160 102 315 230 214 311 300 
321 240 19 316 111 122 295 27 222 331 277 256 36 177 0 4 192 330 318 324 40 180 
51 282 149 307 143 69 194 164 80 40 222 228 304 127 160 166 133 29 227 307 46 19 
307 201 60 135 137 299 267 58 183 32 247 228 298 104 46 169 223 41 252 247 210 128 
25 320 298 197 121 14 194 82 259 118 55 315 182 201 96 169 144 67 226 296 220 214 
137 52 298 192 96 85 222 220 114 200 260 250 316 220 249 19 108 290 288 179 74 62 
268 52 298 3 72 85 222 137 213 259 281 37 159 166 34 19 109 9 288 179 182 62 
268 271 298 248 19 85 222 137 20 13 106 212 204 166 296 181 109 290 288 149 182 62 
222 273 269 74 76 236 112 7 19 38 197 138 16 269 270 41 121 295 57 131 320 114 
219 109 218 222 60 265 64 264 43 69 222 149 220 246 195 298 34 133 28 153 263 251 
232 79 41 196 38 227 243 330 109 41 231 320 98 288 152 53 98 39 298 207 299 314 
172 110 212 29 222 330 242 55 229 240 53 179 293 288 315 222 321 225 118 248 256 315 
268 235 298 248 102 179 222 166 213 195 106 30 159 166 249 67 109 290 288 179 273 62 
286 55 259 149 106 256 33 245 158 55 87 62 198 184 38 108 167 21 282 99 189 68 
112 288 253 223 49 260 244 250 133 307 32 137 65 164 177 32 111 27 314 268 160 46 
307 15 48 254 41 53 155 105 297 29 264 226 298 204 46 169 194 41 262 264 164 254 
35 139 43 24 267 230 146 311 119 212 175 29 55 92 127 89 43 298 267 28 290 211 
210 20 1 207 50 301 143 130 316 83 216 267 264 160 29 288 264 175 208 53 76 125 
25 316 298 197 8 207 223 82 190 39 238 315 74 75 96 43 314 19 232 296 166 88 
51 282 179 174 143 244 194 321 34 40 222 197 100 195 160 41 133 32 257 307 46 326 
212 51 222 310 291 74 183 32 299 38 112 323 287 271 313 8 88 244 199 163 171 229 
14 275 243 190 316 309 299 254 318 299 126 87 176 92 100 36 47 5 170 269 263 212 
111 133 9 268 288 60 19 162 314 10 160 112 245 29 288 170 237 287 281 250 20 160 
189 307 288 308 49 78 220 109 12 278 121 112 167 169 222 176 230 29 196 223 303 174 
258 55 141 179 281 322 206 284 158 214 21 62 277 184 58 108 119 140 282 114 55 68 
310 148 43 155 132 205 82 311 328 37 48 32 238 81 187 176 180 298 266 240 9 31 
280 274 271 161 203 9 136 83 114 273 296 143 133 109 124 298 144 27 223 63 290 232 
192 154 87 218 240 68 111 194 241 196 278 38 288 133 288 217 288 24 109 153 115 274 
3 129 102 103 320 282 216 64 102 77 53 326 228 106 275 43 179 237 228 21 9 100 
128 133 302 190 28 116 115 221 214 244 67 250 220 163 177 223 282 100 91 137 293 13 
87 168 59 104 243 144 251 194 302 108 277 133 88 194 107 112 38 330 87 298 169 133 
291 220 133 182 135 309 175 30 141 265 111 290 232 155 289 160 19 307 293 189 62 89 
162 109 73 222 64 330 60 260 43 265 222 179 137 76 190 298 34 133 162 153 263 46 
174 75 60 129 166 143 267 105 183 32 150 228 298 159 225 84 194 137 285 106 191 129 
286 322 149 307 237 265 223 321 34 40 222 57 39 187 160 166 133 32 257 174 270 102 
222 160 315 259 72 132 136 40 236 84 102 315 211 78 287 38 149 96 230 90 298 194 
314 309 302 221 30 279 167 115 330 175 70 186 267 109 84 111 212 194 298 95 92 283 
46 160 49 196 135 130 62 262 29 9 83 112 186 268 112 232 144 18 106 222 31 52 
61 301 149 302 175 324 305 223 222 282 209 248 201 42 3 27 143 34 7 296 62 241 
43 109 264 288 175 232 264 40 4 222 221 315 222 258 258 137 160 57 90 322 160 129 
18 189 127 85 103 196 121 306 251 189 87 62 22 309 105 108 172 140 322 20 238 328 
53 174 277 171 222 9 9 92 290 180 218 222 176 102 174 29 314 251 11 4 173 52 
225 149 133 81 313 128 318 9 108 318 230 103 25 52 190 133 189 311 212 262 239 137 
112 288 329 223 170 150 265 37 133 307 32 166 246 305 79 29 111 188 144 41 160 251 
161 41 298 107 144 171 223 294 25 49 24 136 329 296 250 243 292 50 130 78 204 66 
180 108 260 288 60 197 247 2 324 222 81 174 222 215 18 268 160 317 90 110 160 128 
166 15 205 216 143 280 27 137 160 48 247 10 284 184 19 327 59 197 162 133 96 104 
144 280 67 281 233 196 275 175 67 148 143 72 57 281 224 43 85 53 197 21 290 145 
174 317 234 163 114 172 298 133 264 78 44 19 68 123 69 230 62 273 309 180 40 276 
15 137 298 306 192 91 194 161 27 49 155 147 185 80 61 212 241 156 236 283 233 148 
64 135 245 133 242 40 180 174 152 298 162 104 143 205 288 113 179 105 314 29 133 20 
316 133 143 186 223 273 230 141 223 83 3 9 133 34 311 230 15 89 311 87 115 213 
328 268 180 261 47 298 169 75 278 48 40 222 222 24 298 213 150 251 217 29 206 160 
218 184 218 99 318 279 292 105 11 96 112 80 252 197 301 18 327 303 194 105 85 266 
215 110 179 174 53 265 194 203 255 165 222 226 118 113 160 137 133 29 70 307 251 102 
298 110 18 293 152 53 137 89 318 6 33 194 137 166 244 42 300 284 269 110 222 292 
130 185 271 201 210 290 147 83 114 182 80 299 133 108 18 298 3 25 194 226 290 228 
137 15 293 224 237 135 188 137 160 60 106 26 306 309 72 327 277 57 202 133 72 320 
15 128 259 45 273 158 130 54 298 171 163 109 62 321 77 59 254 327 243 265 221 20 
214 315 288 44 170 246 166 109 286 171 121 47 167 117 222 36 293 32 256 194 124 315 
42 109 218 222 48 244 60 106 169 265 222 85 41 308 13 298 34 133 276 65 263 158 
12 88 127 149 103 256 121 327 46 238 87 62 22 309 105 109 119 87 110 114 189 167 
47 52 41 225 137 318 32 149 93 45 151 303 294 112 58 266 191 13 290 142 84 117 
182 98 84 267 297 230 35 62 328 61 48 32 263 81 259 97 43 298 272 276 290 31 
318 320 298 226 33 14 194 74 259 100 55 307 146 15 96 169 3 72 232 296 268 214 
113 293 12 176 276 311 87 254 172 30 243 194 318 3 218 144 145 134 319 62 190 246 
33 241 160 265 16 133 179 226 301 52 48 73 87 236 76 114 197 160 24 69 314 160 
27 204 298 226 121 207 194 146 190 39 88 307 35 294 326 180 144 326 226 80 41 189 
53 307 302 171 222 290 290 92 290 169 26 222 300 181 174 32 144 225 94 4 83 122 
111 216 250 195 159 147 299 236 27 53 285 87 36 92 100 97 112 2 151 4 189 250 
28 108 26 222 64 330 175 264 84 330 222 179 220 78 259 298 249 133 240 44 189 46 
156 61 306 282 242 94 161 309 148 111 154 236 100 223 251 29 237 231 20 274 279 288 
27 233 298 63 8 14 223 273 190 39 214 174 74 294 67 43 314 102 226 34 268 214 
18 32 200 325 280 298 240 235 240 110 57 246 140 175 136 171 232 157 145 288 52 133 
84 128 264 109 213 37 160 41 188 85 106 72 311 298 212 303 66 203 133 61 39 122 
298 234 10 103 211 288 228 92 298 236 139 308 311 273 21 143 46 112 108 288 243 109 
46 149 133 312 162 135 25 9 108 25 293 247 27 83 141 133 214 62 250 126 284 268 
188 316 298 63 289 111 223 273 195 39 214 174 310 201 67 180 3 72 197 249 41 238 
243 178 149 59 48 91 305 194 222 282 319 144 75 28 3 188 237 255 7 34 311 154 
117 108 281 288 64 57 260 0 171 222 93 174 222 51 215 137 160 63 50 282 160 130 
299 315 59 91 222 9 290 312 9 43 73 222 97 67 307 32 144 46 217 91 235 122 
314 147 198 71 250 279 167 301 69 175 70 66 297 109 43 111 61 194 298 95 93 76 
214 96 200 9 73 196 193 251 263 325 134 187 162 160 94 60 231 180 59 230 129 14 
160 122 107 213 92 253 192 23 129 117 9 305 279 180 121 312 27 329 29 288 153 105 
146 188 276 322 302 217 17 72 275 157 132 240 174 29 158 288 74 112 275 50 23 267 
298 322 303 293 306 53 220 211 188 229 8 194 220 41 265 162 89 107 278 322 222 6 
158 137 133 35 135 136 175 30 195 244 14 9 226 266 231 160 102 315 293 88 311 36 
299 307 234 91 222 290 9 221 290 169 134 222 176 102 174 32 192 46 115 4 235 235 
26 147 10 114 318 38 116 105 178 181 47 34 50 63 217 303 152 124 194 58 179 266 
89 52 78 123 12 152 72 145 2 41 160 32 243 50 307 133 288 293 174 42 302 25 
238 131 174 288 290 87 170 316 294 9 207 292 65 29 133 13 304 36 123 311 221 300 
121 241 160 244 234 133 85 63 217 173 64 10 140 128 308 99 317 160 266 244 3 160 
321 162 96 316 111 235 54 27 222 124 59 256 89 157 120 4 144 244 318 171 120 117 
3 129 102 264 320 196 151 64 72 98 143 96 197 264 275 180 85 299 317 140 290 145 
298 196 258 293 245 237 41 89 188 123 206 223 268 268 244 240 300 306 324 256 222 123 
68 256 243 29 222 330 142 263 209 276 299 85 205 288 174 222 321 46 304 144 282 307 
43 109 106 288 64 63 260 0 4 222 23 307 222 258 51 166 160 317 285 256 160 280 
112 288 261 194 49 103 69 37 133 315 29 137 78 203 79 32 207 27 144 220 160 46 
259 109 149 173 133 47 303 186 43 224 223 32 311 194 288 21 230 157 317 252 139 262 
104 184 278 317 206 18 114 112 313 32 177 65 275 322 167 308 92 289 194 37 25 178 
90 37 306 196 125 178 201 147 186 207 229 135 304 194 270 32 299 33 114 185 38 288 
144 135 67 247 316 196 216 60 181 139 53 96 317 150 49 43 149 143 228 87 9 304 
222 160 174 141 96 155 136 165 254 43 96 315 176 78 261 58 149 19 205 50 298 223 
169 135 247 109 20 61 160 41 188 149 281 67 311 298 250 331 148 321 133 37 145 271 
222 35 171 17 283 236 112 56 72 279 63 90 59 269 46 41 231 86 197 86 104 99 
180 135 103 109 20 243 160 137 188 85 281 102 62 298 30 124 66 210 133 250 39 83 
291 137 133 74 129 136 64 30 127 69 111 290 232 267 289 160 326 174 230 238 62 31 
238 67 141 290 218 110 155 291 238 325 134 127 276 160 208 64 231 117 325 293 236 111 
160 173 284 99 71 261 314 93 135 84 9 203 279 84 121 92 25 329 29 288 65 279 
180 135 247 109 114 243 160 41 27 85 106 326 311 298 212 51 98 210 133 30 304 83 
314 184 302 23 61 105 7 217 244 48 86 66 193 108 43 207 37 194 298 94 312 308 
298 277 73 264 176 288 226 93 298 128 139 65 62 273 21 53 270 47 109 288 61 108 
60 254 306 133 79 40 180 307 239 298 168 316 53 293 288 200 179 279 144 32 133 20 
41 122 298 248 102 149 222 220 99 113 264 30 204 166 34 96 109 290 288 85 146 311 
250 331 222 74 225 310 183 29 299 58 112 165 274 173 28 289 189 265 40 163 278 116 
289 123 160 265 302 133 85 197 178 83 48 73 87 254 153 20 317 160 183 265 192 160 
254 133 302 259 276 292 11 81 238 244 96 30 268 184 242 223 256 100 91 41 293 195 
84 108 106 288 48 232 106 2 91 222 71 315 222 215 303 166 160 57 156 322 160 236 
270 41 133 17 135 136 60 30 200 69 207 290 317 183 121 160 19 315 293 263 311 97 
12 110 85 307 237 330 194 210 255 199 222 317 118 195 160 220 133 29 295 315 291 72 
176 83 65 229 303 327 96 39 0 41 160 29 61 156 315 133 288 205 174 28 277 25 
112 276 109 171 288 206 28 193 73 185 53 259 263 149 57 149 298 76 146 234 256 133 
128 133 234 190 276 229 217 23 189 244 19 30 137 147 242 223 322 100 269 220 230 113 
87 276 59 104 250 144 251 223 325 109 59 133 189 194 107 112 58 69 140 298 180 133 
144 154 140 73 276 119 207 223 123 196 278 38 288 133 288 217 288 24 108 44 178 261 
207 49 243 187 204 309 53 135 27 237 50 87 31 92 39 97 47 199 151 278 88 61 
278 271 93 77 80 148 229 298 174 0 133 311 223 184 150 299 256 39 253 139 233 25 
176 122 65 154 12 327 181 100 40 220 160 32 250 285 315 133 288 230 174 276 198 27 
222 160 315 127 67 24 309 199 130 43 181 174 300 44 253 279 149 72 205 262 298 223 
174 75 64 236 166 143 155 279 132 32 264 226 298 320 251 169 194 220 138 281 164 236 
47 52 137 270 41 25 29 179 81 26 275 12 75 112 58 193 210 259 9 101 43 169 
41 173 298 144 96 85 222 220 20 190 150 37 204 137 255 181 109 290 288 179 182 311 
269 83 93 186 34 139 319 298 315 165 133 62 194 147 247 237 282 100 274 66 320 25 
258 32 195 16 135 298 240 173 202 322 232 283 87 60 184 91 57 101 304 288 52 133 
222 82 278 310 44 236 112 119 67 38 232 138 198 91 251 166 206 70 63 70 159 114 
321 162 181 233 207 52 54 27 222 18 325 322 176 125 0 4 144 330 318 171 2 169 
25 320 298 57 206 14 194 35 190 39 55 315 146 75 96 180 144 19 197 34 268 55 
248 209 87 26 219 167 111 194 292 322 91 38 288 133 288 208 288 183 108 153 178 261 
112 235 166 270 137 188 29 85 23 26 49 18 201 47 38 266 210 187 290 125 84 180 
174 201 60 236 220 143 267 58 297 29 103 317 298 159 225 169 194 137 126 247 210 280 
8 116 160 265 302 133 85 228 95 173 48 73 21 236 283 20 232 160 132 330 3 160 
192 292 87 73 168 167 14 223 6 256 269 58 288 133 288 94 288 297 108 308 11 287 
112 42 108 171 288 206 240 155 10 287 299 195 214 179 232 179 298 283 35 277 256 133 
28 108 45 222 64 330 175 106 169 244 222 149 137 65 190 298 255 133 276 153 214 46 
168 109 26 222 64 330 60 103 169 244 222 179 268 65 13 298 34 133 313 153 55 225 
47 288 274 223 275 281 244 250 133 315 29 166 78 203 242 32 111 188 314 41 160 270 
307 226 302 309 20 328 298 133 106 44 246 96 68 154 265 205 311 310 309 117 5 276 
222 160 315 195 96 297 184 0 236 84 102 307 300 44 329 279 179 326 230 285 298 194 
60 128 284 133 142 165 169 315 284 298 168 320 299 230 288 13 149 279 314 32 133 20 
28 109 10 222 48 330 175 106 180 330 222 149 268 153 13 298 34 133 168 76 189 46 
55 307 288 44 224 65 137 108 215 269 231 112 68 84 222 36 230 29 282 223 215 174 
47 122 220 270 268 318 29 179 93 10 170 12 201 47 279 272 164 187 290 79 43 117 
248 236 72 264 204 322 275 64 326 139 299 326 197 150 49 84 179 237 317 140 290 145 
169 108 150 288 64 317 260 165 324 222 23 174 222 258 51 268 160 57 285 282 160 254 
298 198 134 281 97 288 317 221 298 130 98 78 62 273 140 299 270 112 109 288 212 109 
174 232 198 309 99 7 298 133 247 246 308 181 328 209 330 293 62 35 147 43 165 202 
133 250 288 265 288 99 268 331 274 132 223 306 200 163 146 231 294 188 194 61 149 285 
137 235 298 248 96 149 222 41 99 113 247 250 104 268 34 67 108 290 288 85 74 311 
3 154 87 218 28 167 14 223 123 322 171 38 288 133 288 208 288 24 109 246 301 185 
303 32 259 234 135 298 162 52 240 282 232 44 21 64 136 171 232 125 118 288 83 133 
87 42 22 316 61 314 46 194 22 108 59 133 55 223 152 112 58 69 87 298 169 133 
135 133 325 187 162 6 178 71 214 244 326 30 41 147 142 194 256 100 91 220 230 113 
174 161 175 130 41 237 297 279 267 32 264 228 298 204 270 84 223 268 126 247 191 130 
210 28 72 316 207 122 295 318 222 51 59 282 300 177 120 171 248 69 27 171 2 117 
47 83 220 46 41 25 29 179 23 134 216 331 294 112 58 297 305 259 9 79 180 169 
187 132 309 87 160 21 104 104 236 229 290 156 10 203 29 225 300 40 238 82 31 179 
160 52 152 213 92 287 314 221 254 117 290 210 105 180 231 221 27 185 32 288 153 58 
202 96 60 160 125 114 313 239 140 222 140 39 262 294 263 231 294 307 133 137 14 277 
222 160 307 113 72 297 184 40 129 180 181 307 97 308 274 105 179 72 230 138 298 194 
225 41 133 182 130 309 175 243 187 330 14 9 232 132 8 160 67 174 293 238 62 31 
55 67 13 9 26 282 155 270 55 277 10 113 28 160 95 60 33 180 302 293 236 207 
30 208 85 302 175 269 164 223 222 196 116 314 15 28 3 318 299 34 167 249 62 116 
222 146 91 17 76 254 112 68 96 279 317 50 22 278 46 220 33 295 317 70 159 213 
171 122 23 77 296 148 229 298 315 199 133 311 223 309 264 237 282 118 185 186 320 27 
42 108 10 222 64 330 48 150 117 330 222 149 137 153 195 298 255 133 28 153 238 225 
76 143 21 135 299 288 145 41 144 220 324 300 104 85 264 133 48 133 157 87 114 63 
61 331 222 74 158 182 155 29 299 38 112 199 287 52 168 121 214 330 165 309 278 154 
26 147 73 114 318 279 319 38 208 19 112 80 90 317 217 331 239 12 223 279 179 132 
298 196 215 205 306 299 268 31 27 154 8 194 137 137 265 276 176 239 171 282 222 209 
298 302 134 264 31 288 228 93 298 135 77 44 62 74 140 53 225 47 108 288 61 108 
203 168 102 320 111 122 70 25 222 286 59 282 36 79 40 171 248 244 25 269 5 43 
14 133 290 137 288 175 181 168 3 26 160 112 306 29 288 216 237 261 106 37 99 160 
237 315 16 171 222 290 9 81 290 84 134 222 97 326 174 29 248 158 11 4 173 235 
280 133 325 195 162 241 11 81 214 265 72 212 41 184 242 223 196 39 324 41 293 127 
316 133 143 139 223 146 205 195 223 235 144 290 133 34 62 230 161 31 311 140 94 99 
21 28 22 233 30 144 291 223 59 108 234 133 189 223 245 47 38 330 21 298 43 133 
258 238 113 85 281 110 8 284 158 55 140 62 325 136 38 109 7 87 196 99 214 328 
238 307 288 44 170 308 137 109 331 278 121 47 167 43 222 89 230 29 196 223 18 315 
4 138 164 75 223 9 72 32 204 229 298 232 109 247 311 55 105 85 202 118 318 160 
200 109 85 122 133 47 286 139 84 275 223 32 311 223 288 87 293 142 57 138 148 90 
117 108 150 288 175 57 264 165 91 222 71 315 222 215 286 41 160 63 252 196 160 129 
207 151 61 259 316 136 143 135 318 143 90 87 89 221 304 31 47 120 49 278 214 61 
320 133 237 148 194 273 293 141 223 235 314 290 133 296 62 293 294 36 311 87 94 99 
314 309 59 221 30 38 167 217 330 48 227 186 297 109 180 111 30 223 298 115 81 246 
43 129 281 108 20 30 160 137 318 149 247 19 311 298 30 303 139 164 133 212 39 83 
190 205 331 176 168 311 140 254 167 243 37 223 188 3 134 248 145 10 292 62 187 308 
291 166 133 273 135 136 60 250 113 69 111 9 197 266 289 160 67 315 293 88 62 300 
144 163 198 81 212 58 172 178 265 64 70 186 132 108 43 207 30 223 298 208 23 246 
237 307 277 91 222 290 9 92 9 117 10 222 36 72 174 29 144 291 178 269 271 235 
303 29 113 325 128 298 28 122 276 256 232 76 21 64 309 269 317 79 100 288 83 133 
158 179 133 221 162 130 318 290 108 25 205 150 188 83 259 133 189 62 30 252 239 166 
174 232 302 309 213 167 298 133 247 44 44 102 68 319 69 293 311 82 309 180 0 28 
298 277 218 103 31 288 226 93 298 130 66 65 62 310 140 237 291 47 108 288 30 108 
201 130 141 45 273 291 128 70 298 278 163 109 62 305 148 277 236 284 61 330 71 20 
254 133 198 190 240 292 11 93 263 244 102 243 166 163 142 194 322 145 269 220 205 200 
75 220 298 152 3 4 223 75 25 275 132 147 329 296 212 61 123 50 254 153 316 186 
112 271 166 251 268 25 32 149 221 45 275 303 201 47 279 266 210 190 290 242 169 169 
112 202 109 4 288 8 28 266 73 261 299 259 214 149 63 85 298 65 17 234 110 133 
321 313 181 104 111 52 257 27 222 124 234 322 31 125 5 91 144 330 25 278 120 117 
