536 1
217 
109 
444 
490 
430 
502 
140 
455 
225 
460 
153 
307 
215 
140 
360 
50 
25 
397 
404 
195 
88 
377 
105 
495 
344 
316 
13 
499 
493 
256 
121 
526 
502 
145 
450 
374 
496 
148 
144 
384 
180 
222 
527 
515 
374 
104 
290 
181 
156 
305 
258 
36 
294 
318 
258 
392 
44 
6 
261 
196 
163 
81 
460 
26 
496 
510 
524 
243 
208 
367 
431 
154 
54 
273 
159 
275 
430 
64 
426 
423 
374 
262 
10 
417 
89 
243 
516 
502 
392 
314 
424 
265 
215 
258 
217 
159 
495 
229 
10 
261 
502 
144 
365 
254 
62 
455 
495 
424 
221 
35 
208 
7 
122 
365 
307 
67 
455 
93 
159 
25 
431 
10 
483 
483 
460 
398 
34 
264 
502 
483 
296 
243 
485 
448 
6 
185 
302 
495 
253 
379 
374 
365 
54 
71 
499 
50 
54 
515 
400 
6 
230 
431 
423 
465 
159 
81 
71 
159 
6 
219 
104 
150 
217 
356 
21 
488 
340 
326 
6 
344 
159 
97 
357 
512 
50 
150 
483 
262 
55 
363 
359 
50 
164 
193 
426 
498 
219 
261 
253 
379 
423 
9 
284 
489 
6 
109 
110 
122 
159 
431 
465 
32 
502 
527 
247 
6 
499 
331 
150 
515 
218 
444 
423 
348 
316 
151 
196 
134 
322 
499 
71 
502 
62 
352 
277 
293 
93 
122 
6 
166 
340 
502 
272 
273 
163 
390 
58 
493 
247 
159 
87 
375 
438 
360 
104 
515 
502 
154 
502 
88 
374 
449 
423 
423 
3 
193 
6 
29 
325 
277 
363 
472 
291 
261 
257 
190 
495 
29 
65 
1 
291 
473 
272 
293 
7 
304 
359 
84 
49 
483 
176 
374 
338 
485 
68 
305 
499 
193 
3 
352 
134 
346 
362 
290 
180 
243 
180 
502 
124 
530 
68 
159 
175 
419 
18 
0 
359 
267 
417 
18 
278 
202 
6 
47 
362 
502 
250 
50 
307 
502 
55 
398 
109 
277 
18 
64 
502 
164 
479 
217 
50 
37 
430 
122 
444 
490 
54 
495 
3 
22 
10 
54 
193 
253 
443 
290 
362 
188 
54 
502 
309 
515 
379 
314 
352 
106 
431 
110 
159 
460 
75 
148 
496 
233 
499 
56 
405 
95 
235 
161 
265 
496 
221 
419 
31 
502 
190 
292 
252 
56 
419 
365 
43 
527 
502 
196 
382 
6 
478 
188 
362 
365 
159 
317 
455 
221 
137 
150 
54 
419 
29 
54 
193 
336 
465 
392 
423 
430 
140 
3 
50 
191 
185 
93 
438 
478 
219 
56 
512 
469 
515 
468 
163 
110 
272 
115 
56 
111 
54 
508 
52 
103 
273 
6 
50 
6 
185 
269 
512 
93 
516 
141 
515 
54 
46 
508 
326 
93 
499 
261 
36 
362 
233 
180 
336 
36 
357 
193 
175 
362 
468 
93 
453 
188 
6 
263 
50 
18 
431 
148 
177 
10 
298 
495 
195 
449 
382 
229 
151 
62 
25 
488 
111 
161 
502 
150 
490 
431 
34 
282 
46 
159 
444 
243 
361 
153 
199 
277 
453 
397 
277 
90 
47 
40 
493 
42 
159 
148 
208 
50 
479 
217 
97 
176 
502 
302 
502 
247 
265 
54 
430 
93 
465 
465 
362 
176 
495 
508 
93 
54 
489 
431 
121 
27 
159 
203 
