387 2
293 107 
96 266 
247 39 
275 250 
280 315 
107 101 
88 204 
119 313 
116 175 
310 274 
271 151 
351 313 
169 384 
377 380 
267 163 
181 39 
338 57 
342 315 
120 76 
369 373 
13 351 
10 27 
10 76 
335 355 
314 180 
297 242 
357 39 
14 201 
27 229 
101 33 
357 367 
130 365 
309 329 
259 288 
369 352 
245 303 
161 125 
279 273 
321 66 
309 106 
273 262 
189 22 
158 2 
259 119 
133 336 
16 240 
344 314 
108 116 
99 264 
259 39 
31 202 
234 98 
326 288 
268 38 
23 192 
208 4 
150 322 
349 274 
66 88 
359 266 
65 380 
293 145 
99 66 
12 66 
293 145 
46 52 
46 169 
366 261 
319 130 
312 151 
375 27 
101 328 
280 174 
306 33 
22 24 
378 294 
234 98 
342 229 
160 13 
184 229 
145 313 
153 4 
101 102 
155 41 
13 114 
247 39 
258 259 
246 66 
123 172 
309 313 
13 196 
351 101 
157 309 
251 378 
259 288 
149 119 
156 60 
259 145 
316 21 
123 174 
101 102 
173 208 
259 32 
155 201 
23 207 
101 15 
362 57 
93 133 
342 174 
292 49 
44 258 
251 288 
107 292 
255 379 
258 181 
74 250 
184 194 
288 278 
258 181 
218 133 
267 151 
13 155 
299 288 
66 9 
9 204 
285 116 
181 32 
359 258 
138 322 
116 9 
225 329 
275 38 
58 229 
236 101 
267 167 
141 201 
60 273 
96 258 
46 93 
200 41 
157 119 
326 316 
277 167 
255 211 
123 315 
334 263 
383 116 
375 345 
335 66 
143 1 
158 373 
31 130 
378 294 
344 167 
306 126 
321 233 
309 292 
35 1 
204 250 
45 288 
351 101 
46 52 
259 236 
270 322 
288 294 
153 308 
336 355 
369 268 
265 367 
238 313 
44 258 
369 2 
377 62 
121 39 
204 42 
123 36 
319 268 
200 201 
275 354 
31 2 
230 322 
84 229 
200 301 
214 301 
297 355 
138 125 
212 226 
236 313 
79 119 
195 62 
336 200 
78 266 
336 273 
13 307 
238 313 
31 373 
383 233 
59 365 
228 125 
288 57 
348 372 
163 22 
247 378 
251 151 
305 381 
19 62 
90 39 
336 245 
220 167 
255 303 
259 119 
297 245 
53 373 
79 236 
326 186 
236 292 
96 266 
298 24 
357 378 
18 24 
230 227 
378 57 
366 248 
292 261 
239 322 
246 269 
108 66 
271 167 
184 26 
113 34 
184 93 
203 135 
297 86 
381 240 
265 189 
65 47 
218 215 
238 201 
321 3 
232 93 
383 66 
238 41 
77 118 
293 236 
288 24 
285 264 
310 229 
329 146 
259 378 
181 107 
327 66 
336 361 
181 236 
96 258 
364 107 
246 355 
297 309 
9 204 
373 248 
184 229 
116 9 
259 39 
364 305 
145 101 
266 259 
279 196 
373 126 
13 200 
255 275 
258 259 
31 373 
60 200 
155 385 
99 291 
161 148 
18 24 
220 307 
145 313 
118 198 
228 120 
234 41 
121 39 
88 204 
66 319 
9 113 
58 315 
155 98 
369 373 
309 381 
101 328 
306 102 
266 181 
206 153 
35 253 
114 198 
236 313 
236 292 
161 134 
134 51 
336 196 
39 57 
56 22 
306 332 
13 23 
293 351 
77 118 
365 171 
246 355 
183 174 
26 91 
116 88 
200 313 
351 313 
348 91 
258 259 
113 171 
19 47 
101 328 
131 32 
8 185 
359 258 
311 360 
335 66 
247 288 
1 365 
153 72 
13 200 
194 325 
259 32 
70 294 
234 41 
138 47 
181 378 
292 126 
299 288 
129 229 
228 120 
155 98 
375 330 
121 151 
260 315 
214 41 
66 9 
341 315 
228 203 
234 201 
178 288 
158 373 
169 165 
258 79 
196 301 
111 156 
233 288 
35 1 
327 66 
266 181 
112 279 
336 200 
79 309 
112 220 
153 308 
383 233 
375 51 
9 268 
65 120 
321 116 
354 50 
158 268 
80 151 
113 250 
258 79 
60 119 
106 250 
4 369 
153 28 
267 151 
216 240 
166 281 
119 381 
22 294 
90 167 
298 278 
366 102 
311 360 
153 4 
107 313 
255 37 
