199 1
19 
140 
19 
133 
112 
22 
181 
31 
151 
188 
41 
138 
186 
45 
39 
30 
95 
184 
68 
19 
39 
189 
39 
125 
13 
103 
133 
156 
123 
45 
56 
45 
147 
14 
97 
114 
30 
136 
32 
147 
33 
198 
113 
45 
43 
137 
30 
156 
8 
134 
75 
66 
154 
94 
117 
2 
39 
30 
170 
166 
192 
133 
126 
73 
103 
84 
112 
0 
0 
9 
21 
74 
19 
30 
83 
192 
30 
189 
142 
71 
118 
114 
161 
127 
144 
161 
144 
186 
6 
108 
189 
144 
39 
66 
41 
75 
117 
103 
82 
112 
95 
181 
117 
29 
9 
101 
138 
95 
2 
39 
45 
92 
28 
52 
114 
166 
71 
9 
154 
39 
130 
98 
52 
175 
53 
155 
155 
0 
113 
45 
8 
97 
191 
91 
126 
170 
83 
144 
165 
46 
168 
85 
168 
68 
197 
146 
95 
108 
98 
112 
103 
186 
19 
181 
85 
21 
186 
161 
184 
38 
38 
168 
109 
94 
147 
112 
154 
97 
147 
166 
2 
73 
33 
74 
108 
114 
43 
144 
55 
112 
142 
116 
70 
109 
16 
144 
185 
30 
92 
103 
102 
2 
191 
157 
152 
114 
61 
19 
189 
