70 23
44 28 42 65 4 58 54 67 46 24 30 1 62 27 50 32 10 61 62 62 8 62 7 
22 29 34 46 10 32 0 27 46 0 2 63 62 41 20 40 6 35 7 2 59 13 18 
26 5 41 49 0 62 51 17 35 28 63 37 18 45 27 9 62 22 62 32 62 35 17 
56 13 10 44 37 63 42 16 1 47 60 68 5 19 45 47 48 11 53 67 5 23 49 
28 62 31 52 69 30 17 15 17 25 40 46 64 13 62 17 58 57 15 1 27 62 64 
41 35 44 32 37 37 30 62 29 21 16 1 46 47 13 37 21 46 63 10 28 7 62 
60 46 17 20 44 37 5 62 42 32 19 16 46 10 13 9 36 35 56 47 1 13 62 
19 5 14 18 65 17 0 25 62 1 29 68 21 0 69 29 35 21 62 56 16 4 28 
26 60 5 32 0 62 52 25 15 19 56 9 11 45 27 37 62 48 62 33 62 46 25 
67 64 6 7 22 7 69 10 28 10 27 34 23 15 16 21 28 62 15 15 12 58 65 
43 13 10 58 37 53 39 28 1 47 6 4 30 1 45 65 14 59 53 55 60 57 49 
46 35 33 27 62 46 69 49 37 66 35 49 66 46 65 16 62 62 58 12 33 60 64 
16 62 20 38 49 41 9 46 44 25 40 15 12 7 62 37 9 66 35 28 65 62 64 
28 5 57 11 47 58 56 44 62 19 34 64 31 56 36 34 35 61 62 53 19 12 28 
7 22 40 40 1 35 47 16 20 35 19 12 7 28 22 12 56 56 48 6 62 8 51 
66 62 54 11 6 56 3 31 62 17 61 6 62 19 41 54 20 0 7 8 52 25 41 
14 2 50 35 65 31 0 10 15 56 2 43 62 5 32 6 40 46 13 42 18 45 18 
55 68 30 45 14 13 31 27 19 3 3 50 57 15 1 20 16 62 46 46 64 25 27 
35 15 33 10 62 46 21 33 37 66 15 33 66 15 65 1 62 62 37 4 61 30 68 
48 2 55 46 65 61 54 3 35 53 2 0 62 5 31 5 6 15 13 42 18 45 51 
64 13 47 59 5 1 48 55 35 46 35 27 62 8 43 14 60 8 66 37 28 51 4 
4 7 27 18 30 28 22 42 35 46 46 47 62 67 53 57 40 55 48 58 28 51 4 
13 57 41 41 16 15 47 19 36 46 1 12 13 16 22 64 56 0 57 6 62 39 18 
13 57 5 6 1 35 27 16 32 15 16 64 7 19 57 4 53 43 48 30 62 67 52 
17 1 8 3 64 9 54 67 46 43 5 1 62 10 39 32 3 32 62 62 42 62 45 
2 64 41 45 66 13 21 3 16 3 47 50 57 15 1 69 28 62 46 35 64 37 65 
42 30 5 21 0 62 38 37 46 16 43 25 51 13 65 58 62 66 62 31 62 15 9 
0 45 3 44 25 54 26 19 19 10 41 12 5 16 7 65 66 51 43 29 40 48 36 
23 34 29 35 27 49 43 10 46 63 29 43 62 60 49 6 40 46 45 26 59 7 59 
50 41 30 21 0 62 52 37 15 28 63 17 11 7 10 37 62 57 62 33 62 15 25 
5 35 9 69 17 37 6 62 2 33 28 28 46 3 13 17 33 15 24 27 19 13 62 
4 45 65 18 40 28 66 8 15 35 15 65 62 26 54 14 6 50 66 44 28 51 12 
64 45 27 18 5 16 14 55 35 46 15 47 62 34 63 23 60 26 23 37 28 11 64 
4 45 65 51 40 16 22 50 35 46 35 10 62 39 24 14 40 67 14 25 28 11 68 
29 41 5 31 0 62 38 58 46 1 53 58 59 13 10 58 62 57 62 21 62 46 9 
66 62 63 59 5 24 47 20 62 17 31 40 62 1 41 53 31 63 45 39 52 17 30 
4 7 27 11 40 28 66 26 35 46 46 3 62 55 53 22 60 8 66 9 28 59 4 
34 12 40 13 57 13 31 27 16 47 10 34 14 15 16 36 19 62 35 35 68 58 27 
46 15 49 27 62 35 49 33 58 48 35 31 57 15 10 19 62 62 44 64 33 41 68 
55 40 30 21 24 62 52 17 46 28 24 58 52 13 27 25 62 57 62 36 62 15 25 
30 15 9 33 44 37 41 62 39 20 19 28 15 27 7 58 69 15 53 65 19 13 62 
41 15 17 32 25 25 40 62 50 69 16 28 46 3 7 37 61 35 0 47 1 7 62 
50 60 60 33 24 62 18 17 35 19 43 25 11 45 10 44 62 48 62 36 62 46 58 
17 28 29 27 68 9 53 26 15 63 30 16 62 65 50 20 3 33 62 62 29 62 7 
55 64 6 13 14 7 36 10 19 27 27 55 66 46 1 21 1 62 15 15 64 9 65 
28 60 23 52 3 17 54 58 62 19 2 12 69 54 33 2 15 61 62 43 16 68 1 
14 62 54 11 30 63 27 49 62 9 49 30 62 28 41 56 32 53 13 2 59 58 5 
0 7 27 58 25 54 39 1 1 65 60 64 60 28 7 27 48 52 53 50 6 14 61 
45 22 41 30 1 46 47 1 21 35 1 64 45 16 57 64 63 63 14 40 62 26 11 
12 7 47 38 40 28 66 2 46 35 15 3 62 50 56 14 5 8 14 9 28 51 4 
67 60 6 20 53 62 52 44 46 1 63 58 18 13 47 37 62 22 62 20 62 35 25 
35 46 20 3 62 46 49 61 44 66 46 36 57 46 3 16 62 62 58 4 31 6 12 
35 35 31 27 62 35 36 31 44 66 15 49 23 35 3 19 62 62 37 12 36 40 64 
9 28 2 10 64 9 56 39 46 56 41 1 62 47 50 49 27 32 62 62 67 62 13 
44 16 26 10 64 17 53 50 46 0 5 28 62 3 26 36 3 49 62 62 2 62 7 
29 41 60 20 0 62 38 37 46 16 54 37 11 7 27 25 62 23 62 61 62 15 17 
44 16 39 10 64 17 43 26 15 56 5 16 62 27 26 21 27 69 62 62 67 62 45 
7 48 60 60 1 46 10 1 36 35 28 64 7 19 57 12 43 0 66 60 62 8 51 
26 64 30 7 66 7 33 10 1 10 10 2 57 15 1 20 1 62 35 35 64 58 65 
15 35 36 10 62 46 36 36 9 66 46 36 66 15 47 1 62 62 25 64 33 5 68 
41 35 25 32 58 9 30 62 29 36 19 19 46 3 45 17 69 46 63 3 19 45 62 
12 7 27 52 40 1 48 55 35 46 35 65 62 55 0 22 60 34 48 58 28 51 68 
68 44 50 62 12 35 3 9 21 57 26 18 41 22 44 24 27 16 27 8 19 11 36 
44 16 34 47 4 17 54 29 46 56 40 16 62 27 67 31 3 33 62 62 2 62 45 
16 62 31 59 31 30 44 15 44 25 30 15 68 7 62 25 25 22 15 28 27 62 68 
63 13 47 44 9 63 8 28 28 3 5 4 60 16 13 3 48 59 56 39 41 23 32 
7 14 5 60 1 46 27 16 20 15 28 68 7 28 57 64 54 24 23 30 62 39 18 
67 5 40 31 63 62 52 44 46 16 63 58 38 45 10 37 62 14 62 20 62 35 9 
16 62 36 38 61 41 58 35 44 44 60 46 68 7 62 44 37 66 46 28 47 62 4 
12 13 27 18 41 16 48 34 35 46 35 3 62 34 54 23 5 34 48 37 19 38 4 
