189 1
81 
168 
94 
22 
55 
68 
110 
166 
48 
171 
16 
117 
93 
85 
102 
178 
118 
96 
33 
79 
161 
123 
172 
42 
133 
118 
162 
44 
142 
51 
8 
43 
28 
126 
119 
2 
138 
68 
54 
150 
138 
129 
119 
89 
115 
19 
45 
125 
132 
162 
75 
25 
44 
102 
49 
3 
177 
98 
70 
149 
64 
185 
149 
97 
108 
6 
97 
178 
147 
80 
175 
31 
77 
67 
125 
144 
57 
145 
103 
61 
105 
123 
63 
186 
65 
99 
46 
174 
156 
43 
173 
45 
82 
113 
3 
104 
82 
45 
53 
173 
169 
94 
90 
139 
69 
46 
109 
132 
166 
112 
13 
178 
169 
115 
74 
50 
181 
90 
141 
76 
50 
75 
74 
77 
172 
58 
153 
82 
94 
76 
140 
99 
66 
159 
171 
156 
27 
27 
10 
160 
93 
136 
108 
36 
141 
38 
63 
20 
26 
130 
62 
104 
108 
160 
81 
9 
92 
47 
95 
38 
82 
58 
41 
44 
88 
95 
39 
69 
55 
61 
43 
161 
74 
158 
11 
185 
119 
100 
10 
12 
60 
60 
84 
72 
58 
94 
100 
1 
99 
