609 10
160 602 1 439 271 464 261 590 107 1 
311 284 53 128 600 413 18 579 281 169 
220 302 32 589 596 171 520 528 383 82 
57 184 135 119 394 154 25 133 276 402 
192 240 257 300 604 561 542 303 233 159 
293 386 161 129 231 46 355 95 194 198 
36 209 171 425 524 183 272 481 262 441 
385 80 59 295 441 329 598 394 1 596 
81 374 599 473 604 432 334 129 106 62 
411 329 229 295 590 38 527 351 116 315 
546 590 93 339 580 355 546 255 419 149 
198 296 20 65 216 461 171 181 149 359 
246 30 587 119 91 329 416 395 154 482 
355 204 297 19 285 283 131 1 274 421 
561 221 153 318 130 163 459 473 249 533 
376 453 295 391 597 307 301 179 19 163 
315 297 387 336 261 48 586 506 554 82 
573 423 465 329 167 529 195 10 193 541 
218 459 509 17 102 466 19 337 372 301 
1 76 436 276 449 400 271 95 50 356 
301 492 272 502 144 82 207 296 174 336 
451 211 179 165 328 352 76 170 498 140 
199 408 235 385 268 344 450 354 300 48 
459 351 459 380 238 175 6 529 166 225 
603 331 511 531 366 85 175 362 473 497 
208 77 275 531 366 85 321 330 473 497 
581 210 589 254 300 527 442 127 355 172 
207 374 560 473 271 61 334 410 106 55 
274 359 85 28 28 333 281 422 380 440 
488 586 407 195 301 459 509 510 100 353 
1 441 193 436 542 385 591 533 15 119 
274 359 85 411 369 361 37 240 515 180 
237 286 30 241 195 222 67 384 255 384 
488 236 159 225 531 255 591 66 472 570 
195 587 188 91 274 556 157 50 328 552 
553 541 541 553 498 379 313 15 522 297 
76 205 599 375 340 62 304 297 203 216 
587 574 74 393 196 174 195 336 232 146 
495 553 189 579 238 96 242 349 352 607 
107 531 450 85 528 77 195 213 525 586 
357 262 71 68 306 589 77 224 131 560 
590 333 40 120 216 406 452 468 189 57 
267 293 5 122 553 593 590 103 457 537 
4 23 254 322 459 250 13 36 300 252 
188 255 112 403 580 236 86 85 228 598 
435 519 277 348 539 282 243 184 167 257 
211 599 30 197 309 494 381 540 64 4 
148 374 426 296 229 140 404 522 144 145 
151 503 396 313 198 195 506 163 58 309 
587 342 21 295 555 183 81 485 582 283 
484 553 512 465 274 349 166 451 24 556 
599 64 391 448 584 383 478 515 416 568 
211 14 177 473 149 320 161 54 604 588 
427 73 64 331 468 112 336 57 218 259 
357 408 151 385 268 521 450 0 300 48 
167 480 128 442 175 17 112 116 322 582 
553 34 34 553 498 517 546 413 492 281 
225 50 391 607 389 452 518 515 83 383 
412 149 361 149 458 305 540 172 228 394 
36 410 6 216 329 248 57 50 423 541 
8 184 5 122 553 593 590 228 113 537 
528 236 427 255 74 346 222 390 598 338 
167 480 512 248 147 17 112 585 47 262 
226 157 220 122 194 334 163 589 187 498 
310 553 128 526 274 530 166 191 201 583 
5 518 427 346 195 501 149 379 347 257 
211 560 30 78 309 263 89 135 143 360 
334 353 214 5 333 159 391 140 170 535 
195 587 566 211 274 583 157 64 497 364 
587 234 21 425 384 183 70 485 582 241 
75 183 339 85 424 23 278 106 529 224 
236 393 286 180 460 64 4 360 444 6 
385 80 59 425 241 329 598 394 1 606 
211 479 358 30 149 141 41 22 271 119 
325 85 69 274 438 245 390 303 509 468 
421 409 486 169 525 598 466 195 329 491 
293 390 394 284 347 512 498 509 175 167 
39 297 187 128 254 585 183 300 557 37 
55 85 282 163 474 251 129 528 513 549 
580 263 415 100 488 85 522 394 76 167 
177 410 42 491 253 348 405 495 356 47 
231 183 309 85 424 23 403 96 39 112 
440 169 34 424 391 415 581 157 599 412 
104 521 34 541 558 84 355 19 3 122 
102 144 30 82 103 427 385 296 551 524 
468 440 225 579 147 430 30 458 169 334 
492 326 77 313 27 195 470 163 134 307 
149 167 483 251 490 326 374 255 38 9 
344 577 592 434 410 394 85 149 239 341 
236 248 286 489 430 143 360 4 433 49 
313 590 513 12 173 355 313 404 289 600 
539 592 224 15 237 78 418 429 241 473 
254 427 4 547 138 231 370 492 3 189 
157 120 347 330 31 548 260 284 302 393 
80 253 156 111 162 564 442 255 243 541 
103 118 582 355 49 315 190 6 484 470 
476 98 396 253 78 311 326 186 248 509 
230 263 211 382 480 340 410 498 65 315 
570 263 200 478 408 85 492 591 76 167 
489 169 541 532 435 415 96 157 560 299 
541 23 25 188 312 95 301 62 312 486 
587 410 562 216 160 442 57 123 423 336 
412 149 9 149 88 494 540 172 508 591 
391 249 0 280 352 490 243 162 167 257 
423 387 5 270 553 593 92 508 575 400 
442 149 427 409 368 528 30 563 560 46 
507 352 449 253 131 311 292 515 393 509 
425 579 385 556 45 108 532 155 592 452 
435 174 414 280 539 367 572 387 167 567 
226 4 107 201 566 447 154 183 437 229 
211 560 473 131 256 305 536 20 143 4 
559 163 525 77 536 215 526 409 608 433 
528 274 52 336 130 302 232 91 232 321 
211 479 358 30 149 395 41 302 271 588 
525 363 211 467 427 459 472 578 208 553 
385 80 219 242 283 160 598 394 1 606 
521 424 217 34 217 522 129 525 329 582 
211 225 30 131 309 192 89 135 143 360 
212 379 462 553 525 427 172 358 456 161 
487 228 411 582 216 313 449 553 426 355 
471 574 233 76 159 585 543 1 343 85 
40 579 385 200 508 228 532 185 336 383 
218 301 509 17 58 74 19 174 55 301 
310 553 512 2 274 516 328 451 25 415 
160 11 1 439 271 589 219 590 365 1 
551 488 522 385 416 521 235 354 300 48 
417 160 517 295 590 519 168 351 284 179 
68 132 439 394 344 579 300 280 523 297 
148 457 119 311 590 314 163 385 270 265 
396 157 254 509 144 250 351 49 525 259 
553 6 252 263 159 361 16 409 3 216 
372 85 367 163 474 458 366 528 513 549 
361 253 194 436 440 163 277 27 243 355 
77 64 409 584 351 403 351 284 105 146 
44 600 520 600 136 305 135 436 103 591 
301 492 81 306 238 82 81 296 38 336 
17 309 592 434 410 394 85 149 87 203 
423 204 427 270 553 39 590 228 52 537 
330 594 169 297 588 192 370 41 211 479 
107 399 169 37 119 305 39 161 211 310 
387 23 591 116 347 128 498 509 569 167 
508 260 226 420 6 317 271 69 545 587 
531 450 5 4 560 182 445 360 112 190 
484 553 512 538 274 559 432 191 201 227 
50 336 208 51 342 315 353 312 498 588 
600 413 601 170 286 271 126 317 27 355 
606 305 91 567 480 139 366 498 65 315 
327 501 286 376 598 312 440 467 161 274 
385 80 101 295 439 346 598 591 1 495 
136 372 287 179 563 166 103 91 251 16 
170 159 598 458 355 207 355 593 232 346 
144 284 547 346 255 231 299 139 377 347 
459 522 554 502 238 153 202 296 337 34 
440 169 592 187 391 415 581 157 599 412 
543 367 94 180 85 115 167 586 57 44 
581 464 210 254 300 527 248 127 355 436 
385 3 566 183 255 84 246 414 198 317 
408 183 225 514 160 487 158 286 456 183 
154 235 5 4 560 182 445 4 224 190 
182 537 459 516 243 48 247 385 588 80 
327 489 572 3 96 165 394 253 447 601 
92 333 295 408 216 566 557 468 189 57 
360 491 254 276 459 501 13 587 300 539 
301 72 97 568 84 574 266 359 382 112 
341 434 3 276 248 414 579 467 343 29 
44 149 361 600 458 263 152 436 103 394 
528 232 5 404 466 346 605 390 598 576 
170 483 595 375 205 304 338 230 375 385 
334 353 114 5 520 159 435 76 596 158 
192 253 334 94 1 473 370 585 502 553 
42 75 76 215 69 326 247 604 53 169 
451 211 315 165 432 539 76 230 498 76 
591 472 258 275 171 301 397 258 85 167 
1 9 525 160 429 140 320 468 248 59 
170 553 286 418 238 96 40 559 352 448 
203 402 286 376 598 312 180 467 233 274 
528 84 427 404 466 346 605 491 598 368 
319 409 72 169 525 598 74 195 329 390 
267 296 152 468 216 208 288 175 600 359 
19 176 51 171 525 409 473 195 429 19 
419 583 34 376 584 63 355 554 110 296 
392 250 286 134 598 312 180 467 41 274 
313 92 356 339 580 355 313 255 219 149 
418 352 127 503 357 202 544 394 290 506 
360 390 254 47 301 250 258 587 300 252 
106 210 464 254 300 67 248 326 355 172 
63 559 41 76 159 284 543 1 343 85 
512 153 3 364 553 355 333 452 95 337 
226 157 312 18 194 334 163 589 424 498 
194 301 29 304 183 159 22 184 517 550 
337 206 462 553 525 427 172 358 456 41 
400 426 534 471 19 400 359 183 391 526 
106 409 347 118 359 164 150 407 211 581 
128 282 15 400 277 19 498 498 172 568 
456 191 509 575 81 1 298 166 85 307 
360 196 579 171 281 174 466 129 310 356 
8 184 5 18 553 593 92 228 73 537 
332 85 282 163 474 563 129 528 93 549 
554 53 599 473 271 61 334 366 581 303 
402 189 30 441 195 317 527 139 533 138 
425 203 237 253 465 391 418 417 37 563 
94 273 193 531 366 85 321 330 473 176 
75 183 12 85 187 350 67 106 529 112 
20 590 80 15 175 498 41 67 146 23 
360 350 254 434 459 402 13 36 300 352 
218 301 509 521 102 74 254 174 55 459 
213 343 179 525 599 528 230 255 447 435 
231 183 256 85 187 491 527 106 529 112 
80 253 156 460 43 564 393 533 572 541 
530 147 528 39 112 85 60 500 353 353 
392 213 3 276 248 277 579 531 547 29 
352 541 112 413 402 78 579 429 283 473 
223 553 189 579 144 581 425 349 252 597 
486 374 146 296 229 76 533 235 144 145 
525 82 211 154 5 301 472 564 603 553 
355 162 37 19 314 283 78 1 274 239 
96 4 135 451 559 365 570 541 359 191 
248 600 5 409 260 528 30 458 560 117 
191 91 315 134 432 98 140 495 498 76 
587 410 6 216 160 442 51 64 8 592 
4 366 264 211 50 80 510 373 289 260 
20 590 80 15 147 498 233 278 426 350 
28 562 416 207 486 203 537 80 357 437 
196 177 140 215 562 503 472 604 53 169 
528 274 457 336 130 453 232 211 236 147 
427 284 73 321 82 553 71 161 537 76 
27 296 152 65 216 94 171 321 149 359 
295 244 237 253 465 435 418 265 281 136 
435 249 0 348 352 367 572 162 167 16 
213 343 315 525 599 528 170 533 78 435 
104 231 76 258 69 292 150 271 374 169 
87 409 148 169 525 598 74 195 160 491 
58 238 30 363 228 5 385 296 357 139 
92 520 469 120 216 63 557 468 189 51 
530 147 528 39 224 85 42 312 311 311 
144 116 343 160 533 358 412 138 377 347 
134 238 473 82 308 5 385 296 32 138 
30 489 391 320 229 254 54 310 484 253 
123 592 94 51 342 179 311 500 498 119 
600 167 470 136 493 292 374 404 519 333 
530 175 528 593 224 85 290 312 353 311 
485 228 558 409 194 169 67 414 306 424 
573 262 89 34 542 464 273 224 78 225 
128 490 15 130 354 19 498 498 436 568 
152 590 80 15 321 498 41 278 97 23 
600 15 367 170 189 604 361 431 198 355 
211 560 30 447 309 494 381 540 143 360 
596 159 598 136 355 81 355 529 236 329 
511 357 84 484 435 240 42 549 286 598 
606 553 286 418 144 96 425 559 79 155 
473 440 435 455 517 19 22 14 484 253 
454 339 34 276 366 394 85 149 87 392 
580 305 583 100 488 85 492 591 140 167 
139 513 235 157 409 162 167 463 268 183 
1 76 172 47 77 400 271 347 123 93 
496 271 80 476 585 518 464 172 495 601 
117 473 36 119 211 329 83 320 531 146 
179 281 387 34 59 280 177 543 202 153 
355 162 37 19 317 439 131 1 274 421 
178 360 362 446 63 131 467 183 326 517 
441 391 216 432 106 100 587 426 418 511 
36 129 562 216 346 393 57 123 423 68 
555 96 39 434 355 212 187 224 45 350 
581 409 95 496 359 210 472 133 91 96 
188 404 112 403 580 84 348 85 108 598 
274 359 85 28 417 9 297 209 186 440 
349 163 525 273 71 258 2 409 565 561 
70 53 599 30 604 166 334 366 96 62 
290 454 336 541 191 232 355 254 3 122 
232 248 286 440 335 143 4 360 158 6 
21 301 509 521 102 74 19 249 303 459 
216 518 59 255 475 275 23 506 280 216 
75 183 577 85 424 23 527 581 370 224 
529 37 424 512 19 284 183 300 377 281 
274 534 159 600 271 390 536 493 13 3 
128 601 413 537 414 19 498 498 172 377 
486 374 482 296 401 76 255 450 238 428 
346 178 1 441 604 210 419 590 107 1 
334 311 214 427 520 159 391 140 596 561 
551 198 526 346 167 39 195 10 275 68 
151 326 396 313 267 195 483 163 165 339 
36 516 74 248 42 337 195 68 84 482 
380 373 107 46 479 498 388 423 52 216 
438 228 451 409 194 169 527 354 306 424 
279 187 217 68 105 235 410 525 329 262 
265 69 373 70 72 341 400 80 573 503 
456 301 480 520 183 159 550 43 229 453 
186 84 159 560 154 255 394 46 150 173 
558 211 315 102 176 98 140 170 498 140 
587 410 6 216 329 393 371 50 198 34 
423 43 427 122 553 529 92 508 73 537 
336 350 25 63 220 95 459 372 220 72 
592 542 441 591 454 418 300 348 245 297 
4 390 254 322 301 250 258 587 300 539 
486 325 482 296 401 140 533 492 238 507 
357 582 536 592 548 210 77 112 447 599 
189 71 537 84 472 30 391 585 315 203 
36 574 74 393 290 519 195 336 232 482 
516 175 528 529 224 85 42 500 311 353 
504 255 224 278 173 236 48 85 308 598 
309 442 179 80 60 436 144 183 138 415 
590 479 394 534 116 274 423 379 248 385 
357 515 450 385 373 279 235 277 300 348 
167 480 512 248 181 454 112 116 47 262 
411 160 206 469 590 212 527 351 116 315 
581 409 347 118 359 464 472 510 91 581 
361 253 194 172 440 163 414 423 243 355 
110 473 36 588 91 329 268 455 154 482 
391 212 354 86 352 490 275 162 167 382 
66 30 36 119 211 160 373 395 154 482 
158 341 153 318 130 163 301 473 249 255 
85 362 510 30 349 498 474 148 480 524 
4 366 412 91 50 80 510 373 419 576 
548 598 216 297 486 235 314 421 85 325 
369 6 462 81 72 221 537 80 405 127 
19 166 371 21 525 409 473 195 470 254 
235 437 273 313 8 195 483 163 134 307 
417 6 416 202 486 327 537 80 357 127 
315 37 293 68 219 316 75 470 554 363 
149 167 470 88 282 326 374 255 249 126 
228 260 475 485 69 285 271 69 291 36 
341 237 189 102 598 500 440 154 233 274 
7 374 146 296 379 140 255 450 238 476 
559 163 525 331 71 215 526 409 510 433 
242 392 501 253 2 435 418 31 297 136 
427 73 50 449 468 224 34 51 218 474 
592 132 439 591 344 579 300 316 476 297 
540 590 80 413 569 498 41 403 97 491 
528 232 5 404 74 346 317 390 598 260 
327 489 193 3 106 134 394 253 78 367 
469 418 385 415 45 228 424 26 68 452 
593 297 424 512 19 585 183 300 463 281 
167 29 512 393 181 344 224 284 294 582 
28 346 229 295 590 337 527 351 116 179 
281 161 334 557 527 49 564 600 334 503 
516 163 525 449 536 258 526 409 565 535 
195 36 566 211 274 556 157 64 176 35 
170 553 286 579 238 581 425 530 539 155 
441 435 216 432 581 478 587 97 418 511 
46 30 36 588 91 329 373 320 467 426 
365 399 169 281 588 263 593 233 211 484 
152 92 80 15 569 498 41 527 97 491 
516 321 528 370 112 85 137 500 311 353 
140 542 546 405 274 353 85 480 457 49 
573 423 526 160 167 39 195 375 193 336 
283 391 216 176 106 478 36 146 418 511 
244 180 275 3 96 376 591 253 197 490 
508 578 582 355 69 315 564 562 310 429 
235 326 331 313 267 195 543 163 102 12 
549 534 545 475 434 64 337 72 451 149 
459 351 459 488 144 181 69 529 61 225 
87 53 128 525 560 304 314 80 498 156 
570 494 324 291 120 85 450 394 140 167 
85 365 407 30 530 498 499 148 29 384 
346 226 1 441 271 164 289 92 107 1 
252 183 346 362 459 427 548 311 59 456 
157 186 347 121 28 502 368 585 302 393 
237 286 473 283 195 317 278 524 533 555 
87 409 115 169 525 598 74 195 160 350 
542 559 252 91 448 200 119 521 553 339 
192 240 257 300 604 561 542 303 233 159 
31 329 206 469 92 174 168 351 116 179 
295 579 385 556 103 308 532 26 68 377 
489 169 592 424 391 227 96 157 560 299 
553 336 68 553 498 517 546 413 522 281 
295 418 385 415 45 308 187 185 336 377 
331 157 254 509 238 250 351 49 525 474 
120 462 107 117 310 498 388 8 113 216 
439 391 216 328 96 291 36 97 418 243 
274 359 85 265 417 361 297 298 380 489 
107 154 522 85 528 449 195 294 525 231 
225 143 435 607 570 383 100 408 83 557 
167 480 512 393 175 279 112 284 213 582 
196 454 592 68 191 236 355 254 3 18 
427 52 143 77 468 224 336 57 171 386 
546 590 93 309 173 355 546 533 59 600 
299 149 126 600 563 192 540 172 108 591 
462 295 454 607 209 274 313 396 39 157 
553 336 541 553 498 206 313 413 450 281 
47 547 179 525 560 528 230 533 571 391 
406 559 161 140 159 585 429 1 343 85 
232 248 286 440 460 143 4 4 444 6 
179 37 184 592 219 316 75 429 554 153 
416 295 279 607 209 274 313 331 529 157 
330 594 169 37 119 494 39 41 91 484 
75 472 598 557 456 42 111 253 424 391 
475 360 365 446 471 571 467 183 127 206 
360 350 19 434 301 237 215 36 300 79 
380 232 159 599 154 404 394 110 150 389 
1 304 525 329 543 140 320 468 442 419 
301 351 301 408 238 181 6 370 432 599 
211 357 410 85 21 593 537 499 582 301 
540 92 80 413 321 498 233 67 146 350 
511 357 84 14 391 422 42 214 286 598 
226 468 85 103 76 315 114 85 203 219 
508 368 514 438 6 431 604 6 291 587 
39 297 532 512 254 116 183 300 452 281 
546 590 356 12 389 355 313 255 219 149 
241 391 216 432 581 518 587 482 579 572 
380 232 159 560 467 533 394 46 150 173 
553 6 252 494 159 126 567 409 3 216 
47 343 179 525 560 528 596 255 131 435 
473 440 435 455 229 19 22 479 484 253 
334 311 214 427 126 159 435 140 495 158 
118 604 80 145 284 291 210 172 596 367 
501 286 30 283 195 431 168 138 255 524 
475 157 220 270 194 334 163 210 187 498 
77 143 409 389 351 278 351 585 544 97 
63 530 41 140 159 585 543 1 343 85 
419 578 351 335 468 441 13 501 509 390 
77 157 19 509 238 501 351 49 525 109 
274 359 85 411 28 333 37 422 408 440 
406 255 112 278 570 232 48 85 108 598 
134 453 425 435 155 307 301 315 254 163 
346 178 1 441 271 164 261 92 330 1 
242 244 402 253 2 435 418 28 281 136 
60 454 68 336 451 232 355 19 3 270 
274 359 85 31 417 333 297 342 186 440 
10 472 560 592 443 119 513 517 99 97 
587 410 49 216 346 248 57 64 267 336 
123 409 205 149 33 3 296 300 157 553 
149 167 429 563 490 326 53 404 174 361 
559 147 528 593 224 85 290 312 311 311 
272 325 560 30 271 176 334 366 106 303 
128 99 3 364 553 355 520 557 347 249 
357 262 71 68 548 210 449 112 571 225 
223 192 211 567 480 139 129 498 65 315 
293 259 161 366 231 66 355 95 194 8 
600 15 490 596 286 604 304 222 198 355 
587 85 579 225 233 15 385 264 387 412 
559 163 525 396 89 258 465 409 133 433 
28 6 416 272 7 221 537 80 32 127 
528 84 427 255 466 329 285 350 598 368 
467 450 5 360 599 90 381 360 112 118 
7 374 97 296 401 140 533 450 144 428 
211 551 410 85 218 370 400 474 582 459 
591 472 215 193 171 301 375 215 85 167 
336 306 241 591 521 418 300 48 523 37 
143 409 205 149 388 3 296 300 157 553 
438 228 558 409 194 169 67 277 306 532 
419 556 541 134 173 406 355 207 117 296 
485 103 191 409 194 169 168 124 542 532 
193 573 84 479 391 298 196 549 189 598 
36 85 418 599 233 15 385 264 43 44 
467 522 5 360 225 595 269 4 224 118 
232 393 189 180 111 123 4 360 561 49 
461 77 275 154 129 85 175 121 473 497 
332 85 490 163 109 136 410 528 513 549 
106 464 164 254 300 278 442 503 355 436 
593 297 424 512 254 116 183 300 452 281 
238 284 547 346 255 75 412 555 463 95 
400 426 534 406 19 400 359 183 435 465 
83 40 521 607 342 274 546 273 39 157 
573 408 492 385 416 454 235 414 300 48 
199 423 526 346 167 593 195 397 193 34 
308 368 11 420 69 317 271 69 518 36 
194 191 509 113 207 1 209 61 85 577 
211 479 75 30 149 395 233 125 271 588 
17 577 34 322 410 394 85 600 87 221 
590 14 591 603 116 274 267 379 248 385 
349 163 525 396 269 13 526 409 608 142 
80 253 156 323 293 190 248 255 572 592 
60 17 336 592 451 84 355 254 3 270 
268 469 17 155 298 274 313 396 370 157 
341 434 3 294 442 414 579 531 547 29 
312 22 405 164 596 288 304 528 463 99 
325 85 6 274 438 523 350 372 509 468 
543 282 94 440 85 115 167 358 57 44 
5 291 5 329 195 237 600 401 347 318 
573 262 381 336 542 589 449 224 131 560 
36 85 579 225 161 15 385 264 204 412 
602 157 500 122 456 334 163 210 532 498 
223 159 598 88 355 202 355 370 232 160 
1 441 275 172 132 385 591 404 413 119 
226 4 362 201 504 131 531 183 326 517 
27 296 20 65 216 461 288 175 149 359 
149 413 493 223 189 604 520 222 423 355 
80 253 156 266 387 190 442 255 275 336 
68 23 24 504 312 95 459 62 312 148 
142 327 363 567 400 163 459 30 337 404 
515 358 407 195 459 459 509 407 478 311 
143 409 18 149 388 3 296 300 157 553 
495 192 91 257 480 139 129 498 65 315 
36 85 579 599 233 413 385 299 162 44 
158 203 82 382 400 163 301 30 249 533 
143 409 205 149 287 3 296 300 157 553 
385 80 419 295 241 160 598 394 1 223 
120 232 159 225 154 404 591 246 247 584 
406 574 161 76 159 585 506 1 547 85 
219 556 34 102 580 504 355 272 246 296 
488 373 365 110 310 498 594 423 457 216 
301 351 301 515 238 147 562 593 166 225 
238 116 547 329 255 586 412 384 557 95 
120 416 107 110 479 498 399 198 113 216 
106 409 347 118 359 464 472 133 91 106 
290 177 140 215 49 292 472 604 374 169 
174 401 416 553 525 5 436 177 194 161 
528 232 427 255 466 329 222 23 598 338 
474 149 605 553 296 224 198 26 355 1 
178 4 365 25 63 78 154 183 437 229 
360 366 44 91 64 80 510 83 419 260 
30 440 435 320 379 254 550 484 479 253 
304 253 456 436 440 163 414 423 275 355 
541 502 439 591 454 418 300 86 145 281 
226 157 220 270 456 334 163 210 532 498 
553 336 34 553 498 379 313 15 492 37 
36 85 418 599 161 413 385 412 293 44 
600 15 367 606 286 604 304 285 27 355 
435 174 354 48 352 490 243 184 167 16 
571 235 163 215 416 574 232 449 533 368 
77 123 409 173 351 278 351 284 105 426 
128 367 413 400 354 19 498 498 172 557 
486 113 119 311 590 285 163 385 205 28 
157 380 95 330 31 306 260 116 453 248 
27 296 20 65 216 94 171 147 149 359 
63 559 41 140 159 116 443 1 547 85 
549 477 291 11 276 50 249 72 451 149 
47 547 315 525 560 528 230 533 78 391 
592 390 24 471 312 95 301 55 220 148 
230 553 189 579 144 106 242 559 79 26 
411 160 517 425 590 337 527 351 116 179 
357 198 526 346 167 529 195 375 275 541 
238 284 343 346 255 586 299 524 452 347 
149 15 490 606 189 604 9 285 27 355 
362 399 169 37 588 192 370 233 91 479 
61 5 299 334 117 571 311 458 4 225 
312 302 551 464 223 171 361 528 463 99 
334 311 549 427 361 159 391 140 170 142 
13 46 220 604 498 30 430 423 557 183 
330 467 492 85 528 331 195 47 525 358 
114 461 545 11 294 123 249 486 558 149 
506 367 461 440 85 7 167 586 51 299 
512 99 3 378 553 355 304 383 95 337 
496 271 80 523 116 518 589 172 223 282 
80 253 156 111 387 564 248 404 243 34 
154 151 5 360 560 397 89 360 224 564 
236 442 189 180 323 143 4 360 142 69 
553 562 539 494 159 361 382 409 3 216 
500 125 357 589 170 218 333 528 463 363 
173 494 227 478 120 85 492 591 76 167 
301 450 207 132 238 82 207 296 174 541 
195 587 188 211 274 200 157 50 328 378 
361 253 456 172 180 163 124 423 243 355 
36 85 418 560 41 413 385 412 184 264 
393 149 5 409 576 528 473 563 225 117 
541 350 201 63 312 95 301 55 500 115 
542 598 216 297 72 450 222 421 85 325 
140 548 313 32 274 311 85 480 113 562 
126 253 194 436 180 163 414 27 511 355 
525 82 211 154 427 459 247 578 461 553 
551 380 235 385 268 454 235 354 300 86 
250 286 473 241 195 285 278 139 404 138 
553 34 592 553 498 379 313 15 151 297 
297 119 54 391 71 504 253 333 224 271 
75 183 309 85 187 350 67 96 529 224 
107 487 169 297 588 263 370 233 211 484 
295 341 237 253 526 391 418 417 37 136 
416 40 17 185 342 274 313 77 39 157 
400 426 603 471 254 400 359 183 435 538 
549 208 478 475 47 64 212 7 191 600 
5 116 575 321 153 553 536 161 130 140 
154 450 5 4 560 375 536 360 112 496 
587 422 21 469 138 183 70 438 582 283 
344 577 336 276 366 591 85 600 319 221 
174 229 462 553 525 5 436 358 456 161 
449 123 409 584 351 403 351 585 544 146 
178 157 220 122 456 334 163 164 187 498 
315 297 43 592 289 86 177 470 207 82 
268 242 454 26 422 274 546 273 370 157 
203 501 286 376 598 312 440 154 233 274 
1 333 525 329 483 76 141 468 442 419 
62 85 493 163 499 136 410 528 93 114 
512 493 413 400 354 254 498 498 172 568 
501 286 473 441 195 317 168 555 255 138 
114 461 545 514 294 123 38 72 451 149 
91 479 177 473 600 320 161 125 604 119 
283 391 216 497 106 478 36 482 418 511 
117 473 36 119 91 346 416 395 154 482 
249 229 268 553 525 427 436 231 194 233 
10 150 225 34 470 119 93 379 363 97 
1 304 525 329 483 76 141 468 248 59 
507 352 273 253 571 311 437 186 248 509 
340 581 529 276 355 337 532 112 508 350 
295 221 237 253 538 435 418 265 37 136 
1 9 525 329 470 140 320 65 442 219 
454 424 105 336 544 522 366 525 160 262 
421 409 115 169 525 598 74 195 160 23 
140 18 599 182 524 62 361 297 327 216 
33 228 265 582 216 313 449 553 146 355 
341 322 3 276 393 414 418 531 343 29 
19 427 4 547 384 586 529 151 3 286 
11 65 85 45 76 179 114 85 244 101 
195 36 63 91 274 556 157 143 61 35 
362 154 522 85 528 273 195 434 525 177 
120 84 159 560 531 404 591 110 472 584 
546 590 513 256 389 355 313 404 219 149 
60 177 76 258 562 437 472 271 53 169 
106 164 210 254 300 168 248 127 355 436 
390 274 323 91 255 210 59 25 29 141 
427 284 52 175 153 553 536 233 130 76 
88 62 287 315 136 328 108 211 88 318 
488 462 330 117 484 498 388 27 113 216 
27 296 540 65 216 208 288 181 600 359 
80 253 156 430 43 564 248 404 193 541 
216 100 219 404 602 243 491 543 48 216 
31 6 462 554 7 221 400 80 199 503 
42 358 76 258 6 437 472 271 53 169 
581 589 464 19 300 278 248 326 355 172 
331 143 409 570 351 527 351 585 105 482 
