110 26
78 50 80 23 97 25 81 5 77 59 84 36 44 79 16 84 84 108 108 43 44 99 92 93 100 75 
59 24 85 108 21 57 43 79 2 46 78 104 19 9 70 3 6 30 43 38 35 86 68 71 80 104 
59 24 108 108 93 57 43 79 1 46 32 104 19 9 70 3 6 26 43 38 35 86 68 71 80 104 
77 73 64 24 97 58 55 97 59 75 18 90 99 76 42 74 76 8 59 12 12 23 37 33 61 3 
43 61 104 55 7 19 7 104 105 36 62 42 100 3 13 87 13 25 91 25 68 101 4 28 81 73 
108 1 10 22 3 36 77 3 92 65 5 46 23 52 41 95 29 64 26 45 18 64 58 52 40 3 
3 4 13 49 80 2 95 96 20 11 5 46 37 24 65 34 31 36 54 80 1 19 37 33 80 81 
26 46 6 87 71 51 43 49 57 31 66 35 59 31 99 49 19 23 70 6 37 80 43 70 6 97 
0 109 10 47 105 43 4 69 45 104 18 90 65 28 6 46 6 96 29 107 73 37 70 89 43 90 
10 16 57 20 1 35 21 47 68 69 76 99 6 55 97 67 1 25 99 14 47 99 14 68 58 79 
10 80 22 105 102 76 106 16 70 32 32 65 46 13 14 35 13 34 63 93 106 15 81 37 33 93 
61 24 99 41 50 19 15 2 46 106 24 46 15 41 39 104 79 41 78 105 109 20 37 60 68 45 
33 85 32 109 9 43 61 86 13 13 45 49 107 37 105 31 70 35 0 104 57 98 23 50 73 65 
97 2 3 23 35 41 7 35 30 79 89 64 79 15 95 76 3 102 33 60 71 52 45 65 32 28 
34 54 60 50 66 103 96 86 31 11 39 108 1 0 53 18 88 25 62 82 32 72 21 9 37 67 
80 32 89 12 87 78 68 108 10 58 34 88 19 3 12 11 107 68 70 59 44 5 49 31 109 77 
103 32 80 44 23 73 55 10 81 79 68 98 104 57 46 92 3 92 67 17 69 9 36 97 38 33 
64 83 10 70 25 86 59 92 51 82 77 94 88 101 109 56 23 42 31 39 9 13 74 82 28 52 
76 25 59 60 104 108 60 99 24 96 105 82 18 7 98 7 16 26 37 74 2 19 45 23 105 104 
46 107 87 67 77 101 36 105 6 95 6 103 19 61 18 94 81 6 90 13 64 9 41 96 23 40 
104 86 70 35 59 41 85 61 96 16 48 23 103 70 17 103 95 36 68 33 56 44 58 71 70 61 
23 37 18 14 68 51 85 15 6 53 46 4 62 105 108 95 42 64 13 37 60 47 54 107 101 59 
109 61 99 108 87 75 16 58 37 10 25 20 19 44 10 91 61 61 17 81 71 37 55 30 25 72 
80 94 1 105 105 34 43 8 87 13 81 24 10 67 84 109 80 97 56 38 43 96 97 17 36 20 
88 60 90 104 60 60 10 76 67 52 101 61 20 76 22 89 93 3 42 70 60 0 28 67 37 59 
54 100 46 83 97 16 43 100 18 61 97 22 16 97 98 36 84 57 68 82 68 47 45 109 43 28 
105 46 76 59 38 4 23 68 67 42 24 28 12 12 62 18 3 61 88 72 108 33 32 96 87 80 
33 108 78 109 77 43 61 51 13 13 45 49 49 37 105 31 70 35 38 104 57 8 23 91 73 65 
47 100 7 74 58 79 85 43 89 27 96 86 44 14 9 39 97 62 99 42 40 77 99 101 91 102 
29 37 99 30 59 54 91 73 38 43 67 83 80 7 55 10 76 8 74 106 38 14 20 41 51 101 
105 46 76 59 38 4 23 68 67 42 24 28 27 27 62 56 3 61 109 100 85 33 78 96 103 80 
64 55 10 70 25 51 59 92 51 82 9 66 88 28 88 18 23 42 17 39 9 13 20 40 28 52 
61 47 94 77 105 86 30 36 95 44 49 66 26 45 44 66 35 83 66 104 102 59 15 23 91 83 
80 78 29 27 87 78 68 85 10 58 34 88 19 3 27 63 49 68 70 59 44 5 49 31 88 77 
88 61 99 108 103 75 16 54 37 10 25 74 19 44 10 50 61 61 17 81 71 37 83 26 25 100 
66 3 74 27 23 19 5 68 79 23 1 42 62 60 66 75 25 19 51 76 19 50 25 32 60 16 
65 80 18 0 15 12 47 67 100 109 107 54 39 89 96 77 69 78 43 48 40 42 35 1 69 44 
98 16 32 5 17 74 59 90 74 64 90 43 87 49 40 76 16 41 10 46 87 86 57 108 104 41 
32 50 80 23 97 25 92 5 9 59 84 36 44 79 16 84 65 85 85 43 44 99 81 93 100 4 
94 70 14 13 71 77 20 11 65 91 43 5 60 2 85 42 45 19 109 2 92 85 72 48 83 1 
8 44 61 51 48 94 48 5 61 31 33 59 32 75 21 14 81 34 86 8 24 46 28 3 57 35 
82 89 37 76 57 14 103 27 100 16 68 41 51 33 3 33 3 104 104 56 52 41 55 43 61 104 
44 17 92 22 76 32 17 18 18 26 76 36 106 85 10 89 12 37 11 89 16 46 23 68 79 26 
95 17 36 13 44 32 64 65 109 7 45 54 8 44 35 4 31 62 16 3 80 73 56 60 25 44 
0 58 47 6 73 23 17 58 47 95 50 78 77 40 68 68 43 74 43 38 43 35 16 10 95 88 
29 104 7 99 59 17 45 104 29 57 72 71 79 76 26 17 103 8 50 3 66 105 71 70 10 68 
16 27 76 77 106 70 54 81 16 25 73 6 82 67 53 37 56 68 104 9 74 68 84 91 109 80 
34 106 59 60 55 97 54 108 15 86 10 104 46 8 58 74 41 36 90 61 94 83 109 67 81 54 
85 36 73 71 47 53 45 42 65 87 16 35 7 34 9 100 42 76 47 6 59 20 14 79 76 21 
104 48 4 9 93 89 1 58 41 80 98 84 68 50 47 19 72 76 33 59 60 44 97 85 65 85 
65 44 85 43 35 7 66 86 67 24 13 69 26 73 45 80 14 37 14 27 39 106 1 45 43 44 
52 99 87 68 29 3 19 50 106 90 105 6 6 7 35 100 59 10 55 79 37 105 80 72 0 16 
74 3 25 31 68 93 15 71 3 44 68 14 31 46 41 60 84 78 36 37 7 86 44 61 47 30 
85 36 73 71 47 53 45 42 65 103 16 35 7 34 77 100 42 76 47 6 59 20 14 64 76 21 
54 60 99 14 26 59 6 37 66 92 76 25 80 28 54 108 68 46 35 47 49 23 78 36 100 21 
109 55 80 11 5 23 18 80 62 86 45 2 96 26 24 83 71 101 76 19 90 71 53 19 30 48 
76 25 59 60 104 108 60 99 24 96 105 82 18 7 98 7 16 30 37 20 2 19 45 23 105 104 
0 37 57 54 49 107 104 24 101 96 0 55 73 19 7 11 42 78 3 73 6 15 49 98 96 23 
54 60 99 14 26 59 6 37 94 81 76 25 80 101 58 85 68 46 35 47 49 23 78 36 100 93 
59 69 27 36 7 25 77 60 41 19 100 59 14 62 57 62 36 41 6 31 75 42 15 73 67 10 
23 64 45 14 37 86 9 36 68 54 35 80 69 19 82 105 73 0 54 3 27 60 84 10 14 8 
52 41 9 71 23 19 48 106 28 37 61 6 10 80 67 67 16 23 36 10 87 76 37 68 30 35 
108 2 10 34 3 36 9 3 81 65 62 46 23 69 41 95 29 64 30 45 56 64 58 52 40 3 
61 24 99 41 50 19 33 2 46 106 24 46 15 41 39 104 79 41 32 105 109 20 37 60 68 45 
80 106 60 59 63 105 45 87 8 25 92 67 10 57 73 100 102 107 13 84 79 26 61 93 36 16 
42 75 3 31 52 75 26 24 16 94 43 36 45 49 72 97 28 2 16 105 105 24 35 79 18 37 
47 80 96 25 69 95 57 26 70 10 3 106 30 51 2 7 102 71 15 97 58 49 50 80 37 90 
80 43 43 25 41 91 58 98 17 59 47 62 107 7 89 91 82 60 51 70 82 35 43 24 49 45 
23 47 37 46 99 17 46 75 36 106 83 46 18 41 42 11 31 40 56 24 84 99 3 61 35 65 
20 3 25 31 68 21 33 71 3 44 68 14 17 46 41 60 84 32 36 37 7 86 44 61 47 30 
4 14 60 73 45 40 35 103 19 25 71 28 28 36 7 41 7 8 15 43 107 5 67 32 76 62 
7 43 44 14 61 61 70 86 74 3 94 52 23 47 79 107 76 60 59 107 45 16 77 38 73 71 
106 95 12 95 96 0 42 106 22 101 108 46 8 46 62 13 7 58 7 99 76 85 68 36 97 92 
44 85 42 82 73 38 13 102 99 61 38 18 67 71 24 75 43 17 47 46 55 12 67 68 30 83 
104 86 70 35 59 41 85 61 96 16 53 23 87 70 31 103 95 36 68 33 18 44 54 71 70 61 
43 61 104 83 7 19 7 104 105 36 5 42 100 3 13 103 13 25 50 25 68 101 75 28 92 73 
68 42 98 103 14 61 43 70 27 13 1 106 65 38 92 104 52 53 64 86 109 71 102 21 9 30 
10 16 57 20 2 35 93 47 68 52 76 99 6 55 97 67 2 25 99 14 47 99 14 68 54 79 
61 47 94 77 105 51 30 36 90 44 49 94 30 45 44 66 35 55 94 104 102 59 15 23 50 83 
80 39 60 59 63 105 45 87 8 25 92 67 10 102 73 72 57 49 13 65 79 30 61 21 36 16 
44 44 105 43 25 24 68 67 54 88 98 54 53 91 24 109 0 73 22 13 94 67 92 71 43 93 
14 105 23 60 104 72 7 19 70 70 71 105 87 98 99 92 50 62 61 19 41 60 28 39 70 36 
98 44 61 51 48 66 53 5 61 31 15 59 32 75 21 14 81 34 51 98 24 46 28 3 57 35 
109 83 80 11 5 23 56 80 62 51 45 1 96 30 24 83 71 101 76 19 95 71 48 19 26 53 
42 75 3 31 52 4 30 24 16 66 43 36 45 49 72 97 28 1 16 105 105 24 35 64 56 37 
69 11 97 74 8 99 108 20 29 105 23 30 100 22 72 76 49 56 25 53 37 59 42 62 22 5 
69 99 87 68 89 3 19 50 39 90 105 6 6 7 35 72 59 10 83 64 37 105 80 72 0 16 
36 14 42 30 62 105 43 108 105 98 8 105 28 42 17 70 51 98 52 17 30 53 96 46 93 95 
99 71 64 76 11 62 82 78 21 109 93 108 1 68 37 104 76 97 96 73 76 39 18 18 101 109 
89 37 99 26 59 58 91 73 0 43 67 55 80 7 55 10 76 98 20 39 0 14 20 41 86 101 
19 33 70 46 92 65 60 41 96 59 41 42 6 102 87 88 3 73 70 14 61 36 24 100 77 14 
65 44 108 43 35 7 94 86 67 24 13 69 26 73 45 80 14 37 14 27 106 106 2 45 43 44 
14 105 23 60 104 100 7 19 70 70 71 105 103 8 99 81 50 62 61 19 41 60 101 106 70 36 
23 37 18 14 68 51 108 15 6 48 46 4 5 105 108 95 42 64 13 37 60 47 54 107 101 59 
47 80 96 25 52 95 57 26 70 10 3 106 30 86 2 7 57 71 15 97 58 107 91 80 37 90 
19 15 70 46 81 84 60 41 96 59 41 42 6 57 103 109 3 73 70 14 61 36 24 72 9 14 
23 92 105 45 6 22 17 104 69 89 97 77 89 102 7 60 58 36 78 27 50 83 84 60 71 22 
87 68 108 102 10 20 43 81 52 38 63 96 55 62 41 37 19 67 48 50 91 56 44 101 48 93 
0 88 10 47 105 43 4 52 45 104 56 90 65 28 6 46 6 96 89 49 73 37 70 29 43 90 
108 98 54 6 101 67 42 85 20 32 22 22 43 19 57 54 7 25 96 51 47 80 79 43 34 62 
106 90 12 95 96 0 42 39 22 28 108 46 8 46 62 13 7 58 7 99 76 85 68 36 97 92 
47 100 7 20 54 64 85 43 29 12 96 51 44 14 77 39 97 5 99 42 40 9 99 28 91 57 
0 37 57 54 107 49 104 24 28 96 38 55 73 19 7 63 42 78 3 73 6 33 49 98 96 23 
36 14 42 30 5 105 43 85 105 8 8 105 101 42 17 70 51 8 69 31 30 53 96 46 21 90 
73 98 53 36 73 78 13 69 59 10 26 102 70 60 65 25 17 31 46 60 61 59 42 23 15 89 
32 12 105 10 46 97 78 68 44 27 105 36 18 59 59 86 58 62 6 54 0 40 41 4 87 92 
94 70 14 13 71 77 20 11 84 91 43 5 60 1 108 42 45 19 88 2 81 85 72 48 83 1 
104 53 75 9 93 89 2 54 41 80 98 65 68 91 47 19 72 76 15 59 60 44 97 108 84 108 
52 11 97 74 98 99 85 20 89 105 23 30 72 34 100 76 49 56 25 53 37 59 42 62 34 5 
99 71 79 76 11 5 40 78 21 88 21 85 1 68 37 104 76 97 96 73 76 106 56 18 101 88 
