539 25
185 91 236 524 231 456 40 437 263 263 499 350 144 493 153 244 61 109 416 49 43 75 510 456 537 
291 526 56 393 225 505 236 348 499 85 134 80 353 36 421 271 329 43 184 105 79 410 171 291 185 
444 428 11 15 428 79 400 218 160 103 381 475 73 417 153 501 465 474 290 265 386 523 373 400 183 
154 137 417 261 207 446 505 523 475 309 7 259 370 92 331 505 363 362 413 397 146 31 255 256 40 
222 244 409 386 197 528 226 427 244 216 66 390 247 426 263 379 516 3 457 297 346 220 356 184 60 
232 185 457 299 138 320 141 226 371 218 163 208 229 39 164 332 297 71 73 301 412 307 164 267 458 
484 80 117 276 131 180 272 321 118 217 403 99 315 102 413 530 195 281 370 170 368 445 345 28 401 
80 357 437 180 42 357 284 95 350 234 251 522 518 363 37 304 155 30 44 401 294 15 267 64 118 
302 86 347 185 91 433 92 133 139 426 62 490 398 100 437 428 369 201 130 41 473 466 430 225 7 
293 311 262 190 250 383 393 129 372 341 389 339 77 389 194 137 247 194 192 20 360 455 510 394 287 
89 141 243 148 207 392 225 221 467 91 251 236 528 441 322 260 381 250 338 146 345 48 511 82 426 
154 288 295 519 86 369 448 405 295 309 7 59 218 92 5 505 363 427 413 141 146 199 238 487 413 
263 370 376 204 440 148 241 424 322 422 67 349 405 429 60 115 289 176 308 36 498 511 247 327 420 
40 498 127 447 246 96 139 294 390 247 405 236 366 102 437 27 71 310 221 104 376 440 161 35 272 
394 132 247 9 152 104 111 61 69 469 480 184 335 107 326 78 189 495 151 91 203 344 90 303 437 
103 272 420 472 414 236 171 428 216 326 499 484 272 467 319 503 523 273 283 176 92 70 13 423 393 
421 2 112 38 350 263 92 291 369 324 171 21 125 335 260 8 285 244 109 430 92 178 396 92 40 
77 196 460 341 247 146 465 235 271 203 16 450 418 534 168 68 510 224 17 91 509 170 395 200 330 
444 321 445 35 421 200 269 90 83 516 320 266 218 133 503 244 372 260 429 397 93 526 139 376 449 
318 302 523 395 537 272 160 94 449 370 433 162 137 336 384 392 497 58 108 107 111 403 296 86 291 
439 69 132 61 92 350 437 6 58 314 499 202 111 427 145 188 215 428 22 1 347 182 406 87 505 
439 83 11 530 107 436 247 358 498 321 109 154 383 344 1 329 499 490 181 504 510 163 280 439 251 
109 463 46 242 371 345 434 236 452 241 105 505 23 333 46 498 263 7 227 14 211 281 222 191 146 
457 58 57 401 485 320 350 9 386 184 202 228 479 28 396 91 394 303 134 272 86 160 103 302 468 
266 233 42 126 432 112 442 21 45 264 500 241 85 468 248 481 222 13 46 344 182 318 456 84 376 
89 488 181 447 102 190 223 103 24 180 241 397 403 350 402 287 504 42 133 538 521 28 270 339 442 
263 267 272 183 368 217 58 42 157 111 92 3 229 217 430 43 158 5 41 427 469 437 521 123 332 
84 314 332 498 420 263 42 180 354 521 115 479 184 386 122 433 446 85 135 91 154 115 262 58 293 
109 304 463 256 301 533 46 256 414 507 214 476 92 383 383 146 102 329 304 263 440 65 499 272 150 
383 351 203 203 74 147 10 337 428 440 262 153 362 480 382 370 29 378 140 60 11 203 204 92 25 
225 401 115 242 40 217 186 399 80 350 218 262 387 297 454 229 155 279 474 195 90 201 531 364 423 
104 531 10 277 157 479 439 265 360 168 95 417 151 185 118 320 318 107 184 420 516 251 252 31 393 
301 142 321 272 477 154 151 99 83 342 142 465 129 101 383 70 500 493 263 446 411 165 301 154 369 
29 109 56 151 315 92 432 511 199 463 43 350 3 129 23 23 428 325 265 238 417 191 272 301 13 
535 443 380 399 356 528 294 241 445 49 125 168 247 436 263 214 195 431 278 359 346 6 197 184 482 
42 64 295 119 16 369 521 523 417 2 430 9 218 92 5 531 302 362 413 78 146 315 238 431 413 
201 307 499 388 184 65 410 81 215 373 263 114 394 366 91 289 286 207 383 383 320 293 213 428 91 
425 104 476 102 402 122 85 440 430 99 393 32 151 476 58 358 464 366 40 331 102 465 168 98 134 
383 302 183 69 285 147 56 196 495 207 473 273 362 20 142 370 38 378 114 60 431 183 194 92 423 
44 99 324 242 183 513 118 236 153 78 535 59 519 469 88 428 378 199 225 236 451 219 412 421 390 
272 485 514 99 75 18 383 99 238 189 24 107 268 203 185 433 109 509 489 301 376 336 496 203 371 
280 356 272 215 99 74 358 504 406 245 410 444 420 295 417 478 175 46 481 354 406 46 226 164 249 
324 445 340 130 118 294 180 136 125 91 62 437 225 485 161 517 272 200 306 191 36 236 154 260 386 
263 218 376 173 86 287 427 303 464 422 249 232 405 89 60 336 289 176 486 364 176 511 247 172 420 
481 396 381 64 397 157 351 337 121 491 30 77 502 139 336 223 74 21 473 350 109 40 322 340 86 
247 536 499 100 283 184 82 398 74 215 163 200 125 53 313 346 188 165 414 139 520 484 294 440 187 
109 304 114 11 346 533 46 319 400 456 232 373 92 383 383 146 102 329 386 263 440 65 499 272 179 
218 146 236 502 149 192 95 259 346 431 472 530 184 185 107 226 355 165 79 72 24 263 458 320 100 
160 341 42 135 439 54 494 168 45 176 444 427 433 396 156 216 418 511 253 499 182 14 234 12 139 
43 113 46 264 443 263 154 180 237 521 336 5 184 321 122 85 211 85 274 91 42 419 133 58 346 
164 188 251 190 184 363 406 303 39 437 225 357 169 491 27 155 500 420 78 277 398 260 502 507 192 
366 121 522 226 6 178 66 166 383 380 493 352 46 263 369 272 147 42 284 21 335 70 216 226 406 
113 316 53 225 247 146 465 88 497 415 440 409 82 326 21 322 510 30 52 91 57 491 486 485 290 
363 273 159 69 19 185 242 426 488 423 45 217 383 151 383 217 320 86 66 206 493 278 180 22 182 
457 58 439 336 1 320 350 59 304 184 437 359 474 253 378 91 336 152 134 272 440 266 84 122 353 
531 262 195 193 286 135 89 263 477 19 257 139 107 139 444 433 493 512 388 506 102 527 154 509 213 
384 78 443 456 207 538 233 81 93 91 251 104 159 441 68 260 327 76 345 146 24 338 13 524 426 
56 188 155 328 184 302 393 525 39 202 225 357 504 491 49 251 444 243 397 277 41 260 265 507 435 
435 357 50 430 309 316 148 112 140 188 70 502 152 413 185 185 41 61 321 533 466 254 129 263 8 
293 453 133 172 110 383 393 129 308 341 63 329 188 119 194 64 247 205 367 159 483 267 529 394 287 
351 16 299 185 91 433 92 473 376 213 178 490 215 312 437 428 211 474 117 215 133 466 7 341 324 
87 99 324 242 422 90 107 236 36 397 535 80 261 227 485 495 378 199 225 236 472 156 525 242 270 
519 151 164 251 377 127 9 324 456 409 490 157 39 157 92 62 146 339 399 198 280 10 315 114 514 
344 205 92 471 74 180 417 118 37 400 537 117 299 386 535 341 437 154 107 254 437 272 245 36 376 
401 523 410 447 419 213 281 64 399 15 268 389 92 15 374 40 23 308 170 216 126 70 341 371 529 
344 204 92 471 210 180 295 118 37 400 134 349 474 386 524 233 437 154 118 300 202 272 193 36 139 
123 184 484 180 292 46 445 474 237 477 36 98 121 406 406 294 23 6 67 147 21 424 421 323 524 
363 153 20 69 238 185 461 213 286 191 111 102 383 58 383 217 320 207 66 82 493 278 180 22 182 
410 386 443 35 15 1 450 325 374 516 320 292 370 133 189 243 486 260 384 491 467 230 139 376 449 
255 40 157 527 154 10 507 477 29 272 137 330 125 497 484 215 504 206 367 201 247 444 282 480 326 
157 109 433 179 395 369 134 292 312 440 88 173 400 114 260 266 519 92 454 118 104 109 314 440 231 
366 94 405 372 134 272 337 94 127 218 433 277 530 336 429 48 281 58 173 107 111 388 147 16 442 
212 526 272 72 99 26 116 62 393 297 444 500 443 128 128 355 67 332 49 476 393 332 226 10 323 
104 184 99 496 139 181 201 114 46 442 235 280 420 347 90 104 304 321 295 509 516 184 393 211 427 
263 455 272 422 14 217 151 42 308 45 92 35 290 102 324 43 261 201 41 241 101 202 252 39 332 
84 113 332 498 420 263 42 180 237 505 401 331 184 386 122 433 446 433 37 91 154 115 133 151 301 
132 371 95 133 86 151 89 4 263 402 461 98 524 44 201 373 137 401 194 141 151 106 387 537 450 
236 135 399 92 255 104 317 528 195 379 301 383 224 384 40 226 320 408 19 238 383 188 400 22 59 
339 356 350 326 101 475 517 448 473 341 312 358 217 411 105 0 90 36 203 346 247 449 376 191 175 
233 336 336 421 413 102 388 304 136 350 370 262 387 193 330 454 251 325 5 195 279 479 252 273 423 
467 453 133 328 513 383 393 503 284 233 519 329 77 63 205 64 247 387 192 528 484 447 95 401 507 
314 167 175 225 247 493 465 200 47 69 440 6 22 29 390 464 529 187 462 91 439 141 284 235 229 
109 533 332 15 400 24 89 104 454 362 511 252 296 33 46 335 263 324 101 368 369 497 524 423 146 
493 127 439 26 240 323 400 285 215 17 188 530 252 188 358 31 302 272 325 380 171 99 99 238 508 
263 370 376 194 207 148 362 412 464 69 67 506 47 89 520 336 466 176 308 273 335 511 247 172 420 
406 490 516 37 185 363 485 329 411 173 440 527 263 42 537 383 424 350 199 213 62 153 337 479 98 
421 309 23 534 350 263 92 494 369 430 171 21 125 264 436 482 26 420 109 430 92 504 298 92 40 
27 298 327 64 397 395 348 337 19 141 187 314 465 139 336 75 162 411 262 350 109 413 68 458 207 
442 2 358 393 341 505 236 122 499 85 537 136 517 364 242 281 329 300 184 13 457 410 329 291 185 
123 184 186 180 337 28 445 5 476 482 153 203 71 393 406 226 54 6 305 23 390 208 15 323 524 
132 414 529 262 86 58 429 192 263 50 242 422 418 361 201 354 64 394 108 141 58 106 173 134 450 
56 186 184 247 434 520 116 344 65 378 226 60 122 524 151 102 40 288 357 345 40 536 326 42 213 
295 38 46 91 57 99 427 310 163 456 299 155 158 217 226 361 393 118 263 7 48 428 113 301 103 
42 190 272 351 161 107 63 320 100 461 69 262 396 70 223 60 430 29 424 251 480 393 406 260 270 
350 7 48 261 474 495 36 366 58 418 288 115 482 341 118 303 223 374 469 390 350 177 265 177 294 
310 411 227 155 128 369 212 421 388 337 179 499 204 205 247 66 33 61 75 342 443 266 472 485 2 
337 341 154 312 402 112 111 390 291 335 410 362 433 468 219 27 206 13 253 344 314 318 507 254 139 
132 99 7 461 422 76 107 236 273 491 206 259 65 469 1 428 515 199 233 236 472 179 412 242 270 
121 40 395 179 42 164 507 8 326 272 64 290 125 281 388 41 169 535 4 331 247 444 455 159 326 
413 341 40 218 40 196 154 176 492 154 362 439 217 272 413 236 134 374 413 252 313 516 275 190 522 
181 104 476 102 239 351 85 16 324 99 406 465 151 476 58 116 68 318 413 5 217 502 21 98 537 
531 133 163 297 286 100 66 263 8 121 534 376 107 139 500 85 493 340 186 379 217 150 42 50 260 
57 161 462 530 386 3 291 297 335 393 502 324 278 54 451 47 406 427 315 126 268 372 314 479 97 
263 218 139 387 16 287 362 412 464 98 53 130 271 89 522 401 466 498 486 153 176 511 247 172 445 
505 344 229 383 47 480 259 139 282 482 13 119 465 185 118 265 509 237 263 11 407 241 430 72 293 
413 176 127 282 453 48 139 226 21 247 497 236 14 102 437 27 177 215 489 104 139 86 230 3 272 
403 136 379 276 462 180 272 386 118 217 186 99 31 102 40 530 195 47 370 397 14 420 48 28 394 
92 398 434 213 226 463 97 180 282 298 529 395 198 434 294 11 154 320 68 199 88 336 107 247 427 
376 109 342 370 3 85 351 132 193 463 260 226 427 169 262 102 211 254 444 252 225 242 149 350 180 
272 20 376 348 444 482 254 376 102 26 483 456 136 504 191 219 83 367 68 184 440 401 513 434 8 
44 371 529 473 16 151 352 192 263 432 15 69 206 361 474 354 530 115 204 397 58 380 387 134 6 
247 61 499 126 283 184 524 215 375 41 195 235 384 145 135 293 188 372 400 376 477 306 294 16 187 
457 151 432 336 1 320 350 80 304 184 202 245 474 46 298 91 394 424 537 272 207 266 103 351 468 
236 135 399 92 19 236 317 159 516 117 93 383 187 384 413 226 320 408 255 177 383 182 400 206 59 
463 1 314 58 530 185 507 386 4 439 294 221 321 46 519 203 139 340 216 85 95 264 445 180 6 
67 180 291 200 41 196 101 151 16 218 199 134 461 374 31 170 211 379 510 393 233 139 211 263 309 
434 397 443 507 440 48 341 489 467 91 251 104 528 0 464 436 327 325 96 146 345 392 511 222 213 
140 92 502 243 1 158 483 383 99 475 383 200 105 500 450 180 61 91 396 224 185 477 232 119 184 
92 310 384 213 294 114 536 180 282 378 449 486 361 124 226 256 154 320 322 315 200 419 118 247 241 
499 173 92 455 26 180 475 107 312 400 537 130 201 399 418 225 202 154 118 84 202 272 297 273 139 
82 243 450 321 197 20 294 427 443 223 124 168 247 213 263 130 163 3 187 245 301 220 230 184 8 
368 94 405 308 537 272 149 351 510 218 433 285 530 115 352 392 405 58 108 118 291 306 147 16 494 
350 7 392 63 201 495 36 368 151 222 137 419 522 341 107 532 75 286 355 411 350 121 32 71 226 
132 99 7 15 422 90 107 104 153 170 535 59 389 478 88 428 378 199 233 104 138 248 424 461 411 
61 184 360 180 196 46 420 474 508 520 364 415 71 393 393 294 23 380 460 112 390 525 421 53 206 
61 184 484 180 292 253 445 347 237 482 36 98 238 393 406 226 296 106 175 147 270 152 421 460 535 
472 236 508 217 439 363 433 86 7 99 393 32 58 476 58 164 68 368 40 201 102 502 411 415 134 
215 411 478 251 417 369 382 421 360 149 150 499 173 205 247 124 501 536 216 193 420 149 138 1 526 
486 109 85 179 157 211 537 337 100 440 235 108 414 114 436 196 63 92 454 107 236 109 113 440 343 
49 507 77 81 174 267 119 238 218 320 247 406 92 460 40 66 330 123 393 461 145 53 470 349 17 
140 92 32 445 1 261 306 383 99 475 383 235 105 410 450 180 97 91 353 457 185 482 232 158 184 
77 266 460 233 247 493 265 200 271 183 86 450 82 258 21 18 449 187 81 91 439 170 165 88 330 
223 174 327 64 491 372 351 167 177 491 278 113 502 376 394 75 285 270 133 350 109 413 276 25 86 
369 111 442 406 345 341 326 88 273 263 462 99 389 272 433 260 262 62 236 15 324 71 188 7 19 
154 136 163 467 334 112 119 171 453 531 0 444 410 102 522 344 259 291 35 257 42 184 410 446 213 
451 236 508 217 402 363 85 16 324 99 393 32 58 476 58 164 276 366 40 347 102 465 411 183 134 
293 453 133 327 250 383 406 129 372 233 119 171 182 389 108 137 247 205 435 159 360 455 510 394 456 
419 405 410 282 336 436 497 137 399 461 246 63 92 15 286 40 112 165 78 216 37 475 341 400 449 
185 91 236 206 268 234 40 202 263 263 499 350 144 493 364 445 536 109 117 49 12 27 95 456 537 
42 516 456 148 370 112 118 510 533 248 514 159 272 67 364 7 337 393 40 237 320 400 138 195 84 
140 485 182 151 64 185 507 399 34 50 226 17 399 46 389 415 139 423 75 85 496 335 445 180 220 
171 356 350 38 55 295 396 505 473 341 313 56 217 168 13 441 279 36 422 467 247 529 376 423 53 
14 19 482 226 106 504 384 27 383 409 493 66 46 263 211 272 296 154 157 270 176 295 75 294 393 
258 109 358 58 199 92 57 105 315 140 144 350 3 357 296 23 490 513 502 71 475 340 272 293 511 
263 370 376 205 86 456 362 424 322 69 175 379 271 434 60 401 212 176 372 273 176 105 247 172 420 
94 36 20 98 177 185 15 436 286 191 291 217 383 58 383 102 320 440 434 524 493 278 180 418 314 
347 376 495 134 444 155 33 173 35 371 413 504 133 97 332 452 72 522 467 321 153 56 200 453 457 
457 151 385 336 235 320 350 59 304 184 437 245 5 332 515 91 336 424 134 272 207 196 84 94 298 
214 201 499 105 64 537 160 214 35 458 13 74 411 373 165 150 423 353 257 342 369 47 141 202 274 
436 58 156 535 45 188 399 424 505 506 290 433 467 7 240 444 362 57 370 495 17 480 235 350 71 
420 441 215 176 427 266 264 23 374 104 359 108 189 91 60 41 471 518 524 454 40 133 140 88 62 
4 503 509 7 2 149 234 112 533 182 475 265 73 413 185 185 215 123 399 114 280 144 189 263 8 
236 184 99 449 139 181 347 533 253 291 235 466 243 201 325 236 399 321 417 50 195 184 406 211 427 
347 307 344 484 184 519 410 221 72 508 263 114 115 366 91 280 240 440 383 383 320 301 436 428 91 
7 445 191 117 118 226 180 80 352 91 178 437 225 1 230 298 272 485 484 25 273 104 42 436 386 
28 493 62 454 362 21 507 143 249 328 437 502 411 176 493 350 394 465 336 7 447 3 513 95 139 
445 181 72 264 362 167 335 296 374 104 245 173 357 91 8 72 455 101 222 452 40 262 114 485 178 
109 426 217 139 363 306 208 229 184 462 154 499 108 293 507 76 367 185 120 14 388 184 71 445 15 
344 204 92 455 26 180 128 118 135 400 537 379 479 399 222 233 202 42 107 12 202 272 245 364 376 
509 422 404 536 92 350 202 450 58 77 499 437 442 362 305 182 215 495 418 200 479 314 393 198 505 
436 151 527 82 45 314 304 412 252 214 454 433 467 7 374 444 427 57 218 428 131 528 485 350 177 
500 490 11 461 490 278 400 218 149 144 327 128 525 417 36 143 502 479 454 32 304 523 476 371 415 
263 365 272 422 366 102 58 154 284 442 92 3 330 102 324 84 519 331 398 427 227 202 252 97 28 
70 502 218 158 344 298 155 422 489 177 236 476 91 154 376 118 350 107 40 202 257 405 371 182 399 
89 141 244 456 207 345 225 462 467 91 155 104 480 472 68 213 172 325 96 493 48 48 511 535 426 
109 213 217 376 94 388 424 330 184 221 154 499 173 467 507 279 34 185 120 318 483 184 238 445 421 
43 77 46 176 420 263 154 180 237 448 419 201 184 321 122 85 446 85 312 91 154 115 473 58 301 
260 151 209 206 291 77 321 525 505 416 290 433 301 430 488 444 362 385 370 428 52 480 485 350 121 
432 374 3 288 107 260 247 358 176 386 109 154 383 344 200 339 499 495 441 169 95 163 280 239 251 
261 58 358 155 257 127 9 324 148 380 490 372 39 486 92 169 146 339 304 361 142 10 199 463 179 
339 2 350 38 227 417 468 252 133 341 37 164 217 270 511 472 325 36 183 467 247 529 139 458 249 
519 272 7 87 300 427 185 119 344 203 34 247 174 89 272 54 370 386 350 261 517 85 190 294 180 
467 428 106 361 359 278 151 60 195 99 95 226 440 39 463 239 369 210 41 205 433 95 164 329 405 
376 109 342 218 256 85 351 132 245 533 426 294 241 169 133 217 211 43 410 531 225 461 149 350 180 
501 99 201 382 287 276 473 145 73 107 221 317 75 286 56 400 437 259 350 507 409 118 133 14 437 
351 153 159 183 19 185 242 260 286 340 442 102 383 151 383 217 320 440 124 222 493 457 180 222 188 
121 94 203 394 392 515 501 225 180 451 85 413 422 294 17 16 141 117 377 184 42 397 410 339 318 
366 351 523 284 537 272 196 351 95 218 85 26 530 419 429 48 271 58 205 107 494 388 112 440 494 
519 151 164 251 534 95 307 324 507 409 490 157 123 395 92 178 493 171 386 87 280 56 199 533 150 
243 425 41 264 362 292 498 147 374 236 342 205 357 91 482 72 455 55 206 452 413 473 114 235 169 
425 272 251 406 516 359 58 406 433 504 347 92 429 474 407 369 22 505 180 495 282 460 381 237 137 
185 91 236 535 343 287 413 437 263 263 344 350 43 146 273 420 97 109 232 166 12 216 510 287 537 
104 312 321 92 177 104 317 528 163 506 293 383 30 124 40 294 320 404 19 238 383 182 400 535 136 
71 413 372 179 42 56 456 60 326 272 288 330 429 405 483 41 178 418 120 474 247 410 365 480 257 
203 225 224 367 342 328 85 184 268 263 508 92 327 207 204 470 303 16 240 502 244 92 41 388 272 
294 490 535 272 263 263 335 217 505 237 155 192 15 422 273 320 204 114 67 204 135 371 200 369 91 
345 329 33 99 134 272 84 287 450 29 320 342 350 315 21 244 180 357 458 274 377 163 62 484 366 
233 419 336 421 413 102 484 321 59 350 218 473 204 297 330 330 155 513 474 195 110 5 252 364 423 
236 312 321 92 255 236 136 528 195 349 346 383 30 384 413 294 320 198 238 19 383 188 400 418 136 
481 234 188 131 468 455 65 71 218 320 247 393 92 460 40 124 454 39 406 15 305 67 231 416 221 
93 495 380 44 297 30 58 477 195 99 529 226 86 536 140 239 369 375 310 205 85 449 116 329 497 
352 374 0 471 217 190 75 103 538 180 427 170 306 350 509 287 178 154 133 96 531 46 411 171 291 
524 443 106 304 230 20 226 241 244 166 384 390 247 213 263 130 195 256 224 228 93 106 230 184 8 
411 251 91 180 521 53 170 118 126 135 252 415 474 99 32 45 83 168 40 7 216 376 431 59 486 
139 109 342 218 3 433 302 132 297 114 260 294 427 178 473 102 211 43 444 252 341 421 292 350 180 
475 265 370 261 499 396 251 69 221 19 236 476 91 154 376 118 350 118 40 437 29 523 371 77 304 
260 151 150 222 494 314 304 525 505 232 452 433 93 7 83 444 427 57 370 428 81 159 485 350 177 
410 428 487 421 490 79 414 218 337 43 172 128 424 295 364 501 502 347 454 32 399 47 354 414 415 
27 468 190 288 491 284 122 292 19 170 187 188 502 376 394 75 285 270 473 350 109 413 68 191 86 
104 252 56 375 486 331 432 465 186 21 510 70 58 185 107 320 366 107 184 244 516 251 531 199 393 
45 197 358 406 233 505 104 122 344 85 134 136 298 273 242 523 329 254 184 105 30 444 171 291 185 
416 185 278 5 138 320 397 294 414 370 516 424 452 123 10 332 342 177 424 301 152 80 116 447 340 
92 114 45 414 20 135 455 110 435 369 193 107 365 397 507 281 394 155 299 104 9 429 363 439 62 
238 40 157 150 154 358 148 477 257 272 530 330 125 47 403 72 178 82 4 474 247 410 365 480 377 
139 109 359 370 319 85 348 408 359 463 260 294 362 169 262 217 211 43 410 531 225 15 316 350 180 
139 109 245 218 11 85 351 132 342 463 260 294 427 62 133 102 211 300 444 531 341 15 266 350 180 
109 533 332 15 414 338 89 104 229 362 13 521 54 143 332 176 263 7 101 368 369 281 222 340 493 
15 309 23 38 350 263 92 45 446 430 339 411 352 176 213 482 162 443 109 7 92 178 378 92 413 
104 184 99 529 139 425 347 140 332 111 1 212 420 201 110 104 399 399 128 402 516 184 406 211 241 
443 441 72 264 362 337 335 54 488 236 297 173 503 91 522 72 447 478 206 454 413 133 533 200 62 
263 471 272 69 14 217 58 154 157 494 92 319 454 217 430 103 261 479 72 427 478 437 505 39 46 
170 70 263 117 281 50 507 304 134 235 522 451 417 87 467 304 306 490 247 231 116 271 322 493 163 
14 19 477 294 6 169 124 75 383 106 146 384 28 263 446 272 54 42 372 411 264 417 75 226 406 
424 56 421 438 31 528 362 465 123 162 48 466 401 350 480 534 99 251 333 360 504 452 493 78 410 
463 92 502 445 88 65 483 383 99 70 383 235 105 410 450 180 97 91 396 79 185 520 130 63 184 
283 161 272 310 99 375 10 62 406 193 500 500 243 128 70 101 305 253 223 237 393 253 294 116 175 
43 188 332 264 445 263 154 180 373 521 394 474 184 304 122 85 369 433 313 91 154 401 133 58 301 
385 230 52 288 321 35 494 359 264 393 502 430 457 54 425 281 393 241 31 312 343 165 314 347 97 
452 99 463 253 504 158 522 30 17 236 37 480 379 247 247 383 250 104 120 497 15 253 244 396 517 
244 0 310 176 427 266 176 112 83 104 228 387 189 91 520 215 282 518 22 454 40 473 140 1 504 
186 307 214 68 131 180 272 304 107 217 484 99 31 217 413 137 516 281 218 397 366 243 392 46 115 
182 160 145 225 247 493 465 235 47 422 440 269 524 377 390 322 449 79 221 91 509 491 157 485 454 
109 140 332 242 414 48 352 104 330 362 511 505 54 501 28 335 263 430 478 14 211 47 524 340 493 
43 182 253 335 420 263 154 180 237 448 419 201 184 304 302 85 211 85 126 91 42 394 262 151 346 
233 394 401 242 413 102 306 321 307 350 370 133 194 342 330 454 251 325 474 163 110 479 448 273 458 
373 181 73 288 32 351 236 112 195 498 422 214 369 419 500 536 107 359 403 272 99 180 430 196 102 
500 324 402 467 46 430 115 175 182 502 105 116 463 527 180 182 410 86 6 192 236 184 168 335 490 
505 262 195 245 286 100 434 263 477 71 38 139 118 139 410 433 146 191 403 214 102 248 154 239 436 
168 251 91 180 448 323 170 107 312 100 521 203 201 99 32 291 240 21 413 7 216 139 487 136 486 
508 85 251 236 441 376 506 476 403 280 180 437 273 179 314 272 303 301 91 464 199 488 234 321 99 
500 495 256 15 490 457 414 370 196 254 381 295 525 417 36 33 502 299 290 32 386 281 373 414 415 
240 420 184 180 160 274 295 329 176 226 164 76 333 507 236 295 32 327 85 133 259 383 407 393 366 
114 92 465 244 235 261 483 383 99 295 383 88 105 444 380 180 61 91 378 79 185 477 232 65 184 
354 181 412 530 465 122 236 23 516 498 69 416 446 401 500 39 118 342 403 272 99 180 324 149 102 
379 201 344 511 288 537 167 349 3 458 105 459 21 237 308 156 25 515 38 359 369 405 397 437 100 
494 2 164 393 233 448 104 122 344 433 134 59 353 273 421 271 329 12 184 511 79 500 329 442 185 
521 499 452 383 405 480 307 139 471 522 13 63 502 185 107 32 239 373 263 431 407 362 7 310 93 
331 222 517 270 134 532 358 320 517 137 199 437 347 347 406 537 243 239 434 342 348 181 189 473 244 
368 351 281 157 134 272 337 363 529 218 433 210 137 401 384 392 281 58 205 107 442 388 54 16 45 
358 77 155 190 184 94 393 152 97 437 341 503 62 397 223 155 500 445 397 210 398 426 502 148 435 
493 95 439 459 83 323 371 285 41 52 77 530 448 182 164 199 94 272 90 380 171 99 99 238 508 
429 250 320 487 92 202 171 2 176 341 350 247 486 135 284 433 334 433 46 290 93 405 9 62 36 
300 272 445 451 400 236 339 495 216 257 344 388 272 301 431 129 47 364 212 498 92 417 13 340 406 
17 210 293 406 180 61 458 364 271 133 1 139 530 381 452 191 513 325 185 241 349 516 139 70 361 
131 210 346 393 180 97 512 153 47 473 200 139 137 190 454 340 110 250 185 362 506 163 139 70 44 
21 251 91 180 448 53 78 107 126 37 448 69 201 99 32 291 240 270 40 324 75 376 11 136 284 
240 445 184 180 149 37 417 339 264 294 358 325 334 456 236 475 32 172 433 133 307 383 367 406 366 
393 502 279 184 427 27 272 396 407 157 322 454 395 15 347 358 452 181 339 371 122 101 304 99 423 
445 441 310 498 427 316 176 147 374 104 245 173 189 91 477 215 267 101 206 290 40 473 533 88 504 
348 364 20 203 121 185 461 260 286 25 111 102 383 151 383 102 320 16 125 418 493 187 180 418 188 
404 400 496 133 16 58 352 192 263 432 242 422 22 132 479 476 64 394 173 397 151 438 387 134 269 
332 146 169 454 427 270 456 492 145 327 437 502 270 264 146 350 401 265 394 430 447 11 279 510 376 
490 273 269 99 195 247 296 280 172 322 437 107 105 129 414 277 15 437 184 355 218 383 522 318 420 
109 304 140 319 467 463 332 487 400 148 416 237 92 383 383 146 102 339 321 263 86 519 344 272 179 
263 370 376 387 16 287 241 208 276 183 305 349 497 124 520 115 212 176 395 153 335 511 247 190 445 
318 351 271 157 134 272 292 94 127 370 85 285 64 401 434 96 497 58 387 107 442 484 147 86 494 
42 64 475 63 440 369 252 523 128 356 7 307 218 92 479 505 122 427 40 170 146 31 177 431 40 
383 348 183 98 277 54 10 160 495 207 262 153 362 528 466 218 534 378 114 60 319 422 194 92 340 
383 302 422 69 210 112 164 149 490 207 473 153 241 20 142 218 29 298 463 482 3 183 173 92 458 
467 343 262 328 90 383 393 129 395 233 261 171 188 158 387 137 247 204 367 159 483 365 449 394 507 
303 164 421 6 199 528 362 502 97 375 24 283 401 350 480 38 99 155 275 388 169 229 493 170 500 
499 194 92 471 277 180 70 107 126 371 134 130 299 321 22 233 437 154 107 144 437 272 193 273 376 
446 111 291 406 538 225 258 88 153 263 462 99 158 272 433 436 262 178 236 15 430 71 182 324 238 
107 91 96 474 136 317 446 211 245 141 306 134 226 372 404 449 339 262 52 272 37 272 138 522 449 
238 363 415 401 96 378 492 341 180 138 85 413 98 294 52 207 78 117 534 184 154 170 500 329 368 
346 280 386 272 8 42 58 99 286 245 466 32 357 355 383 295 500 493 263 211 270 284 346 42 446 
426 151 527 418 442 182 386 152 531 232 290 433 467 430 286 500 241 509 218 490 489 159 1 350 19 
19 217 274 430 184 211 499 350 139 120 122 70 531 243 381 383 495 470 480 386 376 378 191 272 314 
83 243 184 180 149 100 417 329 335 226 56 250 492 287 236 417 32 172 433 473 136 383 4 406 368 
360 80 232 68 131 180 272 399 118 217 360 99 315 102 40 530 516 497 218 397 14 244 96 46 419 
432 286 35 530 118 260 247 10 498 321 109 42 383 499 1 339 344 495 425 62 529 195 382 439 155 
370 493 104 502 337 120 510 9 467 487 181 288 184 185 107 226 478 165 30 398 48 263 512 320 313 
455 142 109 102 500 350 294 128 302 107 376 400 86 306 87 304 329 7 180 251 466 283 164 516 362 
479 136 344 186 184 519 410 489 398 237 263 463 336 368 91 382 83 440 383 383 320 346 213 495 91 
0 104 476 102 239 122 433 16 324 99 393 502 151 476 151 56 322 318 413 299 102 502 411 422 134 
534 109 358 58 31 92 50 511 31 463 43 350 487 189 112 54 490 76 465 19 295 340 272 93 511 
410 399 445 35 242 235 380 279 374 516 320 149 218 262 189 244 284 213 89 141 93 230 139 376 496 
263 282 272 415 366 102 151 42 157 111 92 431 452 102 430 144 158 201 215 427 478 437 531 97 46 
225 336 401 461 40 102 388 304 80 350 370 473 173 297 330 290 251 90 201 516 90 5 531 36 340 
408 371 449 473 440 151 124 34 263 402 15 203 535 404 331 373 137 336 205 397 151 438 387 134 106 
366 238 8 294 220 169 434 166 383 380 493 125 332 263 211 272 147 154 372 411 498 295 216 226 393 
370 146 236 265 160 34 496 259 93 487 451 137 184 185 118 226 55 372 79 398 24 263 458 320 135 
238 217 37 7 184 369 499 350 376 4 302 295 448 445 327 383 428 231 20 304 139 468 25 272 182 
368 19 482 226 450 62 125 75 383 106 493 89 332 263 211 272 147 154 486 411 176 70 166 294 393 
109 260 217 139 122 484 303 330 184 221 42 499 108 346 234 325 120 185 34 366 484 184 255 243 461 
263 365 272 415 318 217 151 154 372 291 92 11 229 217 430 300 63 201 72 241 355 202 531 97 28 
146 449 402 285 240 53 371 210 215 489 314 530 505 77 116 315 94 272 279 450 329 99 99 255 354 
349 331 344 105 137 134 316 117 3 340 13 459 21 476 157 514 512 396 29 297 446 47 397 437 100 
401 47 500 282 115 260 405 137 399 242 453 158 92 15 286 413 54 308 78 481 100 475 233 414 529 
366 255 477 294 106 504 352 49 383 106 146 125 28 263 369 272 23 154 308 390 498 475 166 226 393 
476 85 155 104 472 376 379 476 403 382 180 202 364 527 182 272 208 467 91 464 199 83 507 399 99 
247 123 499 312 466 184 418 72 459 310 516 235 125 175 100 293 314 395 371 139 477 484 294 207 457 
213 58 156 524 111 77 304 152 505 130 454 433 293 7 374 500 427 50 218 495 81 480 235 350 255 
42 190 272 302 309 107 65 320 100 15 415 262 396 475 481 60 7 29 303 155 159 406 406 260 21 
444 430 509 346 253 7 394 323 113 465 13 358 463 209 180 77 410 207 450 407 236 184 390 498 495 
395 109 85 179 486 446 537 167 313 207 235 204 371 114 426 292 119 92 290 107 104 109 188 86 311 
278 151 385 115 200 320 350 259 304 184 437 245 5 332 378 91 115 73 134 272 207 149 103 302 517 
270 251 91 180 531 460 397 118 126 274 448 203 201 99 465 442 286 270 413 7 49 139 35 307 486 
492 99 331 466 287 464 473 175 412 107 81 317 481 374 358 414 437 136 350 456 409 107 133 14 437 
232 185 79 5 441 320 78 226 400 218 516 73 452 61 116 28 193 19 208 467 152 307 358 447 191 
263 370 376 108 440 456 241 152 18 422 460 214 281 89 477 115 142 335 284 364 264 13 247 327 420 
154 190 272 302 309 118 65 320 312 242 415 473 353 70 481 60 324 29 73 251 159 406 406 426 270 
350 324 24 65 474 490 273 318 58 222 137 115 477 225 107 525 27 488 101 390 350 19 32 71 226 
236 184 99 95 139 181 479 114 253 442 485 466 445 5 250 236 321 304 475 439 163 184 393 211 427 
277 490 207 320 365 405 295 196 378 339 383 408 321 516 153 41 139 225 476 169 104 385 40 535 446 
348 153 528 183 238 185 242 426 240 340 494 102 383 58 383 102 320 16 429 418 493 30 180 22 188 
345 329 33 99 537 272 103 287 380 257 320 228 350 31 168 420 180 357 191 100 258 195 178 403 318 
467 246 473 190 76 383 406 189 486 225 63 171 77 158 205 137 247 204 4 20 360 455 496 394 456 
109 436 217 139 122 403 73 452 184 221 42 344 387 467 148 76 192 185 120 318 186 184 238 244 421 
444 490 3 242 495 30 400 218 167 144 328 295 525 128 36 334 502 347 452 265 386 405 373 371 203 
382 356 272 72 99 162 10 62 406 193 410 500 243 475 128 55 305 28 481 476 393 46 226 358 53 
286 244 184 180 196 313 295 329 498 226 116 90 492 287 104 70 502 381 433 133 136 383 4 393 14 
451 104 354 217 239 351 85 86 7 99 406 465 58 476 58 164 322 14 413 5 217 265 168 69 134 
181 104 354 102 432 302 433 440 7 99 393 32 58 373 151 164 68 14 413 331 217 32 411 183 537 
236 100 304 92 121 104 317 20 516 117 346 383 457 89 413 226 320 87 71 71 383 77 414 206 9 
104 448 164 459 165 479 385 502 403 411 529 128 58 185 107 320 318 107 184 244 195 251 252 315 393 
213 151 179 82 111 314 386 303 505 117 330 433 301 324 83 444 362 57 370 495 17 159 200 350 177 
346 470 473 328 110 383 393 357 284 225 158 329 314 519 194 288 247 204 367 480 306 282 510 394 234 
115 132 247 9 73 104 45 39 69 55 480 184 498 118 257 491 503 495 58 91 422 344 279 525 202 
42 530 417 63 440 369 505 523 475 197 324 9 370 92 201 505 348 427 40 491 493 315 177 3 413 
34 464 490 99 330 442 271 41 283 99 330 234 109 294 185 497 154 300 335 67 496 273 339 348 252 
26 490 207 320 282 271 295 167 396 329 383 198 399 195 364 398 376 225 354 178 236 402 413 535 211 
500 321 445 256 242 485 6 90 286 516 320 167 218 473 189 445 308 426 352 78 467 526 139 139 529 
302 36 20 69 255 185 461 260 240 25 442 102 383 151 383 102 320 16 429 535 493 30 180 418 188 
136 129 202 180 42 189 165 449 350 148 251 520 55 351 274 304 155 187 198 115 294 15 455 64 107 
87 371 529 473 86 151 66 34 263 402 421 203 535 408 479 354 137 401 173 78 58 409 205 134 220 
383 94 98 203 277 147 56 292 428 16 473 273 427 480 382 218 38 174 463 482 319 422 204 92 458 
293 495 269 408 359 278 58 520 195 99 510 226 207 536 463 57 369 277 72 205 433 449 358 329 405 
93 490 6 44 228 79 151 60 163 99 510 294 440 123 463 439 211 74 398 205 433 529 164 329 47 
389 272 7 198 144 427 185 519 499 98 34 247 517 429 272 147 218 399 350 119 517 85 327 294 180 
508 85 155 236 138 139 349 373 360 289 180 202 36 248 182 272 424 301 91 18 315 488 148 386 99 
416 185 187 347 441 320 141 294 400 370 195 208 229 123 164 46 359 121 412 293 73 59 56 282 423 
109 321 114 256 467 533 46 431 371 287 232 476 92 383 383 493 102 339 399 263 440 158 499 272 150 
258 109 358 151 199 92 239 511 199 533 103 350 431 357 23 54 490 513 265 177 475 458 272 467 105 
258 109 10 58 31 92 50 511 199 533 84 350 319 129 296 147 428 76 465 71 475 512 272 293 13 
255 363 69 115 48 378 334 233 180 138 433 413 203 226 131 440 170 416 38 184 154 78 410 329 318 
175 180 111 88 72 196 55 151 440 370 315 537 15 488 31 170 211 214 95 406 233 376 446 263 356 
426 58 514 418 442 77 304 303 531 416 229 85 346 7 83 500 362 402 370 490 17 20 1 350 177 
337 341 42 100 385 23 494 411 494 264 410 427 85 517 156 223 524 511 332 344 188 368 507 103 139 
63 272 324 408 300 362 185 119 344 183 367 247 174 434 272 54 370 399 350 63 174 433 328 294 180 
125 286 425 282 217 327 223 43 538 180 362 78 306 350 50 148 62 154 473 392 531 332 168 171 45 
237 138 152 288 502 302 236 54 163 335 203 379 369 336 500 536 107 297 186 272 99 180 430 292 102 
168 155 91 180 448 175 491 107 100 312 531 183 474 99 265 442 240 168 40 430 75 139 35 259 308 
83 244 184 180 196 274 417 329 335 226 10 90 492 507 236 70 265 190 433 133 59 383 34 393 366 
122 486 20 315 90 360 459 408 126 109 85 7 383 225 431 226 169 99 400 426 109 147 171 155 450 
266 225 154 126 432 23 111 411 291 176 410 241 433 353 150 223 22 511 253 499 182 318 507 103 376 
154 328 272 351 2 118 389 320 313 15 98 473 298 295 481 482 430 38 412 155 528 393 393 426 168 
416 185 187 474 451 320 141 294 414 218 516 73 454 536 358 332 342 71 73 467 424 59 164 455 340 
350 324 24 63 479 428 364 366 58 22 288 401 477 225 107 412 223 83 355 270 350 19 32 177 294 
463 92 265 420 235 63 360 383 99 295 383 235 13 444 269 180 536 91 378 278 185 477 416 119 184 
127 185 217 457 473 334 1 197 224 156 40 136 19 262 330 184 202 40 109 11 320 71 421 426 294 
350 430 538 119 347 495 364 368 151 222 137 401 520 233 107 532 166 83 469 411 350 255 502 121 226 
536 184 388 180 160 332 443 479 476 477 153 422 19 393 406 226 23 6 323 23 411 73 421 53 82 
501 99 347 212 287 276 473 145 152 118 52 136 49 83 358 414 202 307 350 148 269 107 262 14 202 
5 22 515 390 134 525 10 320 298 64 315 437 201 347 406 537 443 509 89 359 363 425 503 133 420 
521 133 163 297 83 313 434 263 520 71 38 139 107 376 410 433 493 423 360 130 217 248 154 509 213 
410 495 3 15 495 278 414 218 149 12 381 128 412 475 153 334 502 201 330 465 321 281 237 400 183 
49 234 182 489 396 267 261 255 218 320 247 393 92 323 40 66 452 39 393 15 53 460 268 232 221 
89 170 443 456 207 392 225 462 346 91 155 104 480 472 276 426 327 90 96 493 338 345 105 418 426 
21 155 91 180 505 145 397 118 126 312 521 415 347 99 265 494 83 21 413 7 27 139 431 80 308 
24 339 333 99 134 272 144 456 6 29 320 342 350 199 390 420 180 357 25 312 377 163 169 388 368 
481 353 327 530 78 395 348 316 121 78 278 77 32 376 336 75 375 21 262 350 109 413 276 191 16 
429 90 320 35 92 202 339 230 498 233 350 247 165 313 157 85 501 433 253 330 301 497 136 62 273 
350 324 48 63 299 495 273 366 151 206 530 115 8 233 118 152 481 286 227 270 350 71 465 177 226 
5 307 499 483 184 63 410 17 215 354 263 533 401 318 91 51 374 207 383 383 320 467 260 428 91 
19 102 100 324 184 369 344 350 376 435 94 417 531 443 327 383 495 453 159 386 376 378 191 272 314 
115 87 247 59 208 236 494 123 422 355 480 184 335 107 534 397 189 490 151 91 69 344 250 424 202 
22 420 450 399 161 528 294 362 445 216 89 390 247 260 263 232 163 487 30 342 301 450 230 184 522 
394 87 247 307 152 104 494 536 98 101 20 184 498 118 29 78 189 490 58 91 69 344 250 303 437 
170 417 263 130 281 385 287 399 537 485 520 425 417 87 93 386 306 490 247 453 56 523 276 146 516 
290 99 533 28 504 158 8 278 81 104 274 480 506 247 247 383 250 236 367 271 15 332 443 515 378 
350 335 159 264 162 65 195 487 288 211 500 237 135 479 263 12 68 258 8 218 171 133 108 415 264 
109 213 217 376 363 186 525 290 184 489 154 499 108 301 507 250 4 185 192 318 186 184 71 443 242 
347 535 515 21 134 424 164 320 396 288 199 202 331 479 406 537 244 509 66 245 351 425 189 133 420 
493 449 439 210 286 175 414 74 215 17 113 137 521 182 164 199 94 272 325 450 329 99 99 255 476 
263 267 272 422 318 102 151 42 308 442 92 487 454 102 324 43 63 347 41 362 355 437 531 97 332 
154 195 234 456 370 147 118 510 533 209 179 159 272 323 153 430 196 393 40 508 320 371 0 195 84 
383 302 415 422 459 296 56 266 428 440 262 36 241 528 51 218 258 174 114 477 256 183 204 92 458 
492 99 5 382 287 18 473 323 525 118 221 307 75 374 56 371 202 59 350 456 438 118 473 366 202 
114 92 502 445 235 158 306 383 99 128 383 88 13 410 380 180 39 91 468 278 185 482 416 65 184 
306 9 117 68 81 180 272 321 107 217 484 99 315 217 40 137 195 271 370 491 318 443 392 28 336 
93 495 380 87 359 187 151 520 516 99 95 294 207 39 463 385 446 285 215 194 85 510 56 329 47 
14 71 520 294 450 169 125 216 383 106 146 125 28 263 446 272 23 154 372 411 264 128 223 294 393 
151 93 388 263 45 244 394 102 383 38 18 316 533 99 273 406 99 441 482 499 183 304 107 208 68 
123 184 484 180 292 332 443 299 373 60 273 203 121 393 393 226 112 409 323 54 168 525 15 67 418 
164 77 251 328 184 348 406 208 39 437 233 357 178 491 223 251 444 445 491 74 72 260 502 234 4 
285 490 207 320 455 497 128 337 468 171 383 87 304 195 364 215 139 225 508 504 104 50 40 222 369 
376 109 193 218 3 433 94 404 245 533 213 294 241 169 473 102 369 254 410 531 341 421 337 350 180 
345 329 275 99 134 272 103 148 6 377 320 245 350 31 411 420 180 189 458 135 29 163 504 484 366 
344 194 92 447 459 180 417 107 37 371 537 232 299 304 524 341 437 42 107 103 202 272 193 153 139 
239 488 256 137 107 260 247 10 335 386 109 154 383 499 200 329 499 495 451 62 95 195 142 439 155 
258 109 164 151 315 92 439 105 199 114 43 350 11 189 54 112 490 90 465 71 417 340 272 467 511 
196 233 154 312 239 147 291 168 494 498 444 241 433 468 248 166 206 13 28 344 314 366 148 300 376 
195 60 180 234 404 433 139 358 275 247 386 215 284 78 119 498 398 352 385 267 234 456 310 531 426 
249 180 111 1 310 292 469 151 440 370 199 134 242 374 315 78 211 379 510 393 341 139 369 263 356 
109 213 102 139 122 360 525 229 184 81 154 499 173 293 287 76 192 185 192 14 388 184 121 443 15 
334 99 5 212 456 276 473 249 424 107 131 317 223 374 10 371 437 317 350 234 450 118 473 368 202 
171 526 350 377 227 128 396 531 473 341 313 116 217 390 105 181 513 273 69 467 247 449 139 191 305 
382 356 272 215 99 26 116 62 406 245 500 500 244 475 128 518 460 332 75 373 406 253 226 164 175 
210 490 86 320 471 523 475 167 378 339 383 87 386 195 364 310 376 341 476 178 236 432 413 418 446 
350 264 20 335 210 158 195 3 288 369 500 373 135 331 263 144 322 326 520 370 171 262 205 203 335 
145 180 291 235 215 196 469 151 207 218 199 537 15 374 31 141 446 506 510 393 341 139 446 263 2 
10 77 155 172 184 94 406 208 536 437 341 503 169 141 166 251 410 443 170 210 398 213 32 148 407 
24 339 501 99 134 272 103 148 380 38 320 245 350 31 21 244 180 357 340 312 326 163 178 484 366 
216 468 190 288 141 308 348 292 255 491 224 113 32 139 115 166 375 168 473 350 109 413 68 25 86 
370 146 104 465 316 120 529 307 346 319 0 530 184 185 118 294 101 157 457 41 48 263 458 320 100 
516 60 180 507 361 85 376 10 501 247 304 215 372 141 65 176 215 124 50 267 456 148 215 252 436 
535 420 409 386 309 159 226 241 244 216 434 270 247 213 263 214 516 487 457 245 93 220 309 184 482 
75 515 381 64 170 284 363 167 121 170 79 188 465 139 394 481 459 270 133 350 109 413 464 423 16 
360 59 232 464 221 180 272 304 107 217 484 99 315 217 413 530 195 497 218 78 318 445 338 332 394 
378 29 261 207 133 196 233 95 218 500 463 163 458 334 383 395 91 418 29 153 381 238 323 290 128 
439 83 431 288 118 436 247 56 264 386 109 42 383 499 1 171 344 495 441 169 449 516 382 239 155 
236 184 99 95 139 441 201 114 28 111 1 289 443 474 76 236 304 386 128 432 195 184 406 369 362 
272 235 514 99 481 322 383 99 121 189 338 107 470 98 185 85 109 509 81 93 139 419 95 415 400 
350 264 20 335 277 261 163 11 288 446 500 373 100 474 263 84 464 326 520 370 339 262 194 69 498 
255 413 372 248 42 116 287 522 377 272 137 290 66 523 388 72 169 524 4 299 247 444 471 480 29 
533 92 265 420 88 119 483 383 99 128 383 200 105 444 380 180 39 91 378 224 185 60 416 389 184 
308 109 85 248 486 369 537 337 135 86 485 173 400 114 436 292 158 92 290 107 104 109 188 86 343 
109 140 332 242 400 48 429 236 454 362 13 448 112 501 28 335 263 7 518 368 211 497 418 458 493 
53 180 111 235 72 160 227 58 207 218 315 134 461 374 31 170 446 379 449 393 225 139 369 263 197 
221 277 346 393 180 123 25 36 497 133 88 139 137 190 454 458 90 325 185 241 117 163 376 295 404 
12 272 244 472 400 236 339 490 27 29 344 483 272 467 11 189 405 153 142 264 92 70 105 512 393 
238 413 308 209 154 358 456 60 258 272 64 290 124 523 186 398 178 82 367 347 247 410 282 480 38 
66 83 181 447 217 327 75 103 538 180 241 78 483 350 57 456 169 154 133 338 531 46 411 329 291 
104 184 99 127 376 0 347 463 28 111 1 466 244 474 250 236 399 321 475 402 516 184 393 369 241 
185 91 104 222 231 507 40 437 263 263 499 350 144 146 364 244 123 109 214 75 300 216 529 148 134 
532 116 15 380 315 480 241 32 61 459 338 283 336 350 480 258 99 251 275 403 504 330 146 141 500 
66 325 320 3 92 437 329 161 335 341 350 247 165 100 486 433 391 85 46 330 93 497 317 62 153 
432 404 196 363 120 310 294 515 202 502 533 44 293 272 326 335 277 108 65 504 77 346 3 522 328 
61 184 388 180 196 332 445 474 373 520 364 183 255 393 406 226 147 6 249 54 21 412 15 305 22 
317 129 202 180 154 357 395 95 350 287 251 477 518 302 126 386 251 224 361 419 294 15 447 64 107 
154 137 417 519 207 369 448 523 295 161 430 59 218 92 331 505 302 427 413 141 146 315 71 256 413 
164 77 155 381 184 363 393 152 536 202 341 357 178 397 75 251 410 420 397 74 398 436 32 148 34 
393 495 163 135 185 302 1 339 411 387 440 219 263 42 134 383 412 350 315 213 169 273 266 474 415 
97 184 483 180 337 28 244 201 373 482 273 203 238 393 393 226 296 438 305 112 168 152 461 53 82 
222 244 380 304 526 159 226 241 445 223 125 168 247 436 263 416 516 487 457 297 346 269 356 184 477 
532 164 242 438 315 20 427 32 61 375 24 382 394 350 159 38 99 251 492 484 504 229 493 170 500 
92 140 442 414 20 100 267 325 367 211 228 107 455 170 507 281 401 251 474 104 136 89 363 509 62 
360 317 117 322 131 180 272 399 107 102 484 99 315 102 413 137 516 271 370 78 14 443 345 332 394 
164 182 251 327 184 351 393 152 97 437 233 129 169 78 223 251 500 244 170 210 398 436 465 148 367 
242 230 54 377 350 263 92 291 446 7 339 21 89 498 426 520 26 420 109 7 92 504 378 92 40 
185 91 104 418 311 234 40 202 263 263 344 350 12 493 273 420 61 109 130 49 84 27 449 287 537 
247 39 499 274 289 184 535 72 277 398 163 1 125 249 274 93 113 308 400 139 477 388 294 207 278 
131 210 93 406 180 97 25 36 523 262 235 139 137 381 330 25 76 110 185 427 416 516 376 295 404 
174 377 158 440 473 337 225 510 370 444 140 195 423 501 383 372 91 206 29 36 328 255 67 290 475 
81 459 93 393 180 536 25 36 271 133 485 376 288 327 454 340 325 110 185 427 506 516 376 70 132 
397 70 263 379 523 439 234 399 134 485 522 441 70 132 346 304 388 495 247 470 10 271 322 146 516 
121 217 312 430 184 446 499 350 376 435 363 128 448 445 172 383 495 470 159 304 139 468 423 272 113 
428 36 409 99 516 247 112 289 190 464 437 118 105 503 414 375 461 437 184 355 370 383 8 14 443 
398 168 478 251 295 369 280 421 403 266 179 499 173 194 247 124 334 61 216 245 445 167 181 485 526 
306 317 117 276 17 180 272 321 107 102 360 99 315 102 40 288 516 47 370 141 368 243 24 46 336 
185 91 104 206 453 148 40 437 263 263 499 350 43 146 273 443 97 109 214 481 103 223 510 287 537 
508 433 155 104 138 376 214 354 360 466 180 202 273 209 113 272 412 93 91 68 199 374 456 386 99 
83 420 184 180 292 126 475 171 335 294 56 76 333 148 236 70 32 172 433 133 259 383 407 393 366 
373 433 155 104 472 376 130 237 484 51 180 437 36 209 77 272 424 93 91 276 31 240 456 304 99 
71 217 126 324 184 369 344 350 139 120 94 475 531 243 190 383 490 311 159 321 139 396 191 272 314 
214 201 344 105 288 537 266 232 431 25 13 459 21 237 395 527 512 353 534 193 446 497 170 437 312 
233 401 336 421 413 102 388 304 259 350 218 473 108 245 330 330 251 250 347 195 76 331 521 153 512 
434 240 472 447 217 381 75 300 538 180 427 141 484 350 509 234 504 154 262 345 252 253 168 339 442 
263 267 272 183 368 217 151 154 372 291 92 431 452 102 430 300 261 479 398 241 518 202 531 97 253 
351 36 480 98 19 185 15 260 240 458 494 102 383 58 383 102 320 16 384 418 146 79 180 535 77 
300 272 443 181 371 236 329 495 27 29 499 403 272 293 319 357 271 36 466 335 92 295 511 512 406 
77 292 67 341 247 146 32 88 281 415 16 106 222 257 270 464 127 278 81 91 57 78 395 88 452 
140 1 77 151 137 185 456 399 367 239 294 81 386 253 65 415 139 340 481 433 496 264 244 180 6 
444 386 445 3 242 235 450 279 488 516 320 337 218 133 357 445 157 260 89 397 301 526 139 139 95 
293 289 304 272 60 42 58 99 374 359 280 265 503 469 383 475 500 493 263 211 168 284 346 154 369 
14 255 477 294 438 504 124 166 383 438 493 124 28 263 446 272 54 154 308 270 264 417 481 294 393 
154 328 272 351 230 107 63 320 126 461 183 262 517 475 216 482 7 257 525 251 528 393 393 436 168 
275 99 347 212 507 68 473 175 303 118 221 59 75 83 56 414 437 307 350 456 450 118 473 318 202 
521 133 163 193 374 100 125 263 522 71 38 376 107 139 500 433 146 340 306 349 217 209 42 385 426 
83 445 184 180 149 274 128 329 176 226 10 250 391 456 236 295 465 328 433 133 136 383 4 406 368 
177 102 126 430 184 211 344 350 139 120 363 417 505 445 381 383 428 246 480 399 376 298 423 272 113 
185 91 236 206 231 287 40 202 263 263 499 350 103 493 36 443 97 109 349 223 103 27 127 287 134 
211 111 111 393 345 225 257 200 36 263 17 99 389 272 433 436 473 169 104 15 7 255 182 7 238 
416 185 187 299 425 320 141 294 400 218 163 73 290 61 10 253 193 255 73 346 152 136 116 267 423 
284 109 85 150 486 446 134 316 37 86 200 387 414 140 426 149 389 92 229 118 236 109 77 86 246 
5 82 396 390 537 73 164 320 396 64 199 202 474 479 393 134 445 385 66 359 351 451 189 473 420 
351 440 474 185 91 85 92 473 139 260 504 428 310 313 202 495 369 347 232 215 133 466 7 341 430 
252 133 163 193 83 313 352 263 482 255 534 376 118 376 500 433 493 458 306 117 102 514 42 239 426 
214 185 457 201 441 320 491 294 400 218 195 525 454 39 358 253 245 71 424 467 208 259 10 282 423 
402 203 404 39 92 350 202 438 58 77 344 202 291 427 53 182 398 495 535 88 299 314 393 361 531 
84 188 28 264 243 263 154 180 373 252 419 5 184 321 302 85 211 85 126 91 42 115 133 151 467 
302 86 474 185 91 85 92 262 139 426 169 428 72 126 202 490 211 479 214 215 262 51 7 341 7 
96 339 492 99 537 272 254 148 6 258 320 193 350 199 390 443 180 189 423 135 258 195 62 186 318 
338 339 391 99 537 272 254 234 269 326 320 297 350 199 390 443 180 503 423 312 257 163 504 403 366 
45 230 116 406 341 521 236 122 499 85 537 317 378 364 461 47 339 103 184 105 457 444 329 45 185 
109 426 102 376 302 306 424 452 184 17 42 344 204 293 148 110 435 185 120 366 483 184 19 443 242 
42 288 295 261 207 211 531 281 417 161 7 317 218 92 331 505 351 241 413 397 493 315 255 319 40 
146 510 509 375 83 305 400 210 398 221 113 64 505 188 56 315 122 272 250 450 339 99 99 121 373 
77 167 460 225 247 146 465 235 47 415 86 380 206 326 390 464 95 278 52 91 439 141 395 88 452 
509 132 160 122 4 215 294 353 202 465 114 361 467 272 29 498 285 387 63 169 188 346 487 522 327 
339 309 350 326 55 475 515 252 262 341 37 56 217 390 13 441 513 153 69 346 247 529 376 423 53 
29 109 56 151 315 92 57 511 199 114 43 350 35 189 54 54 490 110 32 71 475 423 272 467 511 
474 376 495 134 500 155 275 204 3 400 40 178 262 39 28 454 41 8 293 321 36 358 88 246 30 
247 97 344 135 289 184 82 310 26 215 516 485 384 305 274 93 188 486 371 376 482 306 294 86 457 
50 361 337 351 192 215 294 298 202 265 533 44 467 272 534 335 459 173 389 169 314 293 256 60 381 
215 21 101 155 475 369 142 461 306 167 514 344 387 194 247 352 275 39 481 193 443 266 138 1 230 
218 146 104 465 316 367 510 259 93 3 472 64 184 185 107 226 227 308 79 310 392 263 458 320 37 
71 122 203 419 392 396 334 225 180 451 433 413 415 226 17 207 141 506 29 184 42 491 500 329 368 
348 157 159 199 513 483 26 404 100 109 433 430 383 341 3 226 178 99 414 213 109 54 171 155 269 
378 326 119 440 262 167 341 95 218 410 114 195 340 492 383 157 91 206 257 153 190 19 305 229 128 
29 109 116 58 199 92 57 13 315 533 12 350 256 189 23 54 428 76 265 255 417 340 272 346 511 
93 289 321 272 60 42 58 99 488 228 466 265 503 355 383 475 444 493 263 369 21 372 301 154 446 
481 456 188 81 353 282 389 121 370 320 247 393 92 175 40 89 330 61 406 421 305 305 453 506 17 
63 58 56 251 534 529 259 430 234 106 490 395 97 308 92 169 493 171 304 404 280 358 315 463 248 
495 273 438 99 516 247 296 142 172 276 202 107 511 503 414 74 242 202 184 469 218 383 520 318 244 
140 92 265 445 1 158 403 383 99 70 383 235 13 444 6 180 536 91 517 457 185 482 506 65 184 
130 347 499 13 64 537 167 416 11 512 13 375 411 237 395 248 340 353 326 342 211 523 491 437 312 
299 535 353 270 134 73 358 320 515 530 315 202 331 331 393 134 243 432 89 245 348 425 357 262 445 
164 113 155 328 184 351 406 208 39 437 233 357 178 78 27 155 500 244 170 459 215 426 502 234 4 
398 168 55 251 128 211 283 421 403 149 156 499 204 205 247 352 334 536 49 228 445 196 181 1 309 
413 264 529 471 470 48 376 226 270 247 497 104 318 102 437 481 238 215 489 104 376 16 2 487 272 
384 488 451 365 217 328 223 300 538 180 362 141 484 350 509 234 178 42 133 392 252 46 21 339 291 
361 414 127 473 16 58 352 407 263 509 461 415 82 404 299 354 64 401 387 78 58 450 387 537 409 
445 138 41 176 362 196 335 23 374 236 228 173 503 91 60 310 471 101 418 330 40 133 463 235 504 
275 99 5 142 287 464 133 249 303 118 131 136 49 83 164 414 202 259 350 456 450 118 133 318 202 
295 502 218 261 344 174 155 415 489 19 236 476 91 154 376 107 350 118 413 437 38 405 414 314 386 
391 99 474 51 148 464 133 175 303 107 81 307 223 83 10 400 437 317 350 148 269 107 133 368 437 
531 473 163 342 83 312 66 263 60 238 377 376 118 139 444 85 146 191 388 232 217 248 42 439 426 
344 204 92 282 26 180 295 107 37 371 134 232 201 399 82 225 437 154 118 12 202 272 342 36 139 
122 16 201 185 91 433 92 473 376 213 62 428 41 37 437 495 211 331 349 310 133 212 324 341 324 
490 153 6 99 163 247 147 466 328 322 202 118 13 189 400 74 242 437 184 355 218 383 482 318 243 
348 16 331 185 91 433 92 262 376 426 178 490 41 312 437 495 369 201 349 310 133 466 7 341 324 
370 493 236 32 337 34 449 80 346 487 472 64 184 185 118 294 518 486 79 215 338 263 423 320 274 
109 114 332 242 400 338 66 236 330 241 13 448 112 501 253 335 263 324 227 366 369 281 535 458 146 
104 184 99 496 139 472 331 533 46 111 88 142 420 347 110 104 399 304 70 239 516 184 393 446 362 
500 428 256 421 495 30 414 370 316 12 327 295 73 417 153 334 502 474 290 265 386 405 508 414 98 
244 181 398 498 427 266 176 54 83 104 228 173 129 91 60 398 282 478 22 454 40 262 463 200 62 
239 415 44 61 92 350 437 106 151 188 344 202 45 427 53 188 398 428 206 485 331 314 393 361 448 
310 21 227 251 128 211 283 461 484 149 156 499 108 204 247 66 391 536 216 359 443 292 181 200 309 
336 271 410 455 394 260 405 530 386 15 246 519 92 461 83 40 147 308 78 223 37 475 233 400 127 
428 273 409 99 195 247 54 142 172 276 437 107 105 357 400 277 461 202 184 101 370 383 482 368 243 
236 184 99 496 139 472 5 114 332 111 88 212 420 479 90 104 304 386 295 432 516 184 406 369 427 
114 1 182 58 288 185 148 399 34 402 294 221 399 46 63 422 139 423 75 433 496 176 420 180 220 
383 122 422 98 459 112 164 337 495 86 262 364 427 159 289 370 257 378 533 477 11 422 205 92 458 
109 533 332 242 414 345 434 104 290 362 105 252 112 501 46 498 263 324 478 318 211 405 82 512 493 
87 99 7 461 69 76 118 236 153 78 222 80 389 469 200 490 378 31 225 104 472 150 525 421 168 
154 317 195 467 391 54 63 329 246 531 472 444 444 102 8 499 136 291 431 258 42 184 410 211 436 
149 341 42 100 509 147 291 411 45 264 444 241 85 517 156 223 22 105 253 344 113 366 507 300 376 
