144 1
30 
101 
92 
13 
47 
142 
60 
100 
1 
115 
41 
41 
92 
50 
30 
139 
0 
31 
107 
33 
102 
17 
115 
115 
142 
115 
142 
13 
107 
32 
60 
127 
23 
127 
110 
29 
62 
92 
25 
79 
123 
124 
113 
4 
70 
117 
30 
24 
113 
19 
62 
32 
92 
30 
90 
75 
123 
103 
105 
0 
55 
101 
99 
99 
115 
27 
19 
119 
27 
100 
68 
5 
64 
96 
123 
69 
120 
60 
32 
115 
124 
19 
99 
95 
3 
24 
95 
90 
70 
90 
3 
124 
31 
19 
117 
124 
75 
88 
31 
110 
142 
26 
115 
20 
88 
116 
55 
115 
126 
58 
34 
30 
115 
50 
82 
67 
26 
20 
19 
50 
30 
113 
106 
47 
5 
33 
99 
31 
101 
30 
50 
4 
117 
92 
19 
30 
95 
62 
110 
87 
142 
33 
126 
139 
