618 1
250 
383 
584 
220 
528 
161 
551 
19 
422 
393 
532 
339 
532 
290 
241 
590 
157 
244 
504 
129 
485 
279 
203 
92 
175 
356 
605 
28 
122 
51 
103 
366 
166 
297 
155 
544 
509 
201 
162 
276 
504 
383 
504 
466 
417 
590 
429 
504 
364 
239 
578 
59 
94 
103 
571 
250 
279 
407 
555 
469 
207 
599 
366 
49 
473 
168 
535 
248 
262 
539 
175 
588 
25 
375 
40 
154 
18 
104 
175 
456 
72 
35 
304 
571 
317 
568 
230 
170 
514 
78 
248 
603 
175 
58 
605 
574 
234 
436 
466 
465 
555 
414 
567 
283 
283 
399 
310 
39 
395 
58 
430 
588 
4 
535 
196 
175 
530 
418 
504 
215 
19 
150 
544 
514 
163 
123 
169 
2 
358 
252 
72 
310 
55 
250 
156 
156 
223 
578 
422 
263 
598 
244 
78 
35 
279 
579 
532 
417 
418 
283 
452 
472 
311 
527 
288 
489 
376 
483 
249 
210 
57 
350 
129 
269 
201 
82 
572 
298 
402 
439 
544 
366 
212 
492 
118 
399 
418 
38 
600 
230 
78 
358 
603 
234 
394 
355 
412 
154 
364 
196 
262 
211 
94 
100 
156 
325 
532 
418 
56 
168 
57 
496 
456 
428 
220 
613 
504 
58 
223 
401 
100 
519 
294 
223 
546 
315 
106 
290 
310 
239 
18 
234 
17 
100 
94 
544 
588 
532 
193 
252 
469 
485 
155 
12 
257 
603 
466 
605 
239 
543 
3 
74 
509 
97 
28 
263 
150 
143 
213 
123 
544 
412 
11 
46 
466 
354 
151 
33 
414 
617 
523 
489 
505 
288 
40 
252 
408 
114 
328 
175 
230 
417 
341 
39 
78 
312 
520 
175 
474 
310 
0 
544 
524 
520 
156 
527 
82 
374 
544 
36 
170 
56 
3 
238 
102 
273 
269 
252 
72 
131 
100 
496 
129 
175 
191 
310 
514 
175 
387 
303 
23 
290 
250 
280 
217 
523 
417 
58 
617 
504 
358 
215 
129 
175 
15 
161 
175 
610 
39 
380 
517 
246 
578 
585 
516 
497 
223 
94 
322 
325 
38 
418 
94 
530 
63 
582 
479 
492 
418 
215 
252 
364 
47 
57 
390 
97 
550 
199 
125 
284 
57 
569 
65 
3 
395 
57 
361 
249 
358 
516 
394 
307 
394 
335 
2 
524 
485 
19 
416 
43 
281 
310 
355 
7 
282 
394 
401 
524 
310 
430 
102 
402 
57 
470 
5 
13 
485 
598 
230 
544 
169 
315 
156 
196 
393 
207 
489 
555 
395 
38 
571 
65 
560 
250 
100 
12 
14 
239 
175 
7 
201 
292 
276 
508 
208 
73 
617 
524 
105 
294 
57 
248 
517 
588 
201 
568 
345 
199 
448 
311 
201 
520 
222 
439 
571 
18 
94 
207 
504 
141 
137 
38 
47 
215 
172 
448 
605 
175 
397 
86 
598 
157 
57 
517 
18 
279 
156 
603 
249 
156 
232 
72 
493 
59 
120 
504 
375 
366 
546 
504 
55 
401 
143 
279 
14 
604 
207 
477 
520 
414 
485 
317 
395 
466 
57 
504 
279 
503 
509 
155 
340 
456 
551 
466 
165 
166 
392 
544 
5 
210 
339 
579 
35 
73 
39 
610 
258 
4 
310 
339 
158 
279 
358 
273 
376 
219 
418 
34 
427 
195 
160 
160 
53 
58 
523 
524 
57 
307 
18 
310 
270 
520 
383 
472 
393 
339 
555 
163 
603 
323 
225 
191 
51 
160 
603 
210 
418 
603 
280 
279 
469 
583 
166 
614 
412 
15 
283 
544 
395 
527 
605 
23 
19 
310 
614 
512 
327 
470 
469 
100 
163 
599 
544 
57 
527 
457 
40 
485 
605 
605 
523 
250 
366 
194 
196 
215 
492 
51 
572 
310 
373 
600 
504 
29 
355 
113 
201 
456 
504 
238 
452 
366 
53 
591 
241 
118 
58 
354 
