112 26
88 109 63 46 42 83 82 18 67 36 26 46 97 62 40 21 63 29 23 58 52 41 90 52 41 84 
35 49 47 3 4 38 40 85 59 20 5 52 23 100 111 5 14 25 100 3 6 77 92 100 5 106 
1 28 38 15 81 44 59 47 104 76 85 100 60 111 22 94 7 6 50 12 52 26 39 47 101 61 
106 59 57 8 54 82 52 91 35 106 47 67 32 90 95 85 23 31 93 90 21 91 5 52 34 47 
61 23 44 6 101 84 79 24 65 109 22 34 64 76 62 62 103 31 51 35 9 39 67 27 111 1 
88 46 37 24 97 47 100 14 24 20 41 88 43 44 62 44 65 39 64 82 8 36 73 38 111 1 
33 44 41 98 47 75 88 17 102 111 111 107 3 1 93 7 78 95 7 97 53 20 12 49 65 66 
101 66 43 59 36 103 41 37 8 88 111 67 67 80 37 21 39 84 34 34 33 110 25 74 24 80 
59 70 29 1 76 72 72 92 83 23 49 25 22 80 100 108 81 89 22 106 41 12 20 3 107 45 
45 29 110 49 19 12 72 28 76 88 13 99 6 97 95 99 18 11 67 75 92 1 1 99 7 2 
40 9 87 84 14 33 34 61 107 101 53 81 18 60 61 98 22 42 70 52 77 55 8 97 53 40 
26 62 106 7 84 52 73 60 8 25 85 60 24 51 18 5 25 20 46 3 92 79 83 17 110 75 
94 7 91 37 17 80 0 0 69 0 37 63 48 27 70 1 11 33 70 40 70 2 106 37 34 96 
42 87 43 33 10 8 72 27 22 47 62 6 14 10 101 11 53 36 102 81 67 22 12 91 65 71 
37 5 78 99 83 100 12 15 69 94 8 29 23 23 71 23 94 99 26 108 68 0 58 77 75 65 
40 63 46 98 71 2 72 42 83 56 59 11 80 78 33 75 51 104 78 12 53 38 74 67 81 22 
32 91 23 84 13 8 9 99 5 87 109 22 57 111 92 97 38 85 0 40 45 46 42 42 53 92 
20 15 90 33 92 50 100 85 49 95 10 18 45 38 54 25 29 7 40 49 108 62 97 44 80 67 
101 88 36 106 22 45 75 20 109 21 81 22 43 109 98 51 13 90 70 90 13 78 97 33 64 64 
92 84 28 64 32 91 7 39 18 20 91 20 89 57 8 88 36 98 3 68 86 84 18 78 61 50 
41 28 4 60 103 46 85 41 108 77 58 83 24 6 91 25 18 8 15 52 54 89 78 55 58 61 
21 16 43 55 4 89 59 88 37 89 6 43 36 88 86 55 64 31 77 57 110 43 88 58 77 83 
49 60 11 94 55 30 55 12 40 45 21 96 103 85 19 56 55 53 25 52 42 24 50 52 88 63 
31 94 13 90 4 54 77 33 40 30 30 93 84 43 22 97 37 82 5 7 100 100 69 30 44 80 
22 26 18 4 35 16 35 93 72 79 102 35 55 76 83 29 75 82 75 85 16 94 79 19 79 50 
49 103 100 11 108 92 19 96 77 11 82 16 11 78 47 24 10 13 27 108 94 55 16 77 70 96 
24 51 56 20 8 81 61 30 85 84 6 106 24 89 96 35 60 107 22 18 104 76 11 8 22 37 
89 19 68 24 44 47 83 39 47 9 55 93 81 98 79 22 96 75 67 14 24 96 67 89 84 85 
9 11 97 108 106 85 63 75 84 94 108 101 22 102 82 44 47 46 73 58 15 86 6 17 10 73 
7 77 25 89 50 68 107 20 31 61 31 22 20 79 42 94 23 53 89 97 43 18 108 90 18 60 
95 82 33 51 14 77 50 19 106 69 20 98 74 110 41 31 10 13 109 71 88 104 8 82 110 53 
35 110 54 28 67 49 53 9 37 98 107 92 50 69 96 57 100 65 41 84 0 14 101 45 89 15 
98 7 69 56 104 52 67 73 52 90 25 73 55 97 63 54 13 35 43 101 19 94 51 105 98 80 
100 27 95 45 32 4 93 34 39 17 90 61 10 63 40 75 36 35 52 39 33 73 26 104 60 100 
58 49 7 3 89 76 110 41 27 3 45 30 63 99 32 110 94 71 31 68 64 53 97 4 44 88 
85 88 52 81 65 79 68 105 59 67 65 15 8 57 10 89 42 57 90 4 84 3 50 21 89 37 
60 102 16 83 3 18 81 41 8 85 107 108 59 88 87 110 100 102 19 9 94 7 109 111 85 16 
78 36 2 25 54 90 46 76 24 59 51 0 49 64 79 109 20 52 103 33 40 54 38 30 97 89 
101 44 63 48 92 69 56 32 69 44 103 33 91 16 29 32 17 89 43 81 0 41 68 44 15 69 
55 105 2 38 34 58 87 42 110 40 10 72 39 83 18 92 46 0 22 102 16 87 29 61 64 32 
95 76 3 81 97 63 111 101 77 106 86 22 86 29 70 62 47 48 5 26 45 88 50 35 54 23 
80 105 48 29 48 72 16 31 92 110 34 30 44 5 84 54 78 107 40 50 64 17 103 84 20 43 
75 13 66 6 30 71 80 85 84 98 5 102 8 30 28 78 26 69 110 37 104 103 25 45 57 86 
57 35 31 5 42 77 80 28 89 61 97 102 14 111 32 62 43 58 14 86 30 92 98 79 64 14 
24 103 81 20 21 25 4 30 66 97 3 44 49 69 37 9 97 38 61 38 87 56 17 69 49 5 
88 83 7 102 35 18 50 73 108 29 74 16 95 34 15 79 89 55 87 3 52 111 80 24 41 43 
71 9 7 24 60 95 83 70 18 87 4 58 103 39 50 32 46 11 85 93 67 59 64 8 34 7 
21 89 84 68 94 85 22 21 40 53 72 93 11 20 29 105 68 69 74 93 51 24 83 83 62 67 
92 101 52 15 110 97 24 50 37 40 97 51 55 87 26 24 101 3 74 89 99 65 84 9 86 102 
28 56 35 24 29 109 92 57 26 81 54 10 20 10 102 41 16 7 97 19 60 42 71 45 107 86 
71 10 30 100 39 40 57 69 42 27 105 22 96 16 33 21 43 93 57 2 35 80 59 105 56 105 
109 72 27 67 87 64 56 48 8 95 103 32 33 49 107 29 57 101 92 104 46 53 107 57 26 33 
23 13 1 18 56 98 54 42 1 55 32 45 64 16 19 7 109 19 97 106 51 9 107 44 63 22 
103 73 4 72 48 28 19 10 21 103 58 106 69 74 35 10 57 66 17 96 31 58 27 96 78 63 
34 60 30 67 104 2 58 30 2 60 63 43 88 6 31 58 110 107 106 58 110 105 62 47 42 108 
102 26 78 105 23 88 97 36 73 48 7 44 40 23 82 99 62 103 19 57 36 78 77 77 86 57 
13 68 26 7 80 100 22 18 8 89 80 38 46 67 68 27 3 104 75 72 71 109 8 71 101 36 
80 14 57 76 63 2 77 24 37 72 10 2 95 4 79 6 73 11 15 62 90 15 62 50 50 98 
47 89 91 63 97 43 63 7 34 27 88 62 22 29 2 108 38 100 90 46 20 31 64 51 9 13 
58 67 7 68 35 17 78 105 110 0 25 26 1 71 109 18 69 20 27 0 9 77 5 105 18 32 
45 26 107 66 45 49 17 53 8 86 92 92 16 106 72 97 45 101 91 34 108 87 59 60 106 98 
3 52 29 77 17 5 69 48 5 71 58 60 59 14 23 74 45 84 96 85 90 100 81 9 23 14 
36 61 83 29 27 58 109 18 46 91 42 23 50 18 10 108 86 50 51 36 2 30 46 107 27 66 
44 16 20 38 108 88 9 6 17 15 26 82 30 102 33 96 12 88 24 89 64 89 75 95 93 70 
104 6 53 23 85 103 70 15 15 26 20 24 100 31 23 51 80 16 0 107 69 110 45 74 105 71 
15 63 94 85 4 111 76 52 102 9 72 104 72 111 53 20 63 64 95 67 63 17 104 57 28 91 
19 40 80 2 102 52 12 42 27 88 90 88 25 7 17 43 59 108 62 0 102 35 89 20 25 81 
103 81 6 93 68 109 17 59 58 68 104 3 19 102 21 57 24 96 70 25 83 105 36 61 50 88 
105 16 72 109 58 8 78 98 87 66 49 64 101 23 85 16 82 3 59 71 96 66 27 51 39 67 
85 15 16 49 109 45 98 57 35 82 17 17 56 92 71 33 45 59 45 32 35 61 84 0 29 103 
64 54 51 66 100 49 75 68 88 67 59 97 16 86 87 23 34 0 22 64 61 35 105 19 61 41 
26 51 2 77 102 89 35 77 9 7 66 22 54 89 46 63 93 95 103 39 24 54 39 89 0 60 
96 24 65 56 47 77 109 89 76 20 62 64 86 107 91 109 27 24 16 101 54 1 54 34 34 106 
93 30 8 102 20 105 51 58 72 43 97 36 96 58 4 42 41 86 32 24 108 21 108 23 23 92 
62 36 105 12 55 9 8 50 8 99 59 89 98 83 0 81 90 35 7 50 65 79 17 52 98 21 
39 67 45 108 56 45 66 57 99 24 59 19 43 78 9 79 35 7 47 24 54 110 68 36 33 27 
103 110 2 36 19 10 81 23 31 0 36 88 95 43 108 104 110 14 104 41 71 64 85 6 75 51 
74 104 38 82 72 91 28 102 66 108 45 93 10 85 67 3 59 42 8 3 32 12 14 13 95 50 
20 84 111 46 23 20 18 69 24 20 14 87 108 72 82 103 87 28 105 30 67 22 72 81 26 48 
29 48 89 108 43 52 49 8 19 18 57 97 97 25 28 54 57 98 23 101 89 101 21 91 44 85 
106 50 28 110 21 10 84 100 40 108 54 31 51 63 47 34 77 41 55 65 73 84 70 101 76 54 
21 97 80 111 70 31 45 61 47 110 87 3 96 101 36 93 18 4 52 102 1 63 31 53 7 47 
26 108 35 67 10 103 107 74 26 109 14 85 5 19 65 92 55 71 102 7 91 22 72 92 81 49 
35 22 97 95 38 79 46 29 106 102 63 58 11 14 18 42 74 88 78 50 55 111 108 97 36 63 
47 6 83 30 76 61 12 66 98 10 95 3 109 25 75 9 15 56 86 39 106 77 87 70 14 52 
108 43 20 71 93 7 49 55 9 30 7 97 98 6 77 5 65 85 62 31 5 22 69 88 44 103 
67 38 11 79 70 55 59 77 0 45 19 35 35 62 73 70 73 73 28 11 17 23 17 52 58 89 
22 14 33 103 39 41 13 19 29 90 71 8 97 99 48 29 98 76 13 47 84 63 69 53 18 92 
84 76 55 10 101 36 81 50 64 104 25 109 19 29 95 83 19 26 104 19 81 48 111 57 1 74 
5 54 47 95 71 54 92 40 55 43 32 104 5 68 88 49 69 30 69 19 42 85 92 76 14 56 
36 31 35 41 30 19 65 64 75 101 68 47 102 103 20 62 0 86 48 28 83 95 74 80 10 72 
73 8 0 74 3 100 11 71 68 47 39 41 8 82 5 46 49 60 33 105 21 28 102 67 13 6 
57 89 49 71 83 108 72 11 12 53 22 83 80 87 71 75 9 3 86 19 89 60 12 16 33 78 
97 91 101 40 1 88 100 22 109 14 38 26 73 30 5 73 78 10 36 87 18 23 1 24 52 73 
102 0 91 61 74 70 72 84 98 104 26 10 44 83 81 23 54 90 85 7 40 78 92 18 68 27 
59 1 14 102 105 94 44 73 90 105 25 108 96 5 1 45 2 12 78 13 59 26 63 97 81 98 
15 81 84 102 28 46 7 94 92 46 87 72 68 53 23 81 104 63 65 106 22 28 40 99 6 70 
89 73 86 10 61 32 99 72 80 103 27 4 101 29 79 14 59 93 106 43 103 29 20 0 17 101 
82 32 105 92 68 86 14 26 26 104 61 102 61 28 40 1 109 15 4 26 77 1 87 90 58 79 
3 87 44 10 33 34 33 50 35 61 50 16 45 68 73 39 34 72 31 60 5 48 71 65 65 85 
11 57 8 35 70 68 5 26 61 24 54 103 81 106 85 23 34 38 77 73 68 49 56 4 20 1 
73 91 102 108 14 89 12 15 44 27 65 62 42 96 85 93 28 18 78 8 70 21 107 53 14 96 
29 109 54 53 35 7 44 81 73 106 98 78 96 97 28 48 4 111 20 110 67 14 37 60 103 26 
5 74 10 11 102 90 74 52 48 11 87 96 20 61 64 96 64 98 53 71 42 88 110 111 13 82 
104 89 78 28 35 40 53 19 23 86 22 77 56 90 46 59 107 82 14 10 108 58 1 12 4 45 
17 30 46 5 11 37 37 81 84 1 100 100 39 78 96 55 21 45 103 29 100 105 37 10 28 55 
82 9 82 85 12 0 56 99 110 5 85 20 16 79 86 76 9 104 53 51 33 103 90 8 5 7 
25 105 84 87 97 82 81 4 25 5 36 37 4 47 64 110 53 111 34 19 66 63 46 107 9 36 
51 22 15 82 104 85 97 108 32 20 23 14 27 49 15 101 68 80 39 76 56 14 47 19 6 44 
82 80 41 12 70 75 96 79 16 12 107 82 56 1 44 53 14 93 42 62 3 20 11 12 54 7 
21 69 83 59 111 17 88 109 26 18 47 85 8 9 110 61 84 57 97 49 31 3 91 82 95 72 
75 18 5 94 56 4 97 12 62 102 90 109 73 76 20 23 86 88 99 47 67 14 83 81 19 90 
