131 1
65 
21 
58 
105 
44 
13 
13 
104 
43 
104 
36 
44 
36 
6 
29 
96 
66 
129 
47 
35 
94 
103 
6 
126 
109 
105 
16 
103 
27 
95 
67 
47 
103 
36 
87 
103 
94 
43 
52 
27 
87 
103 
21 
81 
68 
94 
52 
73 
74 
62 
7 
21 
103 
99 
128 
67 
58 
87 
65 
66 
111 
14 
68 
103 
65 
58 
65 
84 
103 
118 
43 
104 
65 
104 
0 
85 
32 
47 
9 
48 
78 
70 
65 
117 
84 
8 
126 
81 
105 
0 
16 
96 
0 
126 
37 
103 
128 
70 
47 
103 
67 
52 
31 
118 
70 
117 
44 
52 
68 
128 
128 
7 
25 
40 
98 
44 
48 
25 
6 
0 
22 
58 
70 
62 
62 
68 
128 
62 
103 
128 
22 
