145 1
98 
144 
63 
107 
107 
109 
65 
98 
42 
103 
116 
52 
100 
74 
135 
64 
98 
13 
129 
21 
103 
113 
125 
138 
113 
93 
117 
61 
13 
133 
41 
141 
112 
142 
82 
5 
13 
39 
83 
113 
42 
129 
138 
111 
68 
124 
31 
43 
135 
64 
99 
111 
52 
105 
106 
13 
39 
19 
61 
125 
99 
93 
98 
1 
67 
39 
63 
51 
17 
98 
1 
36 
56 
51 
113 
89 
63 
21 
99 
3 
56 
124 
74 
55 
105 
1 
1 
41 
51 
39 
20 
99 
107 
22 
108 
52 
129 
112 
79 
143 
39 
111 
129 
51 
142 
140 
107 
98 
109 
137 
13 
79 
93 
41 
112 
61 
1 
137 
42 
64 
124 
64 
79 
106 
31 
31 
5 
93 
99 
104 
140 
126 
39 
52 
82 
1 
63 
13 
41 
93 
96 
107 
83 
143 
13 
