148 21
60 117 146 22 139 5 147 131 10 108 31 126 122 58 41 92 82 33 27 97 102 
60 120 31 136 128 72 82 26 53 138 52 49 60 119 62 27 113 82 78 25 49 
60 120 31 51 57 126 82 119 53 138 65 139 60 26 62 27 113 82 78 25 75 
133 30 62 41 3 17 43 22 60 23 25 32 74 31 132 84 58 35 133 5 34 
88 37 77 35 46 72 77 43 111 113 74 82 70 45 139 10 141 112 73 90 69 
143 71 80 31 88 134 146 50 133 98 43 76 92 47 105 108 53 56 147 88 83 
108 123 128 144 3 105 87 140 47 13 142 142 47 14 55 60 13 104 87 90 142 
100 0 3 118 82 146 66 133 144 62 5 128 15 41 31 50 108 91 123 147 123 
124 43 133 25 19 130 12 22 103 62 138 100 1 142 120 33 63 9 66 121 120 
120 89 55 46 132 77 83 132 25 108 41 27 41 41 6 77 70 142 62 14 60 
13 124 5 48 7 38 99 53 124 50 132 77 61 1 85 108 70 133 85 24 55 
69 146 143 5 7 132 8 92 102 107 2 95 88 12 25 134 83 57 142 140 41 
133 30 62 41 12 129 43 22 60 86 25 78 46 31 96 54 58 109 133 48 34 
73 41 53 111 111 90 10 0 66 70 113 91 83 34 114 43 91 118 61 64 83 
31 43 25 102 53 13 82 114 98 78 27 23 45 70 77 113 96 88 8 23 42 
13 60 132 24 119 115 61 9 147 142 22 131 38 117 76 123 142 81 147 85 10 
112 145 3 12 63 136 53 120 97 74 65 10 146 26 135 72 33 39 1 105 105 
31 43 25 145 53 13 82 114 141 32 27 127 45 70 77 113 132 88 84 67 42 
60 120 31 136 128 137 82 119 53 83 135 139 60 76 62 27 113 82 32 25 139 
108 123 128 144 3 105 66 140 129 13 142 142 47 17 55 60 13 104 29 64 142 
12 103 82 98 61 88 18 35 142 52 77 105 113 3 24 62 43 34 55 21 10 
32 16 77 126 141 140 131 41 61 63 81 103 77 143 9 53 42 120 48 102 3 
76 88 118 12 125 23 122 60 69 131 57 79 14 36 28 113 42 113 89 42 58 
123 116 141 140 24 128 28 18 66 123 25 38 0 77 43 70 41 122 29 55 10 
13 60 96 68 119 89 45 9 147 142 22 131 38 117 76 123 142 97 105 85 10 
46 82 120 102 25 25 77 118 3 45 13 68 54 134 82 6 34 49 92 75 126 
38 6 52 108 117 75 13 75 72 5 137 8 51 49 81 140 16 53 15 70 132 
99 124 140 53 43 120 77 10 31 1 64 25 80 11 66 123 77 62 98 42 100 
88 115 126 18 118 84 60 60 7 76 53 12 43 31 25 31 66 38 71 51 68 
123 44 141 98 62 112 53 77 34 138 96 11 100 136 111 10 56 45 133 10 147 
3 99 31 106 116 85 27 118 75 62 120 56 134 0 60 139 60 136 36 134 77 
105 21 89 41 106 146 143 70 78 103 19 13 11 120 138 34 62 10 82 96 12 
133 77 50 135 141 143 53 97 26 25 145 83 75 30 26 68 118 112 111 147 37 
139 11 60 53 85 42 115 118 89 82 126 30 123 114 17 5 20 64 22 56 121 
145 5 31 126 53 53 120 133 111 95 43 62 9 52 10 142 132 71 82 74 123 
7 79 33 146 73 142 68 142 10 38 27 43 12 65 42 133 38 38 88 83 143 
79 144 3 3 132 51 53 120 136 74 52 10 146 26 65 30 39 39 1 105 105 
88 6 137 107 118 95 60 60 124 76 53 3 43 31 25 31 66 38 71 97 24 
114 141 120 95 137 85 0 105 73 62 10 100 53 27 102 15 131 59 104 118 60 
139 11 60 53 0 42 6 118 89 82 126 126 123 42 14 5 121 73 22 56 121 
78 16 77 126 141 100 141 41 20 96 51 22 77 117 9 53 114 120 5 102 3 
60 77 33 97 28 142 27 30 109 62 12 28 112 24 128 127 77 34 9 113 99 
72 133 77 27 112 38 142 4 7 128 118 135 82 40 41 81 113 130 116 129 39 
79 113 36 114 138 112 78 13 53 134 41 22 105 46 113 135 19 38 120 114 71 
49 11 60 53 85 114 115 118 19 82 137 72 123 114 129 5 45 64 103 101 20 
3 103 82 141 45 88 2 35 142 65 77 105 113 12 15 62 43 34 55 40 10 
123 133 38 94 21 79 146 142 12 42 103 105 25 43 80 25 38 66 20 6 123 
31 43 25 102 53 13 82 42 131 32 27 23 61 70 77 113 132 88 84 127 42 
143 109 101 31 88 108 146 0 133 141 43 119 92 17 147 108 53 122 105 88 138 
66 119 96 64 82 142 88 26 21 13 25 95 33 69 66 77 142 136 70 70 120 
60 143 146 103 139 5 147 131 10 108 31 126 101 58 41 92 82 39 27 97 102 
102 137 79 135 5 134 132 86 23 42 5 88 97 52 88 97 38 3 113 60 25 
122 88 123 53 63 15 8 99 124 118 130 134 22 34 142 120 60 102 84 38 120 
122 78 57 133 18 53 16 53 38 14 53 82 58 22 108 28 15 70 77 8 141 
7 43 133 25 89 102 12 22 103 62 138 91 1 142 120 44 96 9 87 61 120 
88 28 77 109 46 72 77 43 111 113 46 82 70 121 139 10 141 79 90 90 57 
23 120 44 58 136 62 51 103 107 82 133 136 114 100 143 27 9 77 23 53 105 
96 42 6 129 5 142 124 53 8 71 100 79 65 93 12 13 74 67 120 14 29 
32 106 77 30 141 91 98 41 121 132 97 103 77 143 9 53 42 120 5 145 3 
58 28 103 113 81 111 142 108 121 138 81 82 139 31 96 27 139 62 103 14 77 
10 119 54 143 35 123 75 105 105 6 38 83 27 87 55 25 139 82 125 77 45 
3 22 82 98 45 88 18 71 142 52 77 105 113 3 110 62 43 34 4 21 10 
4 122 121 133 117 70 112 69 60 7 38 129 111 28 146 146 63 132 38 99 97 
145 39 1 119 136 103 34 13 81 114 47 128 130 123 34 49 137 111 99 85 49 
83 103 6 123 142 41 58 105 85 116 1 84 93 35 55 42 104 11 60 76 53 
56 88 123 53 132 68 84 59 124 118 144 134 22 34 142 120 60 102 8 38 120 
123 44 98 98 62 79 53 77 34 83 96 11 100 136 111 10 80 121 133 10 105 
123 116 131 140 110 57 37 2 87 123 25 38 85 77 43 70 41 101 66 4 10 
13 60 132 24 26 89 121 9 105 142 103 98 38 143 119 123 142 136 105 85 10 
96 42 6 129 5 142 124 53 84 71 100 112 135 93 3 13 125 67 120 129 87 
29 12 28 103 73 123 97 66 82 20 26 6 73 60 19 138 4 142 76 41 62 
7 79 94 146 73 142 24 142 10 38 27 43 12 135 42 133 38 38 88 138 117 
3 92 31 16 116 85 27 118 75 62 120 101 108 0 60 75 60 51 16 108 77 
138 22 115 123 142 41 58 105 85 9 2 84 106 109 4 42 69 111 60 26 53 
123 133 38 44 21 79 146 142 12 42 22 105 25 43 80 25 38 66 20 19 123 
66 119 63 90 82 142 88 119 58 13 25 95 39 57 29 77 142 51 70 70 120 
38 115 135 108 143 49 13 75 126 5 30 8 136 75 97 140 36 53 68 70 132 
115 60 134 144 25 47 141 32 48 67 123 107 142 110 114 52 113 123 114 70 31 
133 77 0 135 131 143 53 81 119 25 145 138 49 72 26 110 118 112 11 147 37 
12 111 50 67 134 100 28 127 78 113 41 144 132 40 109 109 37 78 136 120 26 
127 120 94 21 51 62 81 22 107 82 133 51 114 91 117 27 116 77 23 53 105 
102 30 79 52 48 108 63 23 127 42 5 88 97 135 88 97 38 3 113 60 25 
105 10 123 43 10 105 132 93 47 124 120 34 66 82 112 122 78 27 99 32 113 
26 51 147 22 143 131 12 53 0 40 88 103 49 5 73 9 105 147 27 1 119 
7 43 133 25 115 102 3 22 22 62 83 140 2 142 120 39 63 116 66 45 120 
60 143 146 22 49 48 147 98 10 134 31 137 80 58 41 59 82 44 27 136 130 
123 116 131 140 24 128 28 1 29 123 25 38 0 77 43 70 41 101 87 4 10 
123 39 131 141 62 79 53 77 34 83 63 11 100 136 111 10 80 45 133 10 105 
10 1 38 11 84 146 24 39 83 119 51 75 17 34 53 146 22 65 83 39 18 
134 123 104 102 12 147 87 140 17 13 142 142 14 14 4 60 13 128 29 73 142 
138 103 115 123 142 41 40 105 0 116 18 95 36 109 4 114 104 111 60 119 53 
114 38 77 60 43 114 41 82 82 88 17 5 20 8 3 101 27 115 53 32 135 
21 37 22 113 51 11 142 108 61 138 51 82 139 31 96 27 75 62 103 14 77 
79 145 3 3 96 97 53 120 136 125 135 10 146 119 65 137 33 44 2 147 147 
49 111 60 53 85 42 6 118 6 82 72 72 123 42 47 5 20 64 103 80 20 
7 43 133 25 115 102 12 103 103 62 83 100 107 142 120 94 132 116 87 20 120 
130 94 1 26 81 103 34 13 81 114 17 128 144 123 34 75 126 11 92 85 49 
130 72 112 52 48 134 132 86 67 114 48 88 81 135 88 51 38 3 113 60 25 
7 38 10 72 5 48 98 59 6 124 60 57 53 68 12 7 88 13 130 70 134 
21 37 22 113 51 111 142 108 61 138 81 82 49 31 132 27 139 62 22 14 77 
42 38 77 60 43 42 41 82 82 88 14 5 61 84 3 56 27 89 53 78 65 
67 120 39 21 81 62 81 103 1 82 133 97 114 140 117 27 9 77 23 53 105 
93 101 81 111 53 49 31 94 49 73 62 12 70 50 5 79 13 106 123 33 34 
76 88 118 12 74 23 122 60 57 141 69 112 129 36 28 113 114 113 115 114 21 
96 114 6 17 5 142 124 53 54 109 91 79 135 36 3 13 46 86 120 129 29 
65 60 15 96 24 98 79 122 120 82 30 75 146 72 81 41 113 37 131 69 33 
112 130 12 12 96 97 53 120 51 74 52 10 146 119 52 126 33 39 18 147 105 
60 120 31 81 57 30 82 76 53 138 65 75 60 119 62 27 113 82 32 25 139 
5 134 118 5 26 8 26 41 129 34 52 100 79 123 142 34 73 41 3 119 25 
124 112 39 146 90 142 68 142 10 38 27 43 12 135 42 133 38 38 88 138 143 
13 60 96 110 26 89 121 9 105 142 22 141 38 143 26 123 142 51 147 50 10 
57 146 143 48 124 132 95 92 145 107 2 54 88 12 25 108 138 128 142 91 41 
12 111 50 23 134 91 37 67 78 113 41 130 96 58 71 35 37 32 136 120 26 
133 12 35 103 133 13 116 11 111 64 96 58 119 38 141 38 62 146 67 54 108 
30 133 77 27 79 38 142 4 124 104 118 65 82 58 41 81 113 102 116 47 33 
134 123 57 130 3 105 87 91 17 13 142 142 47 14 55 60 13 128 66 90 142 
120 19 55 74 132 77 138 63 25 108 41 27 41 41 6 77 70 142 62 47 60 
123 142 41 3 1 14 88 133 58 128 98 5 146 124 70 7 100 49 87 88 53 
65 125 102 4 118 118 75 91 10 115 11 101 51 108 138 37 122 46 54 121 42 
38 89 52 134 143 75 13 75 137 48 126 8 81 75 136 91 16 53 68 70 63 
25 123 31 9 128 51 5 70 43 137 136 134 83 25 133 71 131 121 53 49 75 
3 22 82 141 45 88 2 71 142 135 77 105 113 12 24 62 43 34 4 58 10 
127 120 33 40 51 62 136 103 107 82 133 51 114 100 117 27 9 77 127 53 147 
6 146 118 31 25 31 70 64 37 21 96 69 30 55 22 45 38 22 107 51 80 
140 50 3 118 82 146 66 133 130 62 5 104 24 41 31 85 134 91 123 105 123 
123 133 38 94 40 79 146 142 12 42 103 147 25 43 80 25 38 87 45 19 123 
12 92 31 36 9 50 27 118 49 62 120 80 108 0 60 75 60 81 106 134 77 
123 9 141 100 110 57 37 1 66 123 25 38 0 77 43 70 41 56 87 4 10 
63 114 89 14 5 142 124 53 84 35 140 79 135 106 3 13 46 86 120 47 66 
31 43 25 130 53 13 82 42 131 32 27 67 45 70 77 113 132 88 54 127 42 
36 56 97 111 53 49 31 33 139 73 62 12 70 50 5 79 13 93 123 39 34 
124 38 10 72 5 5 141 59 89 7 60 128 53 15 12 124 88 13 144 70 134 
144 44 2 119 51 22 34 13 51 114 129 69 145 123 34 139 137 11 59 50 139 
116 133 146 5 90 36 75 42 34 144 74 120 68 60 118 43 32 3 49 88 147 
48 108 118 48 26 54 76 41 14 34 65 140 79 123 142 34 73 41 12 26 25 
122 88 123 53 132 15 95 99 124 118 144 108 22 34 142 120 60 130 84 38 120 
144 72 112 52 5 108 132 127 127 114 5 88 136 52 88 97 38 12 113 60 25 
3 92 31 16 116 50 27 118 49 62 120 101 108 85 60 49 60 97 106 134 77 
26 136 105 22 143 131 12 53 85 21 88 22 139 5 73 9 105 105 27 1 26 
29 76 96 90 82 142 88 119 58 13 25 54 44 104 87 77 142 51 70 70 120 
114 38 77 60 43 42 41 82 82 88 47 5 61 8 12 56 27 115 53 78 135 
7 38 10 30 48 5 131 92 6 7 60 69 53 24 12 7 88 13 144 70 108 
145 102 48 113 88 60 21 134 116 3 140 25 82 25 65 4 20 70 43 83 20 
123 142 41 3 107 17 88 133 40 69 141 5 146 7 70 7 91 75 66 88 53 
93 101 51 111 53 49 31 44 139 73 62 12 70 50 48 112 13 16 123 44 34 
36 101 136 111 53 139 31 39 49 90 62 3 70 0 5 79 13 36 123 44 34 
79 73 72 13 34 77 107 66 70 19 34 75 81 42 62 1 96 78 10 20 133 
65 60 68 63 110 98 79 56 120 82 72 49 146 137 51 41 113 28 131 104 39 
