669 1
464 
464 
246 
49 
200 
222 
502 
307 
3 
444 
491 
3 
456 
338 
367 
631 
97 
528 
217 
567 
97 
257 
389 
12 
333 
567 
564 
194 
258 
614 
94 
367 
666 
487 
453 
145 
130 
667 
361 
600 
453 
145 
573 
75 
246 
10 
348 
323 
26 
644 
255 
664 
365 
458 
21 
98 
154 
458 
39 
173 
160 
359 
409 
22 
40 
597 
43 
371 
387 
98 
590 
232 
623 
359 
359 
195 
32 
432 
129 
175 
333 
644 
565 
238 
439 
467 
304 
128 
325 
458 
97 
521 
359 
389 
369 
528 
623 
577 
94 
97 
668 
91 
179 
172 
407 
610 
159 
80 
179 
205 
93 
111 
482 
291 
358 
154 
623 
500 
513 
107 
567 
91 
619 
599 
489 
609 
405 
408 
24 
517 
475 
106 
565 
375 
534 
97 
458 
192 
517 
465 
432 
448 
12 
557 
527 
71 
137 
86 
524 
484 
486 
130 
458 
632 
666 
158 
538 
368 
176 
261 
179 
208 
98 
650 
71 
116 
538 
666 
619 
86 
97 
331 
176 
482 
128 
441 
621 
1 
161 
261 
279 
524 
107 
423 
93 
181 
619 
32 
647 
289 
565 
290 
420 
666 
271 
158 
597 
363 
255 
459 
274 
456 
432 
479 
567 
274 
482 
8 
488 
453 
332 
598 
1 
232 
458 
666 
386 
595 
666 
504 
549 
668 
581 
235 
489 
130 
666 
332 
224 
504 
610 
614 
474 
287 
459 
353 
28 
597 
631 
571 
154 
652 
33 
338 
97 
275 
610 
488 
646 
101 
36 
97 
174 
484 
502 
75 
517 
112 
112 
538 
263 
623 
448 
13 
668 
233 
443 
571 
1 
272 
523 
106 
10 
93 
346 
15 
359 
360 
403 
111 
80 
30 
521 
24 
482 
488 
130 
205 
478 
421 
62 
76 
626 
28 
266 
458 
224 
80 
200 
116 
80 
31 
590 
666 
647 
154 
482 
35 
243 
458 
432 
482 
357 
10 
431 
504 
456 
459 
484 
325 
403 
573 
97 
235 
97 
326 
71 
359 
239 
121 
456 
52 
484 
595 
610 
337 
29 
131 
246 
664 
62 
487 
371 
602 
200 
565 
311 
126 
602 
197 
663 
269 
444 
523 
200 
524 
76 
121 
263 
285 
218 
60 
370 
176 
145 
31 
582 
610 
93 
117 
443 
52 
567 
486 
624 
333 
458 
497 
331 
93 
270 
458 
458 
668 
458 
26 
247 
28 
369 
200 
62 
205 
592 
200 
482 
432 
222 
623 
151 
597 
243 
97 
523 
188 
97 
448 
195 
459 
564 
74 
502 
439 
403 
98 
506 
255 
456 
21 
243 
269 
482 
218 
619 
589 
663 
0 
108 
227 
240 
386 
41 
439 
475 
599 
592 
235 
363 
663 
177 
137 
532 
647 
432 
637 
31 
598 
467 
307 
238 
105 
439 
311 
279 
409 
483 
431 
464 
115 
114 
85 
387 
557 
459 
97 
21 
489 
449 
97 
222 
486 
3 
482 
592 
482 
74 
364 
125 
565 
370 
266 
606 
122 
104 
464 
357 
396 
652 
126 
287 
200 
386 
523 
213 
193 
498 
482 
34 
664 
146 
408 
179 
130 
131 
364 
244 
484 
464 
97 
97 
605 
565 
232 
359 
270 
240 
102 
240 
310 
465 
482 
323 
144 
458 
553 
440 
122 
239 
482 
406 
529 
484 
28 
645 
193 
326 
386 
279 
564 
344 
231 
504 
138 
595 
459 
621 
600 
115 
122 
62 
52 
597 
250 
346 
31 
244 
360 
490 
61 
431 
396 
614 
130 
539 
482 
97 
301 
160 
453 
446 
131 
453 
646 
446 
464 
668 
565 
504 
610 
623 
301 
548 
146 
512 
527 
666 
30 
458 
301 
368 
562 
205 
602 
56 
408 
458 
44 
621 
238 
111 
332 
291 
597 
635 
513 
2 
15 
124 
70 
486 
62 
333 
334 
656 
83 
474 
595 
459 
200 
386 
646 
479 
64 
158 
614 
274 
605 
209 
375 
506 
569 
528 
146 
222 
146 
482 
52 
386 
484 
597 
33 
307 
458 
279 
440 
109 
359 
491 
421 
8 
0 
333 
360 
445 
493 
623 
301 
323 
224 
597 
26 
557 
205 
637 
222 
442 
367 
480 
426 
243 
