162 21
79 37 68 45 123 61 85 49 14 78 132 50 30 102 25 19 35 63 12 106 99 
62 149 126 21 139 123 64 33 142 32 120 81 14 42 58 104 25 27 69 123 157 
94 2 2 123 160 2 111 34 67 103 27 22 85 66 149 19 111 145 48 111 131 
149 140 14 25 154 14 153 34 37 1 139 79 2 153 64 80 21 114 79 131 14 
89 42 28 79 102 96 34 106 77 19 64 93 21 37 139 8 29 21 106 68 101 
10 101 140 148 23 11 152 47 27 28 95 54 128 32 24 17 128 109 109 31 95 
79 9 136 98 86 106 63 99 5 147 135 127 95 45 57 61 128 83 42 129 25 
106 129 160 95 68 151 152 103 77 158 139 8 115 125 68 1 21 78 34 21 49 
67 21 81 49 141 45 67 25 38 95 55 30 34 20 57 66 62 27 2 161 34 
52 57 33 121 13 12 142 63 82 0 146 132 128 105 121 153 65 44 124 10 95 
26 156 32 7 17 117 46 23 70 14 62 119 85 139 82 22 142 59 148 7 57 
66 114 26 25 27 18 30 20 101 18 113 66 125 7 135 69 153 42 6 28 25 
118 21 78 49 141 46 118 25 157 95 131 16 34 20 57 66 62 149 2 161 126 
42 129 124 160 133 111 65 51 67 21 106 50 26 161 37 27 135 127 66 149 117 
133 12 121 28 2 129 99 28 144 32 160 90 10 79 40 45 14 65 150 44 108 
118 42 28 79 5 43 34 106 77 110 64 75 21 37 139 8 150 21 67 54 72 
100 8 157 116 86 129 24 135 79 68 156 65 126 44 141 55 6 2 39 37 37 
53 50 116 35 49 135 34 93 67 14 91 34 142 156 129 21 42 90 148 10 50 
152 129 79 95 66 100 2 140 118 93 68 122 141 45 66 149 41 144 47 43 60 
101 77 53 26 100 69 36 18 105 79 66 115 137 20 2 14 52 112 105 102 57 
129 155 103 145 123 21 84 131 145 68 10 90 138 27 104 1 101 143 157 66 16 
91 135 9 160 14 24 5 68 89 119 9 89 115 95 25 60 58 32 31 76 131 
129 155 91 109 108 21 101 123 145 68 10 83 111 149 92 74 84 143 40 66 99 
110 6 28 156 129 95 35 136 149 157 71 51 66 29 77 89 23 6 52 2 52 
34 46 98 31 94 137 50 16 94 98 50 45 100 111 35 95 2 14 20 27 120 
139 143 60 73 48 10 17 112 56 25 68 139 138 57 30 142 135 2 21 1 21 
137 31 35 58 89 73 14 111 63 102 88 14 103 57 84 23 69 79 106 35 53 
37 67 25 143 61 97 1 2 44 9 138 135 7 14 10 64 28 9 129 148 4 
141 128 14 58 55 149 102 135 143 146 138 141 37 93 88 48 117 137 64 35 66 
39 57 41 121 13 12 37 96 73 86 5 61 100 73 117 90 47 47 13 10 95 
128 148 40 13 86 129 33 135 28 54 156 44 34 47 38 123 134 2 13 142 37 
110 134 79 120 129 95 35 154 27 38 93 87 66 9 77 67 23 36 52 2 52 
10 97 78 148 31 104 22 65 27 79 95 54 100 76 87 91 100 109 109 137 95 
34 45 98 31 151 137 50 158 91 138 50 46 100 111 53 95 2 14 20 27 120 
156 42 110 38 126 143 46 2 153 68 110 24 28 148 131 3 152 42 79 2 40 
107 111 62 21 53 26 139 37 67 29 102 156 152 142 73 66 137 35 135 112 146 
28 127 136 98 80 106 96 99 5 59 135 150 95 117 57 61 100 122 42 129 25 
13 111 24 18 6 2 129 56 2 129 29 134 103 66 140 23 42 59 71 2 20 
108 77 0 57 9 2 37 122 116 110 21 10 114 35 77 129 55 1 6 48 25 
42 129 13 160 70 111 65 41 89 21 106 50 85 9 142 149 135 29 66 149 121 
108 77 115 57 29 2 142 90 124 58 21 10 4 35 77 129 55 1 6 48 25 
34 46 111 31 103 137 48 30 94 138 50 117 100 138 35 95 2 14 22 149 120 
112 109 18 66 128 27 60 89 88 127 42 121 96 27 143 12 98 42 134 46 114 
53 31 29 129 10 128 11 55 113 143 83 143 88 95 157 154 143 95 2 12 58 
100 53 66 41 62 145 115 159 32 109 57 54 95 21 129 113 135 88 137 143 122 
54 56 92 124 104 149 111 106 54 57 17 141 161 101 28 122 62 45 72 95 120 
54 85 11 116 104 27 138 89 68 57 91 141 161 72 28 122 143 45 72 95 156 
100 53 66 41 62 145 86 82 32 109 57 54 95 21 129 113 135 64 137 62 153 
138 58 76 86 138 135 115 2 143 135 140 109 31 49 116 138 95 54 139 36 136 
143 27 126 21 139 131 64 24 142 102 120 113 14 42 19 11 25 27 22 108 38 
98 110 5 80 111 135 115 2 143 135 78 109 137 160 39 138 95 68 139 134 75 
126 46 98 23 17 137 48 158 17 111 50 121 77 138 35 95 2 14 20 27 156 
42 129 124 1 133 111 44 33 118 21 106 50 85 29 142 149 135 161 66 27 45 
107 98 143 21 35 26 139 142 89 127 5 112 69 37 105 66 137 35 135 120 146 
157 11 77 94 4 58 60 50 17 82 139 80 47 160 41 25 150 124 7 42 120 
91 92 28 59 38 161 2 149 161 138 113 42 21 7 93 37 42 122 71 44 149 
23 31 53 110 67 73 14 138 130 5 88 14 94 57 101 31 22 28 67 53 35 
34 43 135 26 14 139 110 38 49 54 126 84 53 30 149 14 88 2 89 3 14 
3 100 53 56 100 69 36 122 159 79 66 0 137 20 2 14 39 112 82 146 57 
106 42 28 79 102 130 126 106 128 110 64 71 21 142 139 12 127 21 89 68 97 
79 127 93 138 86 89 96 158 76 4 135 127 95 45 57 11 77 122 42 129 25 
66 147 56 25 149 83 30 152 84 90 119 66 155 64 135 22 83 42 134 79 25 
135 93 83 108 117 137 151 80 19 47 115 10 14 40 152 23 109 101 61 42 125 
35 31 29 129 10 77 132 108 78 143 18 143 64 95 141 154 143 95 2 148 110 
118 129 1 95 68 103 152 103 128 16 139 12 115 155 54 160 21 119 34 21 74 
128 35 66 24 143 145 80 159 76 145 57 68 95 21 129 140 135 64 23 143 122 
73 147 158 97 44 50 129 88 88 146 45 48 118 57 66 97 108 19 45 37 44 
31 14 63 19 90 64 35 7 95 82 106 25 53 116 66 139 73 0 135 127 135 
40 104 128 91 15 58 6 48 103 105 139 86 65 160 87 25 161 39 64 42 156 
129 155 103 109 55 21 97 108 145 54 10 83 98 149 61 1 3 143 157 66 158 
102 27 87 77 135 112 42 129 10 59 53 19 156 54 92 138 143 138 88 65 139 
38 150 12 81 137 141 14 23 23 125 142 10 96 91 57 137 87 158 42 60 126 
149 113 14 25 71 14 122 34 37 49 139 28 2 83 7 86 21 147 79 55 14 
121 53 64 28 120 148 79 57 126 25 46 143 18 77 53 2 145 42 30 103 32 
62 149 34 21 139 108 88 24 37 76 156 78 14 42 110 11 25 149 20 131 141 
38 29 148 140 31 40 14 137 31 107 37 10 63 91 57 137 33 30 42 60 34 
10 72 78 8 137 61 22 44 149 28 95 54 128 76 87 151 77 145 145 137 95 
54 94 116 10 10 2 42 135 4 120 129 119 156 118 109 119 94 87 79 29 87 
43 72 15 19 77 42 41 25 149 47 3 147 99 111 125 82 7 95 83 63 6 
40 100 14 19 123 27 102 135 143 76 98 38 142 154 64 48 46 31 88 35 66 
28 37 54 121 123 132 56 160 14 78 132 50 16 5 25 110 35 43 12 67 16 
96 3 59 58 128 42 24 25 149 65 72 147 99 98 107 159 7 95 122 130 36 
117 53 7 28 156 148 79 57 126 25 46 62 90 128 35 2 109 42 99 94 76 
152 129 28 95 66 100 2 140 118 75 54 90 38 45 66 149 87 6 65 96 36 
149 140 14 25 93 14 122 34 37 74 139 79 2 18 88 80 21 15 79 108 14 
31 137 53 110 89 73 14 111 43 146 88 14 91 57 101 31 69 79 118 53 53 
28 142 68 121 108 104 26 49 14 119 92 48 99 102 25 19 53 63 148 67 158 
34 46 98 31 91 31 50 158 94 138 50 46 77 98 35 95 2 14 69 149 112 
118 129 160 95 68 151 69 91 77 16 139 8 0 155 68 49 21 119 126 21 160 
137 14 63 19 122 64 53 88 95 73 106 25 35 116 66 139 73 115 135 150 135 
20 129 79 95 66 100 2 113 106 136 54 153 141 45 66 27 33 36 65 43 144 
35 48 116 53 74 135 126 154 106 14 151 34 142 156 129 21 42 153 8 10 48 
66 4 26 25 27 90 99 152 84 153 81 66 133 64 135 69 83 42 144 79 25 
141 161 148 81 23 38 14 31 23 70 37 10 43 91 57 31 24 99 42 36 126 
35 50 124 35 1 135 126 75 89 14 94 34 142 156 129 21 42 153 12 10 50 
105 110 21 21 92 65 22 115 109 38 14 62 102 96 48 142 42 67 155 53 82 
35 137 9 129 10 77 61 131 81 143 83 143 88 95 141 136 62 95 2 12 19 
27 140 14 25 154 14 90 34 37 74 139 28 2 83 64 0 21 59 79 108 14 
154 47 95 37 139 66 44 151 129 118 49 85 13 77 44 107 98 119 135 122 149 
100 148 38 116 80 129 41 135 28 54 156 65 34 44 40 131 60 2 124 142 142 
54 151 39 10 10 2 42 135 114 120 129 113 120 118 145 113 91 87 28 161 41 
27 119 14 25 136 14 83 126 142 74 139 28 2 122 64 86 21 59 79 123 14 
10 72 119 148 31 61 69 47 27 28 95 54 77 5 87 94 128 109 145 23 95 
53 50 52 53 1 135 126 136 67 14 17 34 37 112 129 21 42 122 12 10 48 
66 114 26 25 27 90 30 22 101 122 140 66 70 7 135 20 122 42 6 28 25 
46 53 88 79 120 148 28 57 34 25 45 143 90 77 35 2 145 42 16 151 102 
23 14 43 58 83 64 35 64 95 82 118 25 35 52 66 139 73 86 135 161 135 
146 149 41 100 135 120 42 129 10 114 53 58 112 54 104 138 143 138 64 44 139 
91 92 28 15 157 29 2 27 9 98 119 42 21 88 136 37 42 18 93 47 27 
144 79 129 160 148 10 72 83 18 115 26 79 95 103 16 66 78 130 47 135 26 
72 100 35 26 128 152 6 122 159 79 66 0 31 20 2 14 39 112 73 146 57 
136 65 95 142 139 66 47 91 129 106 74 56 13 100 65 155 138 140 135 18 27 
38 66 90 90 76 79 135 1 118 58 139 22 50 37 74 91 59 126 127 79 137 
96 101 15 19 77 42 33 25 27 47 84 147 158 98 155 82 7 95 153 63 36 
67 42 79 28 5 43 34 89 100 58 7 71 21 37 139 12 150 21 89 68 3 
28 37 54 117 108 132 56 74 14 113 92 50 158 5 25 110 53 63 148 118 16 
42 129 39 49 155 138 47 33 89 21 67 48 85 150 37 149 135 127 66 149 121 
68 56 92 13 92 149 98 89 68 57 151 157 150 97 79 18 143 46 101 95 156 
137 14 96 19 83 7 53 88 95 159 118 25 35 52 66 139 105 86 135 29 135 
130 72 59 58 77 42 87 25 27 65 97 147 99 138 125 159 7 95 18 63 60 
38 66 83 90 76 28 135 49 118 19 139 69 48 142 160 94 114 126 150 79 23 
68 56 104 116 92 27 138 89 54 57 151 38 127 101 79 18 143 121 3 95 112 
69 129 79 95 66 77 2 140 89 154 68 83 141 46 66 27 24 60 44 43 6 
94 132 28 114 141 150 2 149 150 111 81 42 21 7 136 37 42 153 75 44 27 
42 129 39 74 107 111 44 33 89 21 89 50 26 161 142 149 135 150 66 27 117 
5 149 41 128 135 112 42 129 10 114 35 110 120 54 11 98 62 111 88 65 139 
156 42 19 38 126 143 121 2 153 54 19 51 28 12 123 72 22 42 28 2 38 
116 57 24 117 52 148 37 43 82 86 102 92 128 159 46 122 47 65 116 10 95 
54 151 124 10 10 2 42 135 59 112 129 81 120 89 109 140 151 24 28 150 51 
2 34 119 139 44 138 56 93 103 10 16 74 89 21 66 149 104 135 138 80 109 
35 23 29 129 10 128 92 123 140 143 18 62 7 95 40 75 62 95 2 8 19 
103 104 79 147 157 127 2 27 29 98 119 42 21 88 136 142 42 90 93 44 27 
66 147 26 25 27 153 30 20 97 83 113 66 125 88 135 152 90 42 6 79 25 
146 149 51 100 135 156 42 129 10 114 53 19 156 68 61 98 143 98 7 65 139 
28 9 154 138 0 67 96 16 102 114 135 127 95 45 57 92 77 90 42 129 25 
143 22 160 117 2 14 52 40 19 48 77 19 38 126 65 2 61 25 27 55 27 
40 150 8 140 31 40 14 23 137 125 142 10 63 91 57 23 33 30 42 6 34 
110 6 79 156 129 95 53 71 149 40 154 41 66 9 100 89 23 6 124 2 116 
71 44 95 142 139 66 47 103 129 89 1 85 13 100 44 107 138 113 135 90 149 
97 86 42 122 71 56 143 54 155 54 105 43 108 85 53 71 13 48 128 127 30 
43 3 114 19 100 42 51 25 149 44 97 147 16 138 107 159 7 95 90 43 134 
131 77 115 57 9 2 37 153 39 110 21 10 147 35 100 129 123 160 36 48 25 
39 138 24 122 36 2 129 26 2 129 161 134 94 66 78 137 42 59 71 2 22 
135 154 18 123 45 137 91 80 58 47 86 10 14 40 20 31 109 3 11 42 107 
79 150 154 138 86 106 96 16 76 59 135 29 95 46 57 11 77 83 42 129 25 
144 79 129 1 12 10 97 83 90 115 85 28 95 103 99 66 81 96 47 135 56 
10 101 113 148 137 104 22 47 149 28 95 68 128 5 41 17 100 109 145 31 95 
89 42 28 28 146 130 126 118 77 19 7 136 21 142 139 8 29 21 67 68 3 
67 21 119 160 157 121 106 25 141 95 108 16 34 69 57 66 62 27 2 29 126 
37 89 25 143 11 84 1 2 65 150 111 135 64 14 10 64 28 161 129 148 4 
13 57 87 121 13 12 37 43 159 86 76 132 128 82 45 18 65 47 39 10 95 
53 48 13 53 160 135 126 154 67 14 151 126 37 156 129 21 42 90 148 10 50 
129 133 17 145 108 21 101 108 145 54 10 153 111 149 11 160 72 62 38 66 158 
22 129 79 95 66 100 2 119 89 93 68 83 40 117 66 27 33 6 65 43 134 
157 29 148 113 31 157 14 23 31 70 142 10 130 91 57 137 51 158 42 134 34 
102 27 33 77 135 156 42 129 10 4 35 19 112 68 132 111 62 138 64 65 139 
40 66 18 83 76 28 135 1 118 19 139 22 50 142 74 17 114 126 161 28 23 
123 128 115 57 9 2 37 122 39 58 21 10 15 53 128 129 108 1 60 50 25 
100 12 38 13 115 129 51 135 28 54 112 47 126 47 40 108 134 2 116 142 37 
46 35 64 28 112 148 28 57 126 25 45 62 153 77 35 2 109 42 30 151 32 
143 149 126 21 139 131 88 33 37 146 112 119 14 42 110 104 25 27 22 55 157 
124 57 51 121 124 148 37 43 82 0 146 61 128 73 46 83 44 47 39 10 95 
