358 1
46 
183 
15 
83 
333 
88 
88 
183 
260 
139 
91 
180 
43 
88 
47 
113 
248 
175 
147 
321 
135 
111 
260 
63 
182 
13 
96 
113 
25 
109 
181 
83 
280 
28 
180 
163 
39 
157 
309 
63 
336 
168 
334 
318 
142 
342 
192 
197 
150 
186 
51 
197 
175 
183 
198 
86 
164 
248 
243 
66 
307 
91 
251 
108 
249 
247 
229 
346 
39 
240 
281 
234 
13 
17 
252 
73 
330 
28 
280 
97 
53 
43 
344 
280 
67 
293 
294 
207 
346 
107 
34 
51 
53 
163 
143 
336 
326 
43 
308 
51 
308 
75 
158 
184 
311 
284 
23 
248 
73 
325 
121 
113 
184 
120 
17 
128 
78 
254 
88 
317 
88 
53 
143 
200 
138 
66 
267 
317 
258 
175 
34 
142 
298 
184 
352 
53 
302 
120 
139 
277 
115 
198 
61 
298 
219 
162 
185 
162 
311 
63 
271 
54 
109 
103 
308 
282 
267 
330 
96 
314 
22 
198 
326 
49 
73 
201 
175 
173 
337 
252 
175 
132 
93 
57 
252 
350 
63 
73 
323 
40 
346 
209 
156 
336 
325 
113 
56 
33 
102 
306 
323 
249 
282 
34 
38 
18 
282 
96 
80 
115 
201 
79 
240 
240 
157 
115 
170 
82 
280 
98 
323 
128 
301 
168 
334 
91 
109 
291 
143 
320 
249 
40 
38 
6 
336 
181 
271 
83 
40 
128 
63 
347 
201 
43 
287 
197 
259 
217 
258 
53 
331 
281 
47 
110 
224 
33 
47 
259 
335 
124 
121 
123 
197 
201 
238 
310 
97 
28 
325 
310 
253 
78 
15 
182 
183 
298 
169 
75 
102 
47 
169 
69 
292 
107 
265 
53 
258 
336 
307 
345 
327 
34 
78 
43 
10 
283 
307 
87 
249 
143 
347 
83 
88 
336 
28 
243 
323 
260 
203 
169 
18 
145 
328 
307 
253 
241 
201 
291 
252 
280 
325 
126 
301 
166 
63 
245 
162 
272 
34 
241 
142 
163 
78 
353 
43 
39 
142 
91 
121 
175 
142 
82 
43 
316 
109 
241 
256 
328 
328 
95 
275 
248 
208 
336 
252 
128 
336 
316 
35 
169 
135 
6 
275 
184 
83 
283 
170 
93 
