66 12
48 32 39 29 23 50 35 63 38 32 64 54 
34 16 39 35 17 26 1 59 65 56 58 10 
3 10 45 18 45 31 22 58 1 39 41 56 
28 53 50 51 16 65 6 20 24 14 52 17 
20 33 45 35 18 43 3 53 51 38 27 28 
47 10 58 2 57 38 8 56 35 43 19 34 
48 32 39 40 54 50 49 46 2 32 64 54 
50 19 54 24 18 44 30 40 4 18 2 28 
56 41 32 52 40 11 30 56 21 45 54 42 
36 16 50 25 7 50 1 60 54 39 25 45 
39 10 18 64 63 31 8 39 42 12 12 2 
9 55 32 48 0 32 18 61 45 10 18 60 
31 24 36 34 64 38 42 58 8 20 29 8 
31 1 60 65 57 2 42 58 8 20 40 8 
25 55 32 48 6 32 18 51 45 10 18 36 
31 27 55 25 56 51 57 6 32 44 21 36 
56 4 37 24 49 59 31 13 3 40 32 31 
60 12 5 39 0 53 17 37 45 18 33 38 
52 5 38 15 18 55 28 33 24 4 42 38 
10 48 41 34 10 34 15 16 9 28 24 32 
26 27 37 31 25 31 24 45 41 42 42 53 
8 54 45 51 50 17 12 50 10 18 32 53 
28 53 50 61 16 34 0 59 1 14 7 17 
5 2 3 57 31 38 42 28 24 16 64 56 
34 16 39 35 17 26 24 20 34 56 58 10 
60 16 45 9 7 45 24 60 54 39 9 50 
55 35 29 37 11 22 26 26 8 58 47 8 
14 20 10 48 61 8 22 2 65 15 62 17 
2 4 58 23 28 38 18 0 40 26 43 50 
55 37 17 37 57 14 19 11 15 17 37 41 
38 4 58 23 30 2 18 6 29 26 43 45 
42 56 21 51 26 25 44 49 64 17 17 5 
53 10 58 13 31 2 11 16 29 53 15 55 
62 41 35 13 43 33 56 49 52 10 26 15 
39 43 48 8 29 46 15 22 41 65 3 18 
40 61 58 18 17 27 21 5 2 21 35 34 
8 53 54 28 39 5 23 39 55 53 45 6 
31 46 16 13 38 8 43 37 11 25 43 17 
22 10 45 18 50 31 3 58 1 39 41 56 
30 4 32 38 5 17 26 20 39 41 56 18 
55 37 17 37 64 14 42 14 15 17 37 41 
33 18 39 38 22 30 18 35 18 18 4 36 
10 48 41 65 10 34 15 16 9 28 24 32 
10 5 46 12 45 1 59 37 44 36 36 64 
62 41 49 13 43 33 56 35 52 10 26 15 
7 1 9 55 13 34 35 18 27 56 15 1 
40 32 57 21 43 55 58 27 6 32 3 23 
2 31 46 20 26 62 25 35 37 17 51 10 
59 44 45 35 18 43 3 53 61 2 27 30 
40 51 58 18 17 27 21 5 38 21 35 65 
7 24 25 55 12 65 49 18 27 56 15 1 
43 41 58 55 18 44 60 39 47 56 22 2 
50 42 54 24 18 33 30 40 48 18 38 28 
18 16 26 1 0 55 42 37 32 31 16 37 
5 2 22 64 31 38 19 28 1 16 57 56 
46 16 64 55 18 36 21 5 57 15 7 27 
5 54 31 15 5 37 25 9 7 57 20 23 
18 50 44 54 43 17 41 64 35 8 10 18 
36 51 18 55 37 57 2 29 41 37 31 54 
26 27 37 31 25 31 1 45 41 42 19 53 
8 53 54 30 39 5 23 39 55 53 45 0 
43 41 58 55 18 44 60 39 47 56 22 2 
38 31 46 59 26 47 9 35 37 17 61 10 
40 32 64 21 43 55 58 27 6 32 22 23 
18 50 44 54 43 17 41 64 35 8 10 18 
39 43 48 8 40 46 15 3 41 65 22 18 
