84 11
29 0 81 51 7 34 2 8 56 31 26 
63 71 5 39 32 39 64 27 0 45 64 
23 0 41 64 11 81 60 81 3 0 31 
39 76 44 76 56 22 42 18 29 36 71 
71 76 76 36 29 71 70 53 0 18 4 
67 43 23 27 64 19 64 23 23 62 15 
72 6 56 60 4 58 0 12 78 62 25 
23 0 55 64 50 49 38 49 17 0 13 
56 22 0 80 5 39 52 5 39 65 78 
10 9 56 15 4 2 0 12 82 17 61 
71 23 52 76 31 64 72 50 76 75 43 
24 50 4 64 82 76 23 56 52 0 77 
71 39 39 36 29 71 70 78 0 31 29 
30 18 39 74 0 29 16 15 29 17 0 
83 67 23 21 64 14 64 23 23 62 69 
37 64 39 72 5 76 60 29 74 71 21 
71 23 52 39 31 64 72 79 39 37 83 
39 39 75 39 4 22 61 13 56 2 71 
30 18 76 70 0 56 10 15 12 62 0 
61 68 23 21 64 81 64 23 23 17 59 
16 20 4 59 12 36 0 4 48 28 67 
34 58 77 14 40 34 47 64 6 16 3 
6 50 56 64 78 39 23 56 53 0 40 
0 76 49 61 4 54 7 60 31 28 47 
10 24 29 59 4 7 0 29 78 62 67 
79 52 3 5 13 35 39 74 47 0 19 
43 61 23 21 64 14 64 23 23 17 46 
32 2 77 49 40 34 34 64 20 16 62 
39 39 54 76 56 11 43 31 29 7 71 
71 76 76 57 12 71 40 53 0 13 4 
71 23 82 39 31 64 10 22 39 75 67 
16 18 39 40 0 12 16 46 56 28 0 
45 71 28 26 0 20 10 77 71 4 21 
29 22 0 31 5 76 78 5 76 65 48 
45 71 28 49 0 9 72 74 71 4 55 
56 11 0 31 14 76 52 5 76 65 53 
23 0 55 64 11 49 46 19 17 0 31 
9 71 19 76 34 76 64 55 0 35 64 
65 64 39 16 49 39 69 12 40 71 21 
60 38 26 30 42 4 67 39 39 8 6 
34 68 16 31 29 30 61 2 48 27 71 
47 2 40 49 70 34 34 64 6 72 62 
79 82 62 49 80 35 39 74 34 0 14 
22 48 28 26 80 33 76 77 32 0 14 
63 71 49 76 47 39 64 55 0 45 64 
56 50 0 80 49 39 82 26 76 75 52 
65 64 39 16 81 39 60 56 70 71 73 
8 71 28 19 0 9 72 74 71 4 73 
47 3 80 4 78 3 64 57 9 54 71 
61 61 23 73 64 81 64 23 23 3 46 
6 79 4 64 78 76 23 56 52 0 77 
75 64 39 72 26 39 60 29 74 71 27 
32 62 80 29 53 3 64 66 20 1 71 
47 28 80 12 48 62 64 36 63 75 71 
9 71 26 39 47 76 64 27 0 45 64 
34 2 74 81 74 32 34 64 9 10 3 
71 39 76 36 29 71 77 52 0 31 4 
23 0 21 64 11 5 60 81 3 0 18 
23 0 73 64 22 5 69 26 3 0 18 
65 64 76 30 14 76 38 4 70 71 41 
65 64 39 72 14 39 15 29 74 71 73 
50 82 28 26 18 35 76 77 32 0 5 
39 76 54 76 56 50 42 13 4 36 71 
16 9 56 38 4 57 0 56 52 3 83 
14 20 0 25 62 71 53 64 4 71 62 
9 71 49 39 32 76 64 21 0 33 64 
23 0 73 64 50 49 51 81 17 0 18 
79 53 28 5 80 8 39 74 47 0 19 
50 52 17 5 31 8 76 70 32 0 19 
54 64 39 30 49 39 59 12 40 71 55 
34 43 72 18 29 10 83 7 48 27 71 
73 82 6 7 76 31 70 50 23 77 75 
71 23 82 76 31 64 10 22 39 65 68 
32 66 40 49 77 32 32 64 63 30 28 
34 42 10 31 29 10 68 58 53 41 71 
20 71 81 39 32 76 64 73 0 35 64 
69 60 14 30 61 4 67 39 39 8 9 
47 25 72 80 29 10 67 36 78 73 71 
47 17 31 12 53 3 64 57 63 54 71 
20 79 56 64 53 76 23 12 78 0 40 
30 13 39 74 0 4 16 38 4 28 0 
68 67 23 55 64 26 64 23 23 17 59 
32 17 80 4 78 3 64 7 20 44 71 
50 48 28 14 80 33 76 70 47 0 81 
