171 19
101 72 19 145 162 124 97 28 149 84 103 60 148 117 159 147 34 168 54 
156 58 18 129 158 148 59 157 162 60 23 105 102 52 157 63 2 28 46 
61 27 23 104 170 11 97 111 23 131 5 97 157 113 57 56 145 91 119 
70 34 48 132 47 157 10 163 11 115 15 34 22 114 110 38 7 23 125 
159 14 50 45 112 37 32 159 2 66 148 163 5 91 25 13 28 56 99 
156 28 34 48 34 2 11 121 48 93 63 123 60 62 52 156 89 159 141 
129 59 33 34 129 4 60 125 92 111 23 115 34 29 65 142 38 125 48 
159 97 74 89 95 78 55 159 159 78 89 18 143 168 103 123 28 77 102 
125 34 48 73 93 48 10 18 44 1 127 34 38 11 116 59 19 23 137 
48 155 101 28 67 49 162 14 7 165 21 47 21 28 11 28 34 69 89 
13 28 34 48 34 159 11 63 48 162 142 91 60 19 50 13 89 2 141 
77 23 28 46 68 160 157 63 34 32 112 28 23 23 0 152 24 2 16 
53 34 48 73 107 157 5 102 11 154 15 34 22 114 136 141 4 23 125 
157 21 101 28 130 49 93 14 149 67 90 170 98 28 11 28 34 132 29 
69 105 3 144 3 93 146 127 5 2 64 1 34 95 102 15 10 31 97 
22 2 170 129 63 83 28 10 28 30 7 32 150 129 53 165 11 40 146 
60 30 136 101 136 28 152 9 11 134 116 140 17 23 31 18 36 105 66 
23 169 123 97 88 23 48 24 127 146 30 162 23 58 79 23 50 114 2 
97 133 66 33 2 138 159 102 112 63 40 28 70 106 69 101 146 82 30 
2 84 17 89 112 78 109 159 2 120 129 99 138 91 0 91 28 21 163 
131 160 152 134 28 110 148 44 115 0 23 84 23 170 17 33 52 18 138 
63 166 46 101 116 28 95 9 44 152 136 131 52 23 101 76 36 111 167 
57 96 28 99 18 24 18 144 102 33 48 26 71 82 29 28 60 129 60 
83 159 133 125 29 23 170 26 34 68 142 48 120 23 83 94 18 32 69 
114 155 36 82 8 99 84 24 167 21 96 93 120 64 48 42 15 117 168 
127 140 7 79 162 124 97 28 4 97 87 121 29 117 2 122 34 168 6 
40 168 39 36 1 125 44 102 77 54 80 44 67 63 101 104 102 28 15 
60 16 156 91 14 165 23 34 77 64 63 37 124 36 115 34 0 9 34 
79 2 156 152 19 89 55 24 17 158 149 138 45 87 34 25 48 63 102 
114 155 71 26 8 99 57 148 1 106 35 47 66 64 48 62 31 3 13 
11 155 126 122 35 76 14 30 78 49 12 162 154 70 157 19 31 81 91 
43 159 162 166 63 134 28 143 28 30 4 54 15 148 53 82 44 3 109 
89 135 33 34 89 86 121 70 92 25 23 66 34 29 143 60 153 137 48 
126 164 153 32 35 137 105 42 33 156 117 47 162 43 80 68 66 44 34 
146 99 154 8 162 154 13 163 153 28 148 14 169 157 155 48 164 163 65 
64 34 157 72 47 157 164 18 11 115 101 34 141 11 110 169 19 23 70 
64 35 71 130 34 2 138 119 141 73 156 109 167 2 71 138 34 127 103 
91 58 99 24 143 30 38 48 107 60 23 133 76 17 48 60 159 28 136 
124 8 28 18 18 45 99 42 102 85 48 88 36 67 166 28 60 148 63 
41 24 3 23 56 34 41 23 83 141 105 37 100 101 91 61 44 110 44 
70 34 157 72 162 48 5 163 11 154 15 34 153 44 110 135 86 23 85 
60 148 110 150 36 28 152 156 114 134 46 72 50 23 15 18 136 25 167 
159 14 17 30 134 66 55 159 2 154 29 163 10 9 111 156 28 41 76 
14 81 28 18 102 129 102 61 99 85 48 147 126 82 45 28 60 24 63 
106 23 28 71 54 72 157 63 34 55 104 28 23 23 0 104 45 2 16 
44 49 136 67 81 163 97 89 1 77 40 162 78 64 48 19 31 51 123 
64 40 126 147 34 2 138 119 153 131 123 139 120 2 36 158 34 127 133 
44 15 11 73 99 149 44 60 147 13 170 123 91 32 83 48 34 48 54 
33 52 164 109 50 62 167 76 63 72 115 170 60 11 34 94 113 9 134 
63 166 110 31 46 28 112 156 44 83 136 69 52 23 15 102 136 87 37 
23 59 123 124 122 23 48 45 127 6 166 47 23 153 75 23 74 114 2 
85 34 48 80 93 157 65 18 114 37 101 34 43 11 110 135 62 23 70 
23 59 9 124 147 23 157 45 15 146 166 170 23 59 113 23 74 44 159 
36 164 59 139 8 53 111 86 70 13 12 170 93 135 132 6 37 114 34 
89 59 137 34 129 4 121 125 161 133 23 167 34 24 158 63 169 70 48 
29 58 64 34 166 19 142 85 79 105 23 115 34 29 119 63 153 64 48 
63 166 110 31 126 28 95 9 11 95 36 160 74 23 127 18 110 87 115 
69 133 81 42 12 162 54 150 164 159 53 120 34 112 163 101 164 15 84 
84 51 28 76 163 129 163 144 102 53 157 26 126 82 24 28 63 148 63 
124 3 28 18 76 45 76 62 18 125 157 67 110 130 30 28 63 129 63 
164 112 105 22 127 31 71 101 60 34 38 63 92 9 141 141 146 40 32 
159 14 74 45 83 120 109 159 2 78 148 163 143 91 105 9 28 41 163 
159 14 52 29 134 154 32 159 2 66 45 99 119 9 111 9 28 16 102 
119 83 103 38 150 31 46 15 142 34 38 63 20 91 38 169 146 3 146 
36 5 58 32 81 137 133 144 53 91 81 47 107 59 69 139 66 114 34 
156 28 34 48 34 2 114 142 48 162 121 156 60 4 17 123 89 2 169 
9 38 76 89 119 89 58 157 170 63 23 105 76 52 157 63 2 28 110 
3 91 104 36 115 137 11 102 21 139 132 114 130 142 15 95 99 28 31 
45 22 85 34 129 62 60 85 100 111 23 115 34 89 138 63 58 137 48 
63 98 123 13 57 122 23 34 41 125 60 37 124 136 115 34 25 91 34 
36 10 38 54 35 125 105 62 53 9 3 107 107 22 131 139 66 44 34 
85 51 136 147 34 2 138 158 135 80 156 146 115 159 126 5 34 127 0 
121 90 156 9 97 147 23 34 16 85 63 78 14 110 66 34 111 9 34 
121 49 168 13 97 82 23 34 90 137 121 37 84 71 1 34 25 156 34 
23 22 156 57 88 23 157 45 31 6 129 170 23 58 113 23 52 114 2 
131 72 104 112 28 36 45 44 66 105 23 14 23 93 52 53 74 76 143 
97 133 78 137 2 119 159 102 152 142 8 28 137 98 27 101 6 130 148 
142 45 36 150 116 28 152 123 114 134 126 72 50 23 127 18 110 133 167 
91 141 163 30 65 29 22 48 47 142 23 0 163 17 48 142 2 28 116 
160 140 95 134 28 46 166 44 115 133 23 84 23 162 17 137 74 163 5 
63 90 9 91 57 130 23 34 16 85 121 66 84 136 1 34 105 123 34 
85 34 157 69 162 157 143 102 114 1 31 34 153 11 116 58 61 23 70 
40 91 112 136 66 53 11 18 77 6 27 114 122 142 150 112 99 28 15 
90 30 40 23 90 34 155 23 134 58 25 154 145 127 13 61 114 136 114 
27 111 51 149 117 170 55 127 164 2 70 115 34 39 76 101 164 101 14 
110 143 22 139 117 85 103 42 85 168 40 47 93 59 72 139 78 11 34 
159 14 50 89 152 115 32 2 2 78 129 99 164 168 25 91 28 41 76 
15 27 62 151 107 97 84 28 149 57 25 60 148 117 2 67 34 91 54 
118 13 83 110 167 70 11 99 56 68 72 11 82 142 150 83 163 28 127 
114 98 116 147 3 163 57 89 120 16 96 47 154 125 157 149 127 3 123 
121 89 46 15 110 28 134 123 44 152 71 131 17 23 15 76 46 105 1 
157 41 150 28 82 49 93 84 144 122 90 170 90 28 114 28 34 69 148 
69 160 134 152 28 36 166 44 66 133 23 14 23 93 74 137 50 99 138 
114 15 44 132 163 144 11 142 88 91 107 156 9 32 95 157 34 157 55 
121 90 9 168 57 82 23 34 21 137 121 37 97 136 1 34 133 168 34 
16 45 117 23 106 34 49 23 134 58 0 154 92 31 168 42 44 110 114 
64 34 157 73 162 157 143 18 11 167 150 34 141 11 71 153 86 23 53 
73 105 118 86 51 162 128 101 65 2 137 154 34 112 76 150 119 31 84 
63 45 71 150 126 28 83 9 114 152 136 73 74 23 150 163 36 0 154 
14 133 120 125 2 10 2 18 83 121 8 28 125 21 27 15 139 130 45 
27 140 112 104 28 71 89 114 120 103 23 124 23 47 17 33 17 76 5 
135 159 107 29 60 152 28 158 28 166 62 109 15 148 70 26 114 8 109 
124 105 115 125 2 5 2 18 152 60 118 28 85 106 27 101 54 165 29 
127 27 86 108 107 124 84 28 4 124 111 121 30 96 2 88 34 91 146 
56 45 3 23 98 34 16 23 39 141 133 115 100 127 91 86 11 116 11 
150 131 144 113 170 124 14 28 19 124 133 60 148 12 2 147 34 156 128 
63 29 46 101 136 28 39 91 44 134 116 140 17 23 101 76 136 111 37 
114 31 114 80 76 4 44 121 130 123 47 123 13 109 95 48 34 157 54 
69 72 112 152 28 36 148 11 78 25 23 57 23 93 74 70 17 18 10 
89 141 53 34 30 144 121 64 79 87 23 115 34 45 164 63 22 70 48 
137 118 36 165 34 159 164 119 135 160 156 128 154 2 116 164 34 101 103 
15 80 4 75 47 97 57 28 144 97 111 60 24 8 159 130 34 123 55 
41 45 117 23 155 34 41 23 134 38 133 120 92 31 91 7 44 46 44 
73 140 83 152 28 110 24 114 66 105 23 97 23 47 50 33 52 99 10 
21 23 28 110 54 73 48 121 34 55 134 28 23 23 0 83 129 2 90 
156 38 99 166 158 24 141 48 47 63 23 87 18 52 157 121 159 28 46 
33 8 110 165 34 159 138 158 169 69 123 32 115 2 126 158 34 127 0 
33 34 48 73 47 157 138 102 11 115 31 34 135 11 36 169 61 23 70 
85 34 157 131 170 48 158 102 11 167 101 34 169 11 136 38 61 23 125 
9 28 34 157 34 159 11 142 157 170 121 13 142 7 52 13 89 159 141 
123 141 163 24 158 30 38 48 93 60 23 87 102 17 48 60 2 28 71 
65 83 111 135 31 101 126 15 63 34 22 121 20 123 141 43 139 12 146 
40 13 83 136 1 64 44 76 49 128 80 114 88 63 101 83 76 28 15 
157 56 31 28 26 56 107 124 7 82 41 170 21 28 114 28 34 132 129 
73 133 40 86 8 162 54 31 119 159 33 1 34 95 76 150 5 150 84 
136 10 59 128 117 85 25 86 64 13 118 107 170 153 69 139 66 44 34 
64 8 136 82 34 159 143 65 43 80 156 6 78 159 46 65 34 15 103 
153 159 107 148 121 104 28 119 28 89 19 128 150 30 53 165 11 51 68 
89 153 125 34 166 62 121 125 92 133 23 167 34 45 65 142 43 125 48 
114 106 110 82 40 18 57 30 78 21 40 93 37 125 48 86 101 118 9 
8 13 83 71 1 53 114 76 77 109 80 11 82 121 31 152 102 28 150 
60 106 13 168 84 122 23 34 16 33 60 66 97 116 78 34 133 9 34 
142 49 91 91 97 67 23 34 16 70 63 167 14 110 167 34 25 91 34 
101 94 42 108 47 124 84 28 42 14 103 142 89 3 159 82 34 13 32 
106 29 3 23 49 34 56 23 134 38 133 37 108 150 13 7 11 136 44 
97 3 28 163 99 30 76 149 18 64 157 130 46 122 30 28 121 129 121 
33 8 136 147 34 2 10 65 135 80 13 139 37 2 126 119 34 15 133 
110 65 43 6 40 53 111 42 64 156 51 47 107 59 80 68 37 11 34 
123 28 34 157 34 2 114 121 157 162 121 123 121 61 17 168 45 2 153 
89 59 137 34 148 144 60 53 75 133 23 115 34 45 138 142 59 53 48 
63 77 156 156 14 147 23 34 56 70 142 66 97 36 1 34 133 13 34 
124 8 28 102 18 24 99 149 99 125 157 122 136 122 148 28 60 45 121 
158 112 133 153 31 15 116 150 142 34 141 63 92 91 169 38 55 51 68 
156 28 34 48 34 2 44 121 48 93 60 156 121 42 52 9 24 2 141 
2 14 50 89 104 1 54 159 2 120 166 76 10 91 0 168 28 21 99 
72 69 152 39 28 126 166 114 120 25 23 84 23 47 50 33 74 163 5 
148 22 137 34 148 61 142 70 20 0 23 120 34 24 138 142 153 64 48 
117 168 83 136 167 70 11 99 106 109 140 114 165 63 127 39 102 28 127 
11 41 126 26 118 99 14 24 167 77 51 170 115 125 157 4 31 81 91 
159 124 17 29 134 167 32 159 2 120 29 99 143 156 87 156 28 98 163 
141 2 93 45 63 83 28 164 28 45 149 55 31 45 137 165 44 117 109 
132 80 95 112 28 36 129 11 78 0 23 14 23 47 50 85 17 18 143 
16 30 96 23 77 34 56 23 104 135 103 167 108 31 9 62 114 71 44 
57 96 28 76 163 166 76 86 163 70 48 122 126 147 89 28 60 29 60 
156 58 76 129 158 30 43 157 170 60 23 87 163 50 157 121 159 28 36 
63 89 46 31 110 28 83 168 11 134 116 73 50 23 101 99 110 105 78 
48 41 150 28 82 16 107 124 19 26 21 170 106 28 11 28 34 69 166 
85 50 65 68 52 61 1 99 121 160 120 107 63 44 34 140 113 91 152 
123 28 34 157 34 159 11 60 157 107 63 123 63 61 50 91 45 2 43 
86 80 23 112 162 114 57 103 23 27 119 57 48 145 84 90 79 168 5 
60 56 123 91 124 147 23 34 106 33 142 120 84 116 154 34 133 123 34 
80 80 152 134 28 136 45 11 37 105 23 124 23 170 74 85 52 163 10 
44 150 44 27 163 7 114 142 130 13 47 168 13 146 104 157 34 48 54 
84 105 78 64 159 138 2 99 104 60 40 28 85 41 132 127 32 147 45 
168 28 34 157 34 2 11 121 48 93 121 156 121 86 50 91 45 159 169 
118 123 112 36 154 33 44 18 16 68 160 11 82 63 15 39 18 28 31 
44 77 46 147 117 163 57 29 1 77 81 170 1 53 157 42 15 118 168 
168 38 99 89 5 89 43 48 107 63 23 25 18 50 48 121 159 28 110 
48 155 15 28 165 98 162 97 149 88 21 162 49 28 114 28 34 69 29 
57 40 28 102 163 166 102 149 102 85 48 130 36 88 89 28 60 129 63 
44 101 114 73 76 7 114 63 88 9 107 156 91 54 134 48 34 157 139 
