148 1
8 
66 
26 
37 
5 
4 
58 
95 
119 
40 
104 
15 
142 
6 
82 
37 
77 
79 
67 
5 
81 
74 
121 
114 
13 
11 
113 
89 
4 
67 
33 
77 
14 
83 
126 
93 
9 
28 
27 
123 
124 
102 
92 
102 
111 
135 
143 
44 
56 
6 
140 
89 
114 
139 
27 
101 
36 
120 
64 
1 
146 
13 
6 
3 
25 
135 
53 
50 
32 
0 
147 
2 
140 
54 
48 
119 
49 
15 
83 
99 
31 
132 
31 
45 
53 
133 
80 
2 
131 
95 
110 
122 
21 
122 
28 
96 
138 
94 
74 
38 
66 
95 
131 
126 
120 
103 
132 
88 
110 
124 
69 
119 
54 
131 
16 
5 
14 
67 
146 
84 
65 
102 
28 
58 
78 
116 
130 
25 
106 
92 
107 
31 
46 
34 
9 
11 
40 
31 
101 
116 
75 
94 
41 
68 
140 
140 
29 
53 
