153 12
145 38 74 55 106 55 80 136 49 145 129 102 
57 87 145 126 140 56 102 28 91 92 91 101 
44 144 85 39 16 57 44 31 91 131 26 102 
51 83 1 115 4 14 70 8 36 135 72 19 
53 97 96 79 131 33 147 152 125 69 67 67 
54 40 19 105 121 67 97 39 77 56 23 75 
107 128 145 38 109 39 102 116 91 51 59 48 
11 149 105 33 71 21 66 119 131 80 127 57 
94 69 115 5 148 130 67 132 76 19 21 109 
146 34 69 98 93 139 110 70 70 139 117 65 
149 141 101 141 74 7 48 35 43 57 99 125 
143 18 79 131 136 7 30 79 84 93 136 14 
94 130 17 35 142 96 70 145 91 122 26 19 
133 4 104 114 152 4 18 10 113 55 112 137 
37 69 69 47 46 118 36 150 77 100 92 67 
145 94 69 117 85 137 7 147 29 26 71 116 
31 70 131 117 17 26 92 147 137 127 71 134 
74 54 102 89 3 67 81 35 49 6 146 16 
5 122 122 90 46 140 66 111 93 42 7 67 
87 70 28 104 38 31 127 56 134 145 13 95 
71 95 79 122 94 51 134 120 84 49 136 100 
112 75 33 60 19 112 19 66 143 0 40 31 
112 75 49 125 19 143 102 66 112 0 113 145 
53 90 107 42 69 77 54 126 117 69 67 67 
83 64 84 3 40 92 101 39 114 39 132 117 
94 144 72 96 45 39 136 145 91 122 137 102 
81 54 112 42 19 104 0 121 67 7 133 100 
104 130 5 56 75 107 44 145 91 131 137 102 
19 149 45 36 4 19 40 8 51 80 107 107 
97 113 112 79 19 136 91 121 67 51 83 95 
102 133 41 53 23 19 148 109 51 55 107 6 
55 42 44 7 143 87 129 127 31 55 0 0 
143 16 49 125 102 112 102 58 71 59 147 31 
133 29 65 145 2 37 38 3 136 91 0 9 
24 146 94 43 126 4 120 24 113 80 112 29 
6 11 31 126 109 6 102 28 91 7 59 84 
33 19 26 28 152 49 4 80 51 13 9 107 
113 147 102 76 3 67 76 56 93 96 4 138 
146 119 131 37 93 139 109 136 70 115 129 141 
6 20 31 38 103 57 102 116 0 51 0 20 
130 121 144 4 37 53 122 136 89 20 88 102 
31 70 131 125 130 26 51 113 106 29 71 111 
98 131 131 123 68 118 36 28 93 14 7 67 
44 130 17 1 75 39 94 31 91 69 26 102 
91 13 34 12 36 89 45 121 43 115 67 132 
145 136 69 117 85 127 51 148 26 106 112 134 
112 138 33 60 19 112 19 66 71 91 147 145 
140 102 152 65 101 51 116 71 65 96 76 149 
143 95 120 69 94 92 30 79 128 33 94 100 
24 127 64 31 50 85 86 65 104 0 0 38 
104 37 5 56 75 56 136 31 0 69 29 19 
20 10 90 49 112 52 36 115 122 80 26 35 
71 41 93 117 102 112 102 53 143 59 40 31 
49 102 26 28 126 77 146 55 7 34 38 35 
144 64 17 23 85 53 131 104 47 48 114 19 
55 123 4 51 127 138 26 15 113 146 125 58 
96 101 31 38 118 96 102 28 91 51 0 11 
35 20 145 152 140 6 102 150 91 7 91 20 
77 19 137 30 38 33 4 80 92 73 108 39 
31 9 148 80 137 55 55 70 33 31 125 102 
76 66 141 8 37 141 96 137 2 143 44 102 
83 23 136 2 152 23 100 124 74 55 143 137 
112 45 77 129 19 71 19 53 143 91 40 31 
112 16 33 117 19 71 102 58 71 91 74 31 
92 133 107 119 4 14 70 118 66 135 85 102 
51 124 6 115 23 18 136 140 36 135 144 102 
33 102 29 134 108 77 4 80 7 135 108 39 
55 113 67 19 98 146 19 44 52 143 46 144 
112 82 77 60 19 143 102 66 112 0 148 145 
10 137 61 37 58 44 110 141 106 152 24 142 
0 73 119 114 66 97 138 3 50 61 67 118 
0 27 136 67 31 102 59 122 55 93 126 76 
148 113 19 81 3 67 90 96 93 1 146 138 
10 23 94 114 86 4 95 10 113 55 71 106 
37 141 144 4 72 66 122 44 47 128 50 19 
31 44 122 129 144 29 7 40 26 106 143 116 
8 19 152 3 48 92 111 112 65 96 81 10 
133 127 121 145 2 37 108 65 70 59 91 152 
71 41 93 125 102 71 102 53 143 91 113 31 
17 69 69 76 68 132 66 150 33 79 7 67 
55 105 146 7 137 75 127 138 148 146 60 66 
110 19 86 65 48 92 150 71 121 107 47 149 
31 44 69 117 37 26 92 74 29 137 143 134 
124 3 128 141 147 51 101 35 43 35 132 125 
71 42 100 122 136 92 111 14 20 93 136 120 
40 147 102 89 141 67 105 56 93 39 4 41 
146 139 69 72 49 34 140 104 104 13 129 121 
112 42 14 69 136 7 30 100 87 33 94 95 
44 130 5 57 15 96 104 31 59 69 29 102 
103 102 38 64 48 92 134 71 141 6 47 24 
110 19 86 121 101 92 150 143 64 107 89 133 
145 108 147 55 29 55 55 94 77 31 129 19 
11 83 123 93 71 46 66 73 69 80 29 107 
124 29 64 145 2 130 9 141 94 91 91 86 
91 139 61 2 58 47 16 64 25 61 67 140 
98 122 122 81 21 8 66 134 93 42 92 67 
96 84 145 126 99 39 102 150 59 51 0 48 
110 102 126 64 101 51 30 143 65 35 81 133 
74 40 19 76 121 67 105 35 77 56 146 142 
104 122 73 144 147 98 67 132 76 19 32 110 
85 122 122 89 21 109 66 28 33 42 92 67 
143 18 100 131 44 92 111 120 128 33 136 18 
20 94 150 136 108 31 29 107 111 145 73 14 
44 69 34 37 113 17 67 110 97 19 46 99 
59 13 119 114 36 89 138 141 50 13 67 110 
103 19 108 121 101 7 116 71 3 39 89 10 
123 40 71 120 19 44 59 3 67 51 10 79 
57 87 145 86 140 1 102 30 0 7 59 101 
4 61 131 37 33 61 132 104 136 34 129 65 
70 131 13 5 147 85 67 118 123 19 68 109 
70 122 119 37 113 98 67 110 90 19 46 8 
19 133 15 53 23 19 147 103 51 80 35 35 
0 114 44 67 145 102 91 131 80 77 9 123 
17 141 37 4 17 58 131 44 123 11 114 102 
136 130 5 39 16 107 70 31 59 131 29 19 
83 4 94 12 38 4 79 124 147 80 71 106 
102 83 138 36 146 19 54 118 51 55 56 96 
123 58 65 110 5 65 35 137 43 71 136 19 
70 69 135 37 74 130 67 8 123 19 22 99 
83 4 94 43 86 4 14 133 54 80 143 29 
37 122 131 81 68 132 66 28 93 100 7 67 
51 83 57 73 4 42 94 140 36 73 17 102 
24 137 135 85 66 94 8 65 127 152 24 138 
99 102 9 3 20 7 134 71 3 96 47 149 
149 3 11 141 54 92 48 39 25 39 110 129 
90 36 3 103 37 64 39 137 43 71 44 102 
23 115 69 130 77 34 140 136 136 73 117 121 
97 74 112 100 19 104 0 141 67 7 133 14 
71 100 79 69 136 92 134 18 11 93 94 95 
89 66 121 8 98 65 35 127 25 71 70 102 
54 147 19 90 3 67 76 1 49 35 146 45 
124 26 119 130 58 94 99 121 29 108 83 138 
44 131 13 144 40 17 67 99 123 102 52 110 
124 64 87 65 148 51 11 107 114 57 140 129 
19 133 142 58 146 19 40 109 92 55 57 35 
124 4 44 50 108 4 95 10 113 55 112 106 
59 73 135 50 58 105 16 121 2 119 67 118 
47 148 112 18 102 104 91 65 67 7 24 18 
145 104 69 129 37 26 7 74 127 106 71 116 
83 23 94 2 108 23 42 83 113 55 71 127 
104 122 73 98 148 85 67 110 76 19 46 103 
51 124 96 115 23 95 44 140 66 61 98 19 
31 94 69 129 85 26 51 147 106 106 143 116 
0 114 44 67 31 19 59 69 55 49 38 76 
147 54 19 81 3 67 76 96 77 1 23 142 
55 14 104 92 112 84 125 29 31 55 59 0 
66 76 107 14 122 77 147 152 129 69 67 67 
72 121 72 23 17 53 122 136 97 11 12 102 
85 64 72 23 85 36 131 136 76 11 43 19 
10 141 48 3 54 51 84 96 27 1 118 60 
19 83 142 36 4 19 148 103 92 80 57 6 
70 130 5 57 75 57 104 31 59 122 29 102 
146 139 122 72 93 61 140 70 70 139 125 65 
