184 1
111 
158 
51 
6 
154 
178 
16 
170 
20 
137 
20 
26 
2 
47 
122 
140 
121 
119 
41 
96 
29 
121 
137 
44 
40 
162 
130 
21 
95 
20 
14 
42 
64 
79 
176 
108 
102 
183 
56 
123 
27 
60 
44 
111 
102 
116 
106 
31 
30 
68 
0 
44 
116 
78 
95 
132 
120 
101 
63 
171 
95 
29 
94 
121 
127 
78 
17 
54 
148 
86 
33 
35 
70 
116 
102 
40 
20 
100 
56 
86 
70 
68 
46 
115 
64 
98 
5 
53 
121 
13 
64 
107 
76 
164 
46 
86 
144 
64 
40 
6 
133 
161 
116 
59 
140 
174 
32 
101 
164 
179 
25 
136 
47 
29 
41 
1 
178 
13 
143 
29 
118 
25 
46 
22 
28 
109 
25 
31 
17 
31 
119 
143 
75 
170 
132 
16 
103 
93 
137 
76 
160 
102 
100 
146 
14 
63 
53 
111 
171 
35 
86 
131 
123 
167 
174 
46 
141 
78 
174 
0 
164 
101 
103 
5 
60 
95 
131 
22 
2 
25 
38 
51 
115 
63 
32 
132 
179 
111 
137 
109 
48 
79 
103 
86 
