68 25
32 63 16 67 63 42 19 6 28 13 64 27 21 2 62 48 61 61 61 21 10 5 55 57 16 
4 6 26 50 21 20 62 31 7 60 54 2 7 0 54 50 53 11 54 50 16 38 15 2 34 
32 67 52 31 16 42 66 26 57 25 37 44 4 54 29 48 61 61 61 21 56 5 37 28 31 
58 53 61 40 26 42 4 10 20 15 46 15 46 4 23 26 61 50 32 16 26 45 64 55 40 
48 27 67 8 29 7 48 5 60 9 58 44 25 50 64 14 26 1 48 61 8 17 23 44 50 
65 42 62 42 50 4 17 27 42 8 10 42 14 50 50 16 6 37 42 59 48 23 18 11 22 
61 30 48 59 49 25 28 24 26 42 8 64 48 50 62 35 3 24 66 42 29 48 50 58 6 
61 13 19 42 6 31 3 53 44 58 12 32 16 11 14 9 31 19 23 48 43 9 2 35 48 
61 25 18 42 6 52 47 54 47 38 15 32 67 11 14 9 52 19 66 48 19 7 45 59 48 
61 1 66 42 6 16 27 2 27 58 14 4 52 56 15 8 16 23 43 48 18 7 54 35 48 
7 13 5 50 63 67 47 51 48 31 22 26 48 59 61 7 10 26 39 39 27 4 58 50 38 
7 64 65 50 67 67 3 22 48 67 57 26 48 62 61 41 56 26 15 12 47 21 33 50 38 
20 26 42 8 23 31 48 47 42 66 27 19 42 67 55 50 52 55 21 65 67 63 7 23 48 
4 26 26 50 4 38 34 52 41 17 45 0 9 53 2 50 36 10 2 50 52 58 14 45 62 
38 26 42 9 66 63 48 27 42 18 44 19 42 16 13 50 63 1 32 65 52 16 7 19 48 
20 26 42 7 19 31 48 47 42 18 27 66 42 63 25 50 52 25 4 17 52 16 9 18 48 
48 12 46 34 48 64 61 48 10 53 62 19 28 45 42 41 44 21 43 26 61 67 48 61 23 
46 42 59 42 50 32 24 47 42 8 10 42 49 50 50 31 6 1 42 62 48 66 18 11 28 
9 56 36 61 61 42 66 43 51 64 56 50 5 49 53 26 61 42 9 20 4 26 48 35 28 
8 11 45 61 61 42 18 19 57 64 10 50 17 14 45 6 61 42 7 20 21 6 48 30 57 
13 26 27 48 16 33 41 50 58 62 43 55 6 47 39 38 55 41 13 21 50 2 26 40 53 
48 3 31 7 34 41 48 17 5 41 20 27 37 50 1 14 26 64 48 61 7 65 66 27 50 
38 40 44 51 27 58 35 16 17 38 48 27 46 14 50 14 42 15 61 7 8 48 29 29 11 
41 11 36 61 61 42 19 19 28 64 10 50 46 12 45 26 61 42 9 20 21 26 48 30 40 
24 42 29 42 50 21 5 27 42 8 10 42 39 50 50 52 6 37 42 62 48 23 66 56 22 
21 26 26 50 21 20 29 63 9 60 36 45 7 0 36 50 0 10 45 50 63 38 49 0 30 
61 35 48 62 15 25 57 17 26 42 9 55 48 50 35 62 3 24 18 42 62 48 50 58 26 
58 54 61 22 6 42 32 10 58 14 17 14 65 21 43 26 61 50 4 16 26 0 1 1 40 
33 51 44 28 3 20 59 16 24 58 48 44 5 14 50 49 42 39 61 7 7 48 30 30 11 
53 20 41 7 42 61 38 5 59 64 18 42 44 48 65 66 41 49 59 49 7 16 34 59 61 
2 33 8 8 42 61 33 65 30 1 66 42 47 48 65 66 41 39 34 49 9 16 34 62 61 
48 15 65 34 48 37 61 48 10 45 34 18 28 53 42 41 3 32 43 6 61 16 48 61 43 
48 27 52 41 59 41 48 46 46 41 58 44 13 50 55 15 26 37 48 61 41 17 43 27 50 
37 26 27 48 67 38 9 50 20 59 66 55 26 44 39 58 37 41 25 21 50 36 26 57 0 
36 33 7 8 42 61 20 46 35 64 19 42 27 48 17 23 41 14 62 12 7 16 59 62 61 
53 33 8 8 42 61 58 5 62 37 19 42 27 48 5 19 41 14 29 49 9 63 59 34 61 
32 63 52 31 67 42 19 6 40 1 13 44 4 54 30 48 61 61 61 21 10 60 25 51 52 
32 26 6 50 32 38 35 67 9 17 54 54 8 54 54 50 2 10 45 50 31 58 39 2 29 
37 26 47 48 63 38 8 50 38 34 18 37 26 44 15 58 64 9 64 4 50 45 6 51 45 
38 6 42 7 43 67 48 3 42 43 44 18 42 16 13 50 67 25 4 60 67 52 8 43 48 
58 28 47 22 44 38 62 67 5 58 48 47 60 39 50 15 42 14 61 41 9 48 59 35 10 
61 64 23 42 6 63 27 0 3 38 14 32 16 56 14 8 63 66 18 48 23 8 0 35 48 
49 17 66 19 56 64 31 43 21 21 4 30 33 10 50 67 48 9 13 42 22 2 6 8 38 
7 56 45 61 61 42 19 43 28 55 10 50 5 15 36 6 61 42 7 38 21 6 48 29 57 
33 0 61 40 6 42 21 56 38 14 24 12 17 32 66 6 61 50 4 16 26 53 64 64 57 
4 16 67 16 63 42 43 26 22 1 37 47 32 0 59 48 61 61 61 21 10 60 55 51 63 
24 42 30 42 50 32 60 3 42 41 10 42 49 50 50 52 6 13 42 30 48 19 18 11 28 
38 0 61 28 26 42 4 56 33 14 24 15 17 32 18 26 61 50 4 16 26 45 13 13 28 
61 21 30 30 3 40 50 32 49 42 19 15 12 56 42 57 13 14 61 8 34 32 59 14 42 
58 6 42 9 19 63 48 47 42 43 3 18 42 67 13 50 16 1 32 5 31 67 41 66 48 
42 5 42 31 51 30 11 50 61 22 48 31 42 67 4 65 48 64 10 50 56 38 48 41 43 
33 51 47 22 47 20 30 63 24 20 48 3 24 39 50 49 42 12 61 7 8 48 29 34 11 
48 39 5 59 48 13 61 48 56 36 35 18 57 53 42 41 44 21 19 6 61 67 48 61 19 
4 16 52 31 63 42 43 6 28 25 64 47 21 0 59 48 61 61 61 21 56 46 55 28 31 
4 63 67 67 31 42 18 6 28 55 55 44 4 2 62 48 61 61 61 4 56 24 1 57 16 
21 6 6 50 32 20 34 67 7 24 45 2 8 45 2 50 2 56 53 50 16 33 14 0 30 
9 13 24 50 63 31 44 57 48 31 28 26 48 62 61 9 56 6 12 49 3 32 58 50 20 
58 22 47 40 47 20 62 52 60 33 48 3 5 49 50 49 42 14 61 8 8 48 59 30 56 
25 6 3 48 52 33 7 50 20 35 43 1 26 27 39 33 13 9 25 4 50 0 6 57 54 
36 58 9 9 42 61 33 46 29 25 66 42 27 48 24 19 9 14 34 49 7 52 34 59 61 
65 42 29 42 50 32 5 47 42 41 10 42 14 50 50 67 26 55 42 35 48 43 43 56 28 
2 10 0 55 23 3 8 42 56 2 41 9 42 47 9 33 20 53 41 32 48 67 11 10 3 
36 58 8 7 42 61 58 65 62 1 18 42 27 48 5 18 41 39 59 15 7 16 30 34 61 
48 39 5 30 48 55 61 48 11 45 29 43 40 53 42 41 27 4 18 6 61 52 48 61 43 
32 6 26 50 21 38 29 67 8 24 36 54 8 53 53 50 0 10 53 50 52 33 49 53 34 
17 42 29 42 50 4 65 47 42 8 56 42 39 50 50 52 6 25 42 30 48 23 66 10 57 
8 56 36 61 61 42 66 66 57 37 56 50 17 49 36 26 61 42 9 38 32 6 48 35 57 
48 15 17 34 48 1 61 48 10 36 35 19 51 36 42 41 44 32 43 26 61 52 48 61 66 
