95 11
29 3 10 47 10 6 90 3 30 31 58 
70 17 12 67 78 83 78 76 48 34 58 
13 65 15 38 93 32 45 94 17 81 38 
8 16 82 46 28 11 40 29 34 83 35 
76 34 50 66 85 47 22 59 19 55 82 
22 3 10 47 10 6 73 38 30 44 39 
57 6 14 6 53 52 47 31 32 46 76 
84 34 11 24 62 22 55 68 93 64 37 
6 52 78 85 85 75 1 3 29 28 61 
70 66 75 0 77 40 62 61 53 94 14 
83 85 89 57 91 47 61 74 74 31 65 
6 93 61 51 4 4 93 45 37 93 90 
71 34 34 4 47 47 58 87 29 31 25 
76 65 27 91 13 26 28 56 35 90 8 
94 93 79 27 6 70 81 83 47 35 10 
71 17 66 83 91 3 47 75 47 50 55 
53 10 52 83 91 80 47 75 47 25 55 
83 85 2 57 91 47 61 74 7 44 65 
30 85 73 40 67 50 64 67 1 81 94 
72 78 4 14 85 69 1 4 2 0 63 
43 40 74 53 47 56 61 61 85 88 33 
70 93 6 83 44 6 51 18 47 37 69 
70 12 9 6 39 93 35 45 18 37 1 
22 80 10 47 48 6 73 80 30 31 21 
24 85 73 40 67 67 64 50 1 81 94 
19 47 74 4 1 30 70 24 20 27 0 
37 8 52 31 87 6 40 64 82 36 71 
21 11 22 1 3 16 5 4 15 28 93 
65 64 82 18 93 51 75 27 38 79 5 
70 84 9 6 21 93 35 45 18 37 1 
24 85 90 40 50 67 86 67 1 84 94 
78 31 33 33 4 29 30 44 84 69 20 
37 8 54 31 87 6 40 64 15 36 53 
60 40 7 71 47 41 61 61 85 49 33 
88 20 25 9 4 83 31 29 94 94 23 
40 89 7 70 35 78 47 72 46 34 42 
6 54 45 85 85 75 1 80 22 94 61 
20 70 58 37 85 61 56 1 38 74 36 
36 15 15 31 94 87 40 22 34 83 35 
70 93 6 83 31 6 60 24 47 37 69 
36 53 78 6 62 83 78 62 8 71 52 
85 84 88 39 5 65 93 75 87 77 43 
60 40 7 13 47 41 61 61 85 49 42 
17 54 17 49 30 61 8 94 35 45 75 
9 31 20 20 4 29 18 31 84 69 20 
70 52 75 23 55 40 62 61 53 28 14 
45 46 33 42 4 29 24 31 84 79 20 
14 71 76 45 89 94 89 70 22 30 75 
83 85 89 57 32 47 61 59 74 31 65 
9 21 83 40 23 56 34 66 1 57 92 
57 47 59 4 1 30 70 24 42 27 23 
10 66 48 88 18 61 36 94 35 45 75 
36 14 0 80 55 88 74 29 90 68 75 
68 65 62 91 53 91 28 41 35 90 8 
36 14 0 3 55 49 7 22 73 76 75 
54 84 89 12 0 35 35 81 37 44 93 
85 84 88 21 0 65 93 75 11 77 60 
72 45 4 75 85 69 1 4 89 5 63 
70 93 6 83 46 6 60 18 47 37 69 
12 34 11 24 27 29 77 68 93 92 37 
17 54 17 88 18 61 36 94 35 45 14 
76 73 5 59 79 69 70 52 10 35 62 
21 87 29 1 38 15 5 4 15 94 93 
85 84 49 58 0 65 93 75 11 55 51 
2 61 52 59 61 36 12 93 2 43 40 
45 25 1 22 19 65 18 52 75 84 61 
36 75 5 3 77 49 7 22 73 68 75 
57 47 59 4 1 18 70 18 42 27 0 
50 36 29 68 45 5 56 61 72 18 51 
80 67 87 83 35 12 68 57 3 66 20 
56 40 45 7 82 20 28 72 75 86 4 
76 65 27 91 13 26 94 63 35 90 8 
53 65 15 3 93 26 78 28 17 81 3 
65 85 64 68 83 81 37 34 70 10 91 
84 34 87 24 62 29 55 76 93 92 37 
94 93 69 62 6 70 81 83 47 35 48 
50 36 22 76 9 0 41 61 72 30 60 
66 84 72 12 23 35 35 84 37 31 93 
70 54 75 0 77 40 62 61 53 28 75 
38 50 11 83 35 12 68 19 80 54 33 
36 15 82 46 28 87 40 22 34 83 35 
71 34 34 4 47 47 58 87 22 46 67 
13 17 52 83 26 3 47 14 47 50 77 
36 92 93 34 13 50 89 35 85 15 64 
13 34 34 4 47 47 58 87 22 46 67 
37 36 35 84 26 23 61 70 35 29 15 
89 61 52 7 61 36 12 93 2 60 40 
6 93 61 43 4 4 93 78 37 93 90 
9 39 83 40 5 56 34 54 1 57 92 
13 65 16 38 93 32 78 28 48 84 3 
65 85 64 76 83 81 37 34 70 48 91 
37 8 66 31 11 6 40 86 15 36 71 
2 61 66 7 61 8 81 93 89 51 40 
62 71 24 44 49 6 56 9 74 86 14 
65 92 82 30 93 43 14 27 80 79 23 
