144 18
124 90 106 135 34 61 7 139 63 22 126 22 86 62 46 71 46 7 
27 99 22 97 51 111 28 13 92 51 125 11 115 39 47 119 58 46 
124 90 72 37 34 95 76 20 127 22 132 22 57 62 60 73 60 76 
69 1 65 3 17 132 48 104 34 3 48 109 25 4 16 130 115 85 
29 99 22 59 136 52 28 13 132 117 125 132 25 62 10 119 58 60 
60 28 133 71 114 59 59 53 88 68 59 23 13 53 82 44 30 118 
81 22 22 133 125 2 22 57 39 65 14 121 34 49 28 61 73 68 
34 37 43 15 59 103 110 134 34 123 143 94 77 114 51 9 31 97 
25 121 50 26 72 15 28 85 79 28 86 91 53 90 82 28 133 139 
138 22 22 44 7 0 22 84 37 131 46 121 34 30 28 69 68 141 
124 3 42 131 34 95 125 89 107 22 132 22 64 131 14 16 14 125 
20 28 13 58 53 42 116 100 121 13 91 39 126 99 97 19 46 127 
90 37 70 36 106 6 14 135 6 17 33 56 9 113 140 31 114 37 
102 25 121 102 90 38 116 109 95 79 73 47 97 142 28 95 58 16 
14 94 28 122 22 25 62 130 28 13 32 69 28 119 0 2 104 22 
46 28 83 68 118 59 97 130 63 87 97 30 13 53 79 83 120 75 
1 92 54 75 53 44 123 97 101 70 130 125 18 92 115 70 43 41 
67 45 46 79 28 3 47 22 76 34 28 12 130 85 52 133 140 130 
46 28 83 73 75 97 59 53 110 68 59 30 119 130 82 12 33 35 
114 67 0 97 22 121 73 79 119 121 32 95 34 93 140 80 55 33 
129 34 2 19 125 79 15 40 94 22 102 122 116 116 93 25 12 9 
99 27 22 97 140 52 28 119 11 140 76 132 25 62 2 13 124 14 
115 117 31 79 85 123 124 28 119 141 95 60 62 19 10 28 31 106 
47 37 91 47 19 13 23 124 26 140 3 28 16 43 70 88 124 34 
17 20 119 13 127 79 61 52 5 68 70 72 59 25 104 133 34 7 
86 72 33 115 102 123 44 119 13 131 115 106 78 115 138 106 126 127 
128 34 10 123 116 82 36 109 142 22 102 11 85 76 93 25 77 103 
36 50 21 70 29 117 116 11 103 22 83 79 32 9 3 120 25 16 
97 131 112 5 93 25 69 129 19 118 91 78 119 41 22 11 99 22 
18 6 21 70 29 136 85 92 9 22 44 79 86 9 3 30 115 68 
10 131 61 10 19 13 30 124 26 117 90 28 141 3 70 63 58 34 
115 48 9 20 72 18 28 7 82 28 64 61 130 90 79 28 133 134 
141 62 70 22 87 111 110 69 48 122 64 22 34 51 126 107 25 100 
0 131 52 2 123 13 49 58 20 136 90 28 141 43 70 63 124 34 
18 66 121 31 19 25 40 123 81 34 131 95 34 73 140 23 125 122 
60 58 82 34 60 111 51 28 138 46 66 14 112 53 67 132 9 99 
46 28 77 87 35 59 59 53 110 73 59 33 13 53 79 80 33 35 
43 82 140 85 28 31 12 70 38 34 67 59 77 142 62 113 22 65 
56 41 90 48 27 28 113 101 20 115 98 79 27 24 115 137 80 62 
3 79 140 7 28 143 12 70 38 34 108 97 77 142 135 81 22 135 
108 106 46 82 28 3 0 22 125 34 28 133 130 116 91 12 117 53 
17 89 119 13 88 79 52 61 18 141 70 45 59 25 30 12 34 7 
128 95 28 101 101 32 82 79 136 3 46 82 53 14 80 123 9 25 
61 137 65 43 17 11 48 23 34 3 48 40 25 137 68 130 115 85 
90 131 70 18 54 6 14 131 103 55 33 56 103 81 140 8 114 65 
128 69 28 94 101 64 82 79 136 43 14 82 53 14 83 123 103 25 
14 142 28 92 22 115 39 53 28 13 84 52 28 119 56 0 23 22 
124 3 45 135 34 111 85 20 107 22 122 22 74 62 14 87 60 7 
79 108 17 70 97 28 69 63 128 84 8 132 136 131 72 90 143 116 
0 131 69 10 19 13 120 124 134 140 90 28 68 43 70 107 124 34 
138 22 22 133 85 47 22 57 62 131 46 121 34 30 28 91 141 71 
105 25 28 83 22 15 36 123 65 125 130 14 97 130 136 70 22 121 
4 28 17 5 3 106 19 95 75 22 119 138 52 119 128 82 34 129 
53 85 60 40 13 47 137 13 97 142 91 32 11 80 48 105 13 46 
128 91 28 38 101 74 82 82 136 43 46 79 130 14 12 19 50 115 
67 42 46 79 28 43 47 22 125 34 28 12 53 7 91 80 136 130 
58 43 54 135 34 69 7 89 63 22 92 22 57 37 60 87 46 76 
73 131 70 22 141 91 63 95 121 132 86 22 34 136 122 107 25 50 
130 89 65 58 38 38 14 5 48 127 66 0 34 59 43 88 25 133 
90 19 99 89 27 128 29 14 70 128 34 1 25 109 76 127 22 112 
60 38 28 11 22 25 135 130 28 13 57 91 28 13 10 10 120 22 
112 28 102 5 90 42 19 61 75 22 13 113 95 119 128 79 34 41 
3 82 140 76 28 31 44 70 142 34 67 97 44 66 37 108 22 39 
117 51 46 51 22 77 18 62 97 70 28 28 108 58 107 116 46 93 
73 65 70 22 73 95 107 52 121 122 86 22 34 136 11 63 115 103 
90 82 117 7 28 143 80 70 142 34 67 59 133 94 37 113 22 39 
56 128 43 48 27 28 108 38 134 115 112 79 99 24 25 112 80 135 
34 123 84 109 96 14 73 75 61 41 74 123 88 55 99 16 47 14 
1 11 72 35 53 12 123 59 142 70 130 125 18 11 25 70 90 41 
1 28 55 5 90 106 19 111 105 22 13 67 52 119 41 79 34 128 
130 13 72 83 13 83 9 19 87 45 11 113 67 47 79 90 3 34 
21 92 72 118 130 77 123 59 94 70 53 7 36 92 115 70 3 24 
41 61 28 101 38 64 82 79 51 43 60 79 130 46 44 19 103 25 
112 126 54 75 130 83 123 59 38 70 53 76 15 92 115 70 3 24 
71 65 70 22 141 95 63 61 48 126 84 22 34 140 132 63 25 103 
14 58 79 34 46 61 136 28 138 46 142 60 4 53 138 122 103 99 
34 131 3 18 59 100 127 134 34 19 8 142 80 35 51 6 8 59 
3 65 70 36 106 50 46 62 9 109 49 10 103 108 117 93 114 39 
113 45 60 79 28 43 47 22 76 34 28 83 53 76 61 133 136 130 
4 13 56 79 127 3 80 97 6 14 121 99 70 106 115 12 18 129 
43 131 70 36 72 103 14 135 100 102 104 2 103 81 117 31 96 37 
34 19 64 109 118 60 68 35 52 129 57 19 110 109 99 73 2 14 
98 13 56 82 127 43 83 59 9 14 48 27 70 106 25 83 5 24 
90 135 70 36 72 50 46 62 103 40 23 10 100 67 136 143 114 39 
71 37 70 22 16 61 88 91 121 126 74 22 34 140 126 63 115 6 
34 131 43 5 59 103 63 20 34 19 143 142 83 118 140 6 31 59 
68 135 70 22 71 111 127 69 48 11 64 22 34 136 122 88 25 9 
4 132 54 75 130 12 123 59 94 70 130 76 18 126 25 70 3 128 
136 117 46 51 22 77 36 39 59 70 28 28 81 124 88 7 60 93 
129 34 10 19 76 82 5 109 94 22 17 122 125 76 93 115 83 103 
69 98 135 3 17 122 121 104 34 3 121 40 25 21 87 130 115 125 
4 28 102 5 3 45 19 111 118 22 119 113 52 13 129 82 34 129 
139 28 119 124 130 106 116 100 121 119 69 65 92 27 59 123 46 110 
25 121 50 26 42 15 28 125 79 28 32 111 130 43 82 28 44 20 
56 41 43 48 27 28 138 38 134 115 112 79 29 129 115 112 133 131 
1 28 109 18 3 106 123 111 118 22 13 81 111 13 128 79 34 128 
60 124 79 34 14 61 136 28 81 60 142 46 98 130 138 126 100 27 
90 123 27 134 99 128 29 14 70 41 34 1 115 40 7 63 22 112 
27 99 22 97 51 69 28 119 132 140 7 92 115 65 2 13 58 14 
36 6 1 70 27 51 125 92 50 22 12 79 74 50 43 49 115 141 
113 22 22 83 85 0 22 57 39 39 14 121 34 104 28 61 68 71 
56 41 90 121 29 28 67 66 89 25 1 82 99 128 115 98 80 37 
108 42 46 79 28 43 56 22 116 34 28 133 130 7 95 133 140 130 
108 22 22 12 116 10 22 57 65 131 14 121 34 120 28 111 68 87 
56 39 52 2 19 119 120 124 26 140 3 28 16 3 70 107 124 34 
60 124 79 34 46 52 136 28 138 46 142 46 1 130 81 122 103 29 
129 69 28 94 142 84 79 82 117 3 14 82 130 14 80 19 9 25 
117 117 60 140 22 133 5 62 97 70 28 28 138 58 88 76 60 143 
34 123 84 109 96 60 68 96 95 129 86 19 88 17 27 68 2 60 
113 106 60 82 28 90 56 22 116 34 28 12 130 116 111 77 140 53 
117 51 14 140 22 83 5 37 97 70 28 28 108 124 110 7 14 143 
98 28 78 15 3 54 123 91 114 22 119 67 69 119 128 82 34 128 
99 27 22 59 140 111 28 13 92 140 85 122 115 39 0 119 124 60 
34 123 57 109 75 60 16 96 69 41 64 19 127 40 29 87 47 60 
14 58 79 34 60 111 117 28 113 14 38 60 112 130 138 126 6 27 
74 45 23 115 78 19 12 13 119 65 25 106 102 25 108 45 122 127 
34 39 3 15 59 100 107 89 34 19 93 94 12 105 117 103 93 59 
35 25 28 80 22 5 5 19 62 125 53 60 97 53 140 70 22 48 
14 58 82 34 14 52 117 28 108 14 142 60 4 130 81 122 50 29 
40 25 48 40 3 142 7 55 91 82 73 47 97 94 28 95 124 71 
2 65 52 47 19 13 120 124 20 117 43 28 141 3 70 107 58 34 
79 81 55 70 59 28 91 88 41 74 143 11 117 135 42 43 8 7 
139 28 13 124 53 72 85 50 121 13 95 37 92 99 59 123 46 110 
75 67 10 97 22 121 87 82 13 48 32 111 34 93 136 12 55 49 
130 20 39 58 66 142 46 18 48 110 38 2 34 59 3 88 115 80 
34 131 90 15 97 6 110 89 34 123 8 142 77 114 136 100 8 97 
139 28 13 124 53 106 7 100 48 13 111 62 11 99 59 123 46 88 
117 140 46 51 22 133 36 131 97 70 28 28 67 58 88 7 60 8 
17 26 119 119 63 79 61 91 5 141 70 106 59 25 104 12 34 85 
109 20 13 119 63 79 111 111 36 73 70 54 59 25 23 83 34 125 
130 85 46 102 13 47 112 13 59 66 95 84 92 80 48 35 13 60 
43 82 136 7 28 93 44 70 101 34 108 59 80 66 65 108 22 37 
26 28 119 124 130 45 7 9 121 119 61 135 126 99 59 19 60 127 
43 65 70 5 72 103 14 39 103 17 33 10 103 113 136 8 35 37 
129 34 2 19 7 79 36 78 101 22 40 126 7 76 93 25 133 103 
3 82 51 85 28 93 133 70 142 34 113 59 77 142 39 108 22 65 
105 115 28 12 22 15 18 19 65 85 53 46 97 130 117 70 22 48 
29 29 22 97 51 52 28 119 122 140 76 92 25 131 10 119 58 46 
34 123 74 102 75 60 87 35 52 24 74 123 110 102 27 73 47 46 
41 34 47 19 76 79 36 102 66 22 55 11 7 116 31 115 44 50 
35 115 28 133 22 18 36 19 131 76 130 60 59 53 136 70 22 48 
112 132 72 35 53 80 19 59 142 70 130 85 18 11 25 70 43 129 
10 128 3 48 27 28 67 94 134 115 21 82 29 129 115 137 83 135 
115 48 6 139 42 5 28 116 82 28 64 91 130 90 79 28 44 20 
