473 1
249 
195 
166 
241 
465 
407 
279 
308 
444 
158 
98 
407 
402 
201 
244 
118 
283 
284 
469 
158 
113 
402 
67 
53 
440 
171 
388 
401 
341 
78 
414 
30 
24 
196 
68 
328 
101 
427 
291 
17 
158 
301 
293 
171 
31 
78 
98 
444 
158 
319 
214 
363 
152 
456 
193 
305 
2 
254 
254 
321 
437 
89 
76 
155 
402 
275 
51 
470 
468 
371 
201 
447 
265 
330 
241 
343 
438 
330 
24 
179 
292 
275 
164 
194 
415 
235 
199 
388 
344 
135 
90 
241 
101 
37 
68 
111 
4 
203 
421 
295 
337 
60 
17 
252 
457 
160 
346 
135 
237 
468 
158 
409 
243 
56 
102 
201 
333 
5 
440 
472 
22 
193 
9 
4 
338 
124 
287 
237 
80 
43 
101 
124 
30 
310 
68 
469 
194 
122 
171 
158 
394 
268 
116 
167 
268 
158 
466 
461 
241 
16 
394 
466 
440 
241 
171 
98 
224 
267 
375 
227 
388 
196 
162 
402 
468 
465 
399 
199 
301 
77 
13 
399 
254 
295 
443 
194 
275 
158 
142 
176 
343 
111 
32 
289 
89 
374 
330 
437 
279 
49 
32 
237 
319 
330 
422 
274 
440 
330 
152 
158 
158 
158 
68 
343 
31 
338 
116 
267 
107 
44 
43 
118 
4 
183 
287 
53 
152 
31 
59 
321 
237 
403 
422 
107 
199 
198 
201 
330 
265 
286 
54 
193 
321 
461 
346 
98 
353 
47 
395 
467 
241 
62 
321 
457 
32 
395 
233 
261 
11 
43 
167 
422 
98 
440 
263 
111 
220 
194 
283 
218 
32 
147 
378 
224 
197 
272 
414 
27 
323 
462 
53 
98 
1 
465 
306 
162 
25 
122 
312 
343 
385 
98 
468 
171 
199 
343 
203 
330 
187 
43 
275 
388 
66 
236 
81 
77 
142 
196 
32 
241 
310 
440 
210 
201 
152 
30 
111 
210 
429 
235 
27 
237 
421 
179 
111 
167 
158 
385 
113 
166 
333 
62 
252 
126 
124 
466 
377 
160 
343 
374 
14 
194 
198 
166 
193 
274 
98 
249 
440 
194 
403 
402 
243 
93 
237 
321 
258 
8 
385 
5 
417 
447 
293 
118 
227 
281 
394 
119 
333 
389 
279 
77 
104 
111 
446 
218 
282 
394 
104 
293 
5 
201 
394 
196 
163 
438 
265 
437 
289 
80 
394 
330 
194 
402 
195 
338 
316 
261 
158 
144 
152 
336 
158 
422 
47 
129 
290 
135 
64 
17 
338 
52 
316 
98 
60 
122 
330 
411 
194 
158 
467 
11 
470 
113 
163 
219 
241 
468 
470 
32 
254 
224 
60 
199 
291 
402 
258 
118 
465 
98 
374 
53 
310 
470 
384 
401 
81 
438 
152 
220 
247 
312 
44 
196 
201 
135 
385 
358 
388 
80 
330 
320 
265 
319 
191 
43 
268 
241 
80 
187 
253 
472 
65 
201 
158 
388 
49 
203 
274 
52 
50 
206 
461 
