227 12
19 99 53 54 202 76 33 185 203 194 140 76 
147 31 85 212 125 53 58 202 155 185 201 104 
75 118 132 73 96 50 223 155 210 193 165 51 
47 156 150 34 211 116 44 127 76 202 223 103 
145 167 226 60 4 187 96 10 103 85 68 85 
14 197 54 112 133 205 4 169 141 124 212 73 
150 140 120 171 45 33 208 23 151 216 129 73 
216 149 164 28 123 76 53 72 155 188 58 33 
37 72 26 129 155 57 207 44 174 180 196 111 
117 149 204 28 218 76 53 128 155 42 151 25 
154 29 146 167 70 155 89 167 107 156 56 153 
89 79 54 113 211 155 71 59 159 40 200 118 
101 21 33 195 204 169 142 211 165 164 74 54 
195 216 112 140 13 70 71 195 13 206 165 2 
7 146 53 88 33 192 173 119 184 145 32 101 
12 118 132 73 83 57 16 155 210 193 3 51 
140 34 85 145 136 37 140 75 57 119 160 185 
2 132 53 180 149 194 54 79 85 170 203 90 
72 19 41 6 207 185 21 155 101 90 77 33 
89 173 54 71 211 155 176 172 36 181 13 118 
29 69 118 154 149 194 54 215 85 188 203 104 
89 14 54 10 38 155 113 36 159 62 13 53 
112 27 92 221 36 162 78 186 206 176 23 142 
140 36 146 211 123 53 193 146 210 172 99 124 
215 16 54 112 192 130 115 48 171 190 72 73 
53 54 120 182 89 149 211 58 38 112 112 153 
51 189 129 85 128 7 33 165 132 21 186 67 
5 41 34 114 153 104 75 61 68 29 144 177 
176 173 96 159 112 42 223 38 39 40 211 38 
226 118 214 73 83 28 138 155 210 193 3 51 
208 122 112 156 64 167 92 222 28 25 186 198 
33 145 131 164 110 38 214 140 101 33 197 52 
4 6 90 145 107 170 62 125 198 140 156 100 
118 54 120 182 89 149 38 37 211 112 112 153 
185 155 167 88 187 198 101 112 128 185 42 42 
162 162 156 156 184 11 216 129 154 224 176 199 
194 102 193 101 145 73 125 188 210 159 200 32 
89 89 169 76 132 198 24 97 127 140 151 65 
129 224 22 33 155 23 210 42 185 221 85 62 
209 132 118 136 149 194 54 173 85 42 26 104 
91 15 24 178 32 96 162 1 180 63 47 155 
112 27 168 221 59 114 84 186 199 113 99 142 
128 84 155 74 64 67 170 23 146 120 226 37 
24 77 34 162 31 137 12 80 88 29 65 177 
145 3 174 110 50 207 15 182 143 211 198 145 
89 14 54 166 211 155 113 59 172 95 13 53 
112 27 92 149 59 162 195 86 52 176 23 142 
194 56 130 225 32 67 89 53 101 139 216 224 
5 22 114 114 147 18 75 183 88 29 144 61 
86 151 112 152 94 120 168 32 50 33 86 193 
166 79 63 59 112 188 223 38 39 40 211 211 
45 62 164 116 106 155 96 146 188 203 56 112 
153 150 85 72 125 53 37 202 155 185 201 18 
182 175 128 135 54 130 200 130 107 80 99 40 
9 181 129 120 145 152 112 203 36 98 160 134 
15 3 37 85 193 58 164 200 103 218 214 199 
2 76 37 85 193 58 204 200 30 123 214 199 
166 79 63 59 112 170 201 38 17 181 211 38 
89 89 43 3 108 198 24 157 78 140 58 144 
194 203 193 101 145 107 68 42 82 159 13 222 
11 62 204 0 148 155 63 110 170 102 55 112 
108 226 105 120 159 187 147 116 39 54 76 167 
60 15 24 39 135 96 219 199 175 83 96 155 
194 56 130 137 70 221 89 53 101 190 115 168 
19 189 53 54 125 165 25 185 26 194 140 165 
216 221 204 50 218 3 53 212 155 170 37 33 
168 10 41 174 2 53 167 39 209 139 224 145 
177 126 112 44 140 167 155 76 185 88 30 131 
189 129 54 38 142 78 164 217 145 131 51 61 
158 201 25 54 75 221 170 56 111 53 165 111 
115 148 104 145 107 42 40 68 193 140 156 100 
154 29 146 120 32 155 89 167 73 156 55 147 
171 205 210 192 173 107 108 21 221 176 196 54 
180 128 131 145 101 92 224 207 3 105 101 194 
101 45 33 84 204 169 105 38 76 204 163 54 
101 11 25 35 164 43 105 38 76 164 226 54 
96 156 150 162 38 94 44 78 165 202 197 30 
112 27 224 191 159 219 84 86 199 10 99 123 
114 114 152 152 67 21 117 129 154 168 10 179 
65 110 118 202 25 111 14 119 184 145 135 101 
69 163 142 167 59 208 147 64 178 54 3 120 
224 166 77 49 2 118 167 39 15 124 168 145 
129 111 57 204 54 155 200 128 4 89 169 152 
194 55 205 225 32 67 89 118 101 190 216 168 
162 219 156 156 221 21 117 129 175 224 113 199 
27 101 134 145 218 94 31 172 101 13 76 128 
208 12 105 108 118 155 136 80 161 196 131 190 
79 138 54 112 111 130 115 27 171 124 212 73 
189 129 54 38 142 78 164 182 145 131 51 177 
131 185 123 150 173 8 81 209 129 112 200 53 
128 11 77 6 207 185 19 155 101 225 77 25 
19 95 204 64 106 155 83 146 188 203 56 112 
22 8 131 194 140 162 65 131 140 50 142 91 
4 221 164 28 218 165 53 212 155 188 58 33 
45 189 118 54 202 76 33 185 26 194 140 165 
60 2 87 20 70 63 162 52 175 96 96 155 
194 56 66 137 222 149 89 118 101 139 115 168 
195 77 190 207 223 118 130 83 210 205 63 152 
14 138 54 112 111 220 216 27 207 139 72 73 
140 159 110 38 142 118 193 110 82 159 23 124 
89 102 1 125 31 89 103 53 107 131 133 26 
80 142 89 168 73 26 183 188 54 146 211 166 
91 23 129 85 72 9 25 165 108 45 187 191 
86 37 112 152 116 120 224 222 28 25 86 198 
72 45 46 106 141 185 11 155 101 225 77 33 
216 111 152 178 111 129 65 110 84 192 69 128 
153 140 120 171 19 25 208 189 37 117 129 73 
154 128 44 145 101 224 224 171 76 142 101 194 
182 197 33 54 226 191 42 56 133 53 165 133 
60 2 126 17 135 96 219 52 180 96 83 155 
198 86 156 200 148 10 18 58 77 206 101 183 
26 133 120 95 98 85 29 182 176 85 1 45 
207 133 222 89 122 85 83 72 65 84 85 152 
143 15 146 120 32 155 89 167 73 156 55 150 
185 155 167 88 86 193 101 112 128 185 42 188 
145 120 74 60 216 208 83 176 174 85 202 85 
11 189 118 54 88 165 33 185 196 194 140 76 
145 167 226 60 4 208 63 10 174 85 202 85 
182 180 128 135 54 81 200 66 73 183 99 109 
45 62 204 64 148 155 63 110 42 196 55 112 
89 90 225 140 85 54 39 132 141 23 136 123 
86 151 112 152 94 120 224 135 57 25 186 198 
89 89 213 165 69 198 24 157 84 140 122 65 
4 192 156 178 133 129 93 146 127 111 132 72 
58 128 102 129 155 28 141 44 174 154 26 133 
99 129 54 211 123 195 164 158 145 44 51 61 
215 138 54 112 133 220 117 43 141 8 212 107 
162 162 152 152 67 21 216 129 180 224 10 1 
171 205 82 192 79 107 132 45 67 176 102 54 
106 172 164 144 133 85 107 161 129 173 4 81 
92 176 77 174 15 53 167 39 2 139 168 145 
145 165 30 110 28 171 29 158 136 38 193 145 
158 197 33 54 12 67 170 55 192 118 165 111 
196 133 120 109 98 85 15 158 176 85 52 45 
15 3 37 85 198 151 164 13 174 123 108 52 
216 106 225 145 107 170 109 88 198 140 152 160 
39 112 180 36 129 14 196 115 212 131 204 210 
212 19 46 6 207 185 45 155 101 137 46 25 
140 219 85 145 175 37 140 163 57 91 100 185 
122 72 102 129 155 50 141 131 103 154 196 111 
209 95 80 198 72 18 25 27 162 65 96 76 
189 193 103 82 38 133 64 31 44 145 134 79 
117 192 152 39 111 129 65 146 127 111 214 128 
178 112 180 36 129 173 102 115 212 131 204 82 
115 67 204 57 105 165 53 72 155 170 151 25 
192 120 118 101 66 38 212 145 22 75 177 185 
198 187 156 13 106 71 18 37 41 1 101 177 
25 145 44 204 110 38 108 140 101 25 197 52 
153 140 120 141 19 33 86 23 58 4 129 73 
80 5 112 44 140 167 155 76 185 125 103 131 
25 145 131 204 110 38 69 140 101 33 197 179 
89 89 48 76 108 193 126 97 35 140 58 7 
131 112 107 155 173 33 15 182 217 162 55 100 
25 145 131 164 110 211 214 140 101 25 223 1 
178 112 175 159 129 14 203 4 72 44 204 210 
42 38 105 70 158 146 174 49 222 32 185 129 
131 112 73 155 14 33 29 158 97 114 134 160 
78 22 8 141 16 118 130 96 82 81 83 152 
84 77 139 207 223 118 205 96 210 205 47 156 
194 26 198 101 145 107 88 188 210 159 200 32 
89 203 206 88 153 89 103 118 107 44 192 102 
89 203 199 125 147 89 121 118 73 131 133 196 
185 155 120 202 187 198 101 112 212 185 170 170 
101 21 33 84 204 43 218 38 165 204 74 54 
169 204 222 82 161 200 13 144 175 214 189 82 
63 152 150 34 38 0 131 84 165 68 197 174 
180 209 146 167 32 155 89 120 73 152 134 153 
89 225 225 140 85 54 17 108 207 99 154 123 
22 8 131 194 140 114 93 44 140 50 123 60 
98 41 34 34 150 137 226 183 88 29 7 183 
212 127 155 75 0 184 188 189 146 120 12 122 
189 193 49 210 211 111 94 147 131 145 134 215 
194 196 193 101 145 107 125 170 210 36 200 135 
9 146 53 88 25 111 215 91 184 145 135 101 
186 151 112 152 64 120 92 70 57 33 86 198 
20 112 143 159 129 173 196 216 212 131 164 82 
175 2 146 120 32 155 89 167 107 156 56 153 
108 74 123 167 36 208 147 0 39 54 3 167 
209 69 53 154 149 194 54 79 85 42 26 225 
153 147 85 128 125 53 122 88 155 185 138 90 
17 112 175 36 129 14 102 117 212 44 164 210 
51 29 24 39 222 83 114 206 180 83 96 155 
127 22 139 171 197 53 130 47 210 205 83 156 
108 163 142 120 172 86 147 64 39 54 165 167 
183 24 112 131 140 120 155 165 185 68 121 44 
85 3 44 1 85 207 120 91 125 185 83 79 
86 226 142 132 53 155 154 80 161 102 131 8 
208 12 123 69 53 155 154 61 160 102 44 190 
212 35 155 12 94 184 170 189 146 120 75 37 
140 36 110 38 218 53 198 146 210 159 99 124 
122 72 203 129 155 50 141 44 30 136 203 192 
80 98 112 131 140 167 155 165 185 88 121 44 
196 192 167 95 24 85 15 157 176 85 52 21 
140 216 200 73 193 207 30 92 225 98 24 213 
13 199 194 85 144 132 7 114 91 6 210 85 
219 162 156 152 149 19 4 129 180 224 166 179 
60 189 129 85 128 65 25 165 108 45 186 191 
140 219 85 145 154 37 140 12 50 91 161 185 
140 216 13 73 193 171 174 168 18 126 24 43 
147 31 85 72 202 53 151 68 155 185 16 225 
127 117 112 140 13 135 176 195 200 1 165 209 
140 219 85 145 180 151 140 75 50 91 160 185 
189 129 54 211 105 195 164 158 145 44 119 177 
119 99 129 85 128 7 33 165 108 11 208 67 
169 204 222 82 100 13 200 144 136 108 23 210 
92 176 46 49 209 53 167 17 15 190 224 145 
147 153 85 212 125 118 58 125 155 185 223 18 
189 193 121 210 38 111 116 150 131 145 56 173 
86 226 105 132 118 155 143 61 161 102 131 8 
12 118 69 73 63 57 201 155 82 193 165 91 
129 133 50 204 54 155 13 128 117 89 27 156 
129 92 22 25 155 99 210 42 185 149 85 62 
207 220 210 192 79 73 108 45 149 113 196 54 
126 22 34 34 150 18 226 177 68 2 93 80 
97 138 33 54 12 67 42 56 192 118 76 133 
144 110 118 202 25 133 14 60 67 145 32 101 
145 120 74 119 216 208 47 113 30 85 125 85 
78 46 8 141 223 53 66 83 210 130 83 156 
216 133 156 17 192 129 65 110 195 111 214 212 
185 155 167 88 86 198 101 112 212 185 188 188 
224 113 46 30 29 118 167 20 15 190 168 145 
61 126 112 44 140 167 155 165 185 68 49 44 
4 106 137 145 73 188 40 125 193 140 156 161 
140 114 85 145 154 37 140 12 57 51 100 185 
46 124 44 194 140 114 9 131 140 57 105 60 
128 45 77 106 141 185 45 155 101 225 77 33 
101 21 25 35 164 213 142 38 165 164 163 54 
