244 20
160 4 31 224 204 51 43 240 32 39 194 111 2 128 89 39 130 17 176 57 
43 116 79 148 168 155 180 225 121 3 149 196 176 64 65 21 16 189 36 43 
7 176 43 63 205 238 143 156 232 147 33 170 194 94 120 17 11 42 68 22 
133 207 111 238 205 111 7 237 204 133 151 90 34 108 74 17 46 203 51 134 
121 111 39 80 193 122 188 127 190 216 7 49 54 87 63 238 117 49 211 135 
193 51 206 6 120 43 213 132 103 64 229 213 24 197 218 175 238 144 236 98 
18 33 64 119 238 112 134 54 39 15 177 51 151 234 59 61 237 96 190 63 
11 39 137 23 154 173 169 236 56 21 238 144 78 146 197 38 35 33 15 148 
141 54 94 105 7 237 43 39 116 102 200 53 127 229 219 43 101 86 69 191 
74 42 80 89 120 196 195 37 33 191 154 34 66 181 139 53 138 198 221 204 
197 228 184 152 143 60 192 120 132 233 85 15 58 124 142 63 58 113 190 110 
144 20 18 2 108 204 191 48 220 149 237 49 21 40 18 24 183 182 43 144 
138 54 94 92 7 237 43 39 112 239 200 187 162 229 172 43 133 197 46 191 
100 34 184 37 237 121 131 7 96 44 20 35 30 152 56 7 226 73 67 83 
21 112 71 152 20 111 86 242 114 172 113 152 14 122 54 31 43 27 37 221 
39 138 139 172 227 117 181 106 102 58 204 102 149 50 178 235 49 2 29 65 
71 146 147 1 156 88 60 127 166 113 197 64 113 39 1 30 69 7 50 237 
43 112 182 97 241 155 109 47 112 135 109 45 129 200 199 22 111 142 36 43 
98 144 198 86 76 80 214 40 211 51 43 51 139 127 58 146 157 58 144 107 
163 164 27 131 71 144 186 237 89 204 229 16 189 120 2 113 58 58 28 1 
73 26 171 59 204 110 34 204 197 89 109 235 169 129 7 55 1 177 56 54 
21 176 107 58 58 114 1 128 151 13 234 197 15 108 229 155 73 150 206 12 
133 235 9 58 58 114 17 128 151 223 96 86 182 221 229 160 46 34 221 8 
7 129 43 78 85 238 107 3 232 147 4 141 205 94 120 1 168 99 68 101 
120 214 146 22 152 133 131 243 227 152 243 191 17 160 37 147 164 156 212 37 
53 213 79 56 153 238 51 76 0 84 195 159 60 115 43 59 70 144 3 8 
17 207 105 229 202 61 145 237 217 118 113 219 213 207 115 114 207 243 243 25 
227 237 211 54 117 144 166 171 149 187 39 94 184 35 50 227 208 15 240 194 
174 97 103 188 111 201 159 204 148 193 146 58 5 54 18 130 225 91 242 10 
35 110 148 100 207 144 186 237 188 204 12 16 189 120 23 113 58 58 191 17 
191 41 115 121 82 156 137 227 128 204 45 109 11 195 54 115 137 1 58 91 
216 188 81 131 149 116 237 231 164 22 78 157 2 169 95 6 116 204 46 11 
144 90 145 91 133 223 30 83 106 186 7 38 52 144 25 202 54 51 237 53 
121 16 39 80 240 154 89 83 190 160 7 49 54 203 78 73 136 202 193 3 
144 8 213 34 188 29 237 204 177 205 221 125 241 73 144 145 185 136 40 143 
6 128 15 65 153 69 124 84 0 104 195 173 173 148 43 59 77 144 135 8 
68 166 225 41 237 63 151 182 2 102 161 49 23 18 240 211 22 223 210 51 
94 162 125 54 33 128 178 43 12 183 66 144 208 196 46 23 86 227 221 22 
53 164 139 144 231 101 57 62 237 125 169 178 220 147 243 27 134 208 152 86 
184 200 116 73 81 4 232 85 144 10 134 65 108 54 43 11 98 110 240 7 
101 121 71 152 80 16 38 242 114 219 113 152 40 154 54 31 43 115 89 108 
63 78 78 178 39 162 24 48 214 54 186 21 183 99 87 10 197 121 227 133 
144 80 18 2 206 204 28 48 232 109 237 49 22 14 59 88 232 182 43 144 
201 137 130 6 79 154 39 236 20 188 7 217 219 222 156 118 137 208 9 199 
18 152 10 190 45 206 99 27 128 34 115 171 59 14 48 152 220 196 190 10 
22 31 208 53 219 50 172 208 148 51 216 242 58 130 128 175 122 111 39 120 
39 174 43 6 172 100 61 3 190 207 145 88 28 144 89 237 98 12 77 93 
25 47 189 148 219 147 7 169 142 71 188 145 105 55 10 227 229 104 235 149 
101 116 207 152 80 16 86 146 114 172 113 152 14 195 54 31 43 27 188 137 
202 45 242 85 13 222 127 54 104 144 190 72 144 198 206 193 172 181 143 68 
19 65 200 180 18 34 137 109 164 126 6 235 210 34 13 113 128 79 213 145 
114 64 69 215 46 220 206 237 102 62 213 54 48 111 157 134 216 24 193 154 
26 148 190 89 16 174 159 204 97 193 146 58 5 54 59 130 119 2 242 181 
18 33 200 119 69 112 134 54 39 182 61 51 222 96 59 145 237 169 30 78 
163 219 125 70 159 53 7 138 150 159 100 129 137 213 14 116 152 79 66 80 
59 152 92 30 45 206 42 97 213 34 148 189 18 14 14 152 232 62 30 92 
207 197 124 204 48 64 131 55 7 152 243 97 210 118 152 31 120 219 113 204 
216 33 118 145 204 124 43 193 128 39 85 111 2 32 188 39 57 1 176 130 
8 165 204 6 7 7 172 98 59 161 209 97 71 10 97 114 109 120 122 200 
179 144 36 197 104 20 211 48 211 124 43 51 243 41 58 242 186 58 144 143 
178 72 160 224 188 69 34 44 20 241 228 77 10 118 229 22 43 58 243 200 
174 216 78 124 135 34 51 135 193 200 70 202 40 144 141 202 114 216 186 120 
21 31 9 53 219 77 219 107 148 51 155 68 58 130 128 149 195 111 39 120 
23 54 204 102 6 114 97 181 191 59 115 134 116 122 27 68 94 12 0 18 
79 186 95 58 54 114 214 16 7 116 153 8 65 65 50 150 54 39 32 216 
207 86 51 204 40 64 100 185 7 152 243 115 19 31 152 118 120 219 113 204 
22 31 107 187 219 212 172 9 97 51 160 146 58 0 32 109 122 16 39 120 
27 156 7 241 63 12 207 154 43 168 117 142 20 152 124 144 98 17 199 223 
7 115 42 181 23 204 187 208 238 46 223 167 48 163 192 168 203 231 202 180 
39 201 43 6 219 158 90 156 103 71 177 84 52 144 188 237 179 12 212 139 
75 199 64 149 18 150 108 149 164 67 187 129 19 34 223 113 128 79 32 224 
237 120 9 31 232 232 106 134 46 241 114 18 117 195 222 176 225 58 142 220 
117 7 114 166 227 54 220 184 197 196 179 125 93 8 59 51 96 87 23 236 
39 201 43 6 172 131 61 156 30 71 224 84 191 144 89 237 209 12 184 243 
155 188 205 13 175 112 237 130 164 22 63 186 91 95 95 53 121 204 46 11 
35 110 97 223 207 144 186 237 89 204 8 111 171 120 23 113 58 58 28 1 
120 214 146 133 152 133 100 93 227 152 139 28 1 155 123 72 164 3 77 37 
210 56 64 109 18 150 137 149 164 228 6 129 19 150 13 113 213 182 128 61 
91 54 204 230 187 114 115 92 28 18 148 134 116 122 27 242 134 12 57 18 
39 170 243 219 227 87 10 106 102 58 204 102 149 212 220 235 49 23 210 65 
238 201 226 18 204 164 150 204 38 37 109 235 95 129 7 185 17 224 236 54 
3 6 43 154 45 65 227 152 160 59 220 66 48 19 138 233 113 166 127 126 
68 230 225 83 237 63 151 182 23 230 161 202 91 59 240 211 22 13 140 51 
78 78 63 232 39 127 76 40 193 54 157 101 178 11 117 10 86 112 227 133 
120 211 68 22 152 101 158 93 227 152 93 28 17 216 89 72 35 135 212 89 
156 187 43 154 62 199 227 152 216 18 183 196 40 75 192 233 113 102 162 67 
187 163 139 144 0 22 0 62 237 125 169 220 220 147 243 148 125 132 152 38 
20 209 56 23 120 92 227 8 80 84 154 232 31 139 165 120 42 7 7 157 
120 214 68 101 152 101 158 93 227 152 93 28 1 216 123 147 25 156 70 188 
134 83 94 54 165 213 183 43 12 220 66 144 9 45 46 23 38 227 137 21 
201 155 63 51 135 34 124 135 240 200 50 49 48 144 170 49 114 160 157 120 
7 129 43 78 85 73 9 156 178 72 4 170 85 125 120 1 241 99 242 22 
38 126 70 152 107 106 170 120 9 85 194 15 58 124 226 63 58 113 30 110 
221 120 203 234 120 166 19 181 121 39 135 122 43 184 54 43 87 165 8 79 
201 52 221 75 134 51 68 33 13 241 37 222 243 207 72 172 156 160 152 213 
112 36 43 114 28 113 17 26 227 216 169 7 241 143 50 189 103 237 171 48 
112 217 43 114 191 113 1 26 227 155 234 7 42 132 77 189 190 237 189 14 
227 237 211 54 136 144 102 171 109 187 39 134 77 163 70 227 208 15 211 205 
61 190 7 129 216 104 20 189 43 10 213 151 122 59 176 44 48 86 23 18 
144 80 18 91 108 204 52 14 183 180 237 202 101 218 18 84 232 79 43 144 
13 34 184 89 237 121 223 7 234 55 20 25 30 152 236 7 189 69 67 127 
22 235 9 58 58 114 17 32 185 223 96 86 182 108 229 155 46 34 137 229 
117 184 74 152 180 62 150 224 219 200 109 54 144 17 16 58 144 45 124 228 
28 83 148 121 36 135 221 227 32 204 62 149 168 195 54 97 108 1 58 91 
120 214 68 101 152 133 131 139 227 152 93 52 1 216 123 72 163 3 77 188 
86 167 70 152 208 106 170 120 9 85 81 79 58 124 226 63 58 113 103 164 
232 72 155 224 37 69 150 185 20 11 167 212 10 118 8 133 43 58 93 200 
118 42 80 89 120 196 154 89 33 52 195 34 45 92 139 6 138 36 137 204 
120 24 15 103 187 120 3 147 204 114 95 62 168 97 1 230 209 11 154 94 
125 166 204 199 78 33 128 53 150 43 234 133 218 33 93 142 241 1 137 28 
53 128 15 56 201 69 51 84 130 84 122 173 159 97 43 18 50 144 135 12 
71 68 147 1 156 104 173 162 102 113 86 200 113 39 1 30 73 7 50 237 
227 29 237 76 58 213 93 114 143 103 6 218 201 234 31 145 4 73 151 38 
138 188 34 239 83 219 156 113 152 154 106 48 241 27 77 226 188 150 23 94 
85 76 57 213 144 185 215 78 48 34 71 215 56 204 71 122 47 185 54 33 
227 237 211 54 87 144 230 142 180 6 39 125 50 164 184 227 107 182 214 194 
227 210 237 84 58 128 139 114 9 103 6 14 201 169 74 224 33 46 44 197 
20 209 65 2 120 10 227 12 20 84 122 232 74 93 165 120 168 7 7 186 
155 188 205 131 180 112 237 231 35 21 63 157 91 96 234 53 116 204 73 168 
35 119 189 27 219 147 7 96 171 71 37 145 181 222 181 227 229 84 129 180 
185 164 152 12 64 68 139 78 237 237 217 171 227 22 27 174 58 193 224 30 
227 75 237 88 58 128 93 114 208 103 187 40 153 96 31 90 33 69 151 197 
55 195 108 20 59 57 77 156 216 189 120 10 78 2 237 165 146 124 32 7 
125 127 94 54 165 128 232 43 12 178 45 144 107 196 238 91 38 227 221 101 
114 200 46 126 69 220 137 237 239 45 213 54 40 111 157 94 216 84 211 154 
174 28 221 19 134 51 68 4 131 11 89 222 93 71 72 172 156 216 152 128 
115 156 7 99 78 8 71 154 43 11 136 189 20 152 51 144 209 17 56 223 
63 78 63 220 39 41 104 40 193 54 157 22 232 168 117 92 197 116 227 101 
144 224 61 2 133 158 103 127 106 186 7 197 52 144 163 49 54 124 237 187 
131 200 58 232 39 243 7 232 22 83 127 161 87 162 17 111 80 212 57 190 
160 165 74 61 204 51 43 240 128 39 205 16 91 213 89 39 0 1 235 57 
100 34 184 123 237 112 100 7 169 151 80 110 30 152 236 7 189 73 215 41 
31 168 80 123 120 196 195 123 165 52 154 150 66 181 139 53 138 36 137 204 
133 176 107 58 58 114 1 213 44 100 95 197 182 221 8 216 73 34 206 8 
153 191 206 19 125 51 68 33 223 11 37 222 243 71 72 172 3 155 152 128 
21 207 111 46 194 111 7 237 204 133 151 90 150 206 74 1 238 203 124 134 
80 209 65 91 120 92 227 12 20 24 154 178 118 243 4 120 241 7 7 186 
120 84 15 30 187 120 156 147 204 114 95 196 42 27 17 166 209 99 122 125 
240 124 221 6 120 43 32 107 103 64 229 128 76 86 48 109 73 144 65 179 
221 120 203 96 120 239 75 92 112 39 3 195 43 77 54 43 87 33 12 15 
164 25 97 131 71 144 157 237 89 204 12 16 142 120 91 113 58 58 52 17 
214 51 221 6 120 43 32 132 30 64 229 32 76 197 48 109 46 144 56 209 
186 144 144 179 43 170 231 7 237 170 17 112 184 153 17 134 221 218 164 114 
74 11 80 188 120 62 122 123 4 52 195 34 62 92 93 6 192 82 137 204 
54 216 32 226 223 240 80 208 235 30 16 41 13 66 182 92 33 120 230 24 
201 160 63 51 156 150 51 3 193 200 70 49 48 144 5 49 114 216 157 120 
7 148 11 10 91 204 6 208 73 69 100 67 48 35 138 11 117 0 202 175 
136 7 114 166 227 54 220 184 86 196 209 125 139 12 59 51 96 117 23 236 
227 237 214 54 87 144 239 142 149 53 39 94 77 164 184 227 143 79 240 194 
134 230 204 236 78 165 213 6 34 43 96 22 40 33 139 189 168 17 206 28 
144 229 213 150 37 140 237 204 177 194 137 94 99 73 144 90 185 136 48 208 
18 152 10 103 66 206 42 115 128 150 97 171 59 40 14 152 183 196 103 105 
113 84 72 94 148 151 183 49 179 99 199 123 148 145 197 180 152 102 190 97 
17 207 92 229 202 177 90 237 82 118 113 219 32 71 97 114 207 243 139 25 
44 122 108 80 59 231 184 3 216 189 120 181 63 2 237 4 68 51 128 7 
152 213 204 99 98 18 128 145 189 49 141 197 57 28 122 9 23 54 89 43 
21 71 111 69 81 111 7 237 204 21 151 177 150 108 118 17 46 136 124 125 
19 81 60 211 149 7 207 92 68 202 102 54 172 179 158 196 144 122 203 74 
158 34 50 188 237 112 223 7 95 185 20 25 103 152 65 7 142 73 215 41 
232 147 160 61 123 46 34 55 80 241 126 184 181 118 229 22 43 58 139 64 
152 128 204 241 98 59 213 224 171 49 138 86 57 28 195 107 2 54 188 43 
164 161 142 27 219 147 7 169 226 71 188 90 10 55 181 227 12 104 129 180 
78 63 63 220 39 162 76 14 240 54 186 21 220 168 117 181 38 116 227 133 
187 128 182 236 201 46 51 88 0 104 122 173 159 97 43 18 70 144 156 12 
53 128 79 56 201 46 51 104 57 84 195 173 159 115 43 59 212 144 3 229 
121 111 39 20 211 154 37 162 190 216 7 49 54 117 63 73 87 49 193 3 
136 77 118 152 149 62 150 90 172 64 175 54 144 17 16 58 144 66 51 126 
148 156 7 42 78 229 71 195 43 42 87 189 80 152 124 144 98 1 236 100 
144 20 59 2 137 204 52 14 232 149 237 49 22 14 59 24 183 15 43 144 
112 36 43 114 191 113 1 201 227 160 96 7 42 107 70 189 190 237 142 14 
193 124 221 187 120 43 213 107 103 64 229 213 104 38 14 109 69 144 56 209 
157 144 144 209 43 170 0 7 237 170 1 121 50 174 17 134 137 218 163 114 
239 12 16 120 204 150 166 80 227 110 104 161 169 227 114 1 166 41 216 15 
220 72 216 145 188 73 34 222 80 241 215 77 92 118 12 22 43 58 93 200 
17 71 105 8 49 224 145 237 198 31 113 172 32 207 27 114 207 139 243 25 
134 239 204 56 63 165 213 53 34 43 96 21 40 4 243 226 241 1 206 52 
223 200 58 220 39 243 7 178 21 83 41 225 136 162 17 111 20 212 0 103 
201 160 63 51 156 34 124 3 240 64 50 49 14 144 192 49 114 216 157 120 
212 88 17 6 74 70 71 204 132 31 243 224 192 82 135 114 208 62 31 135 
224 190 7 129 216 76 20 189 43 10 213 55 122 18 235 44 40 197 91 18 
134 102 204 199 78 33 128 6 150 43 169 101 14 4 139 171 99 17 221 52 
197 67 50 152 9 159 170 120 208 194 205 15 58 124 189 63 58 113 103 25 
39 138 93 219 227 87 10 60 239 58 204 239 109 184 178 235 49 91 75 56 
70 24 17 53 31 184 207 204 9 118 243 61 138 36 135 114 143 62 31 3 
140 236 200 149 59 150 221 109 164 126 187 176 19 150 158 113 213 15 128 90 
18 152 92 190 45 221 168 115 128 150 97 189 59 40 218 152 183 66 30 181 
140 85 106 240 175 7 207 92 68 49 239 54 219 98 100 196 144 122 87 74 
18 165 64 47 46 121 134 54 39 79 145 51 151 169 59 224 237 95 190 78 
94 83 94 54 33 32 178 43 12 183 66 144 143 45 73 91 38 227 221 21 
157 144 144 209 43 170 0 7 237 138 17 112 184 26 17 125 206 48 35 114 
191 83 148 112 82 3 108 227 213 204 62 149 11 154 54 97 221 17 58 23 
153 27 190 188 111 153 159 204 115 214 146 58 141 54 18 0 47 2 146 105 
240 124 206 187 120 43 32 107 190 64 8 32 104 197 40 109 238 144 199 209 
43 144 36 187 242 33 187 84 234 71 235 233 171 137 152 20 33 31 9 34 
156 6 43 154 196 56 227 152 155 18 232 45 40 140 141 85 113 230 127 167 
55 195 206 20 59 130 77 156 216 189 120 10 78 23 237 33 242 124 213 7 
21 74 208 53 219 184 172 107 115 51 216 68 58 231 213 109 154 16 39 120 
6 25 93 144 231 22 231 62 237 134 95 178 220 147 139 27 94 107 152 197 
146 166 161 83 237 63 44 182 23 239 161 202 23 18 214 240 101 131 29 124 
71 197 51 204 40 64 100 151 7 152 139 27 210 74 152 74 120 219 113 204 
182 186 234 58 54 114 214 16 7 116 153 229 56 56 70 34 54 39 32 160 
1 71 105 229 49 61 90 237 217 31 113 219 128 71 148 114 71 139 139 35 
202 45 242 194 13 55 41 54 76 144 190 72 144 217 206 214 172 92 9 68 
20 209 56 91 120 10 227 12 20 84 195 183 74 139 4 120 99 7 7 157 
64 207 69 64 186 152 173 40 16 172 137 227 67 49 20 101 120 148 107 191 
156 53 43 122 62 199 227 152 216 59 178 66 218 19 5 194 113 239 41 215 
120 104 182 30 187 120 135 147 204 114 95 45 168 148 1 239 209 99 195 134 
237 120 208 74 220 178 106 125 73 99 114 59 87 154 151 235 161 58 171 220 
31 42 20 123 120 196 195 89 33 191 195 34 45 10 139 187 141 82 108 204 
224 30 7 129 160 76 20 142 43 181 128 222 154 59 176 222 218 38 2 59 
25 35 97 13 207 144 186 237 188 204 12 111 142 120 91 113 58 58 28 1 
43 144 198 187 242 4 53 76 95 207 176 194 142 206 152 80 33 118 208 150 
210 236 200 180 59 34 221 175 35 228 53 176 210 34 158 113 128 182 213 61 
144 224 177 23 22 131 103 83 106 186 7 197 191 144 35 202 54 51 237 187 
43 144 217 187 242 4 53 104 96 207 176 81 189 137 152 80 33 74 143 34 
148 3 7 11 78 8 71 195 43 42 136 142 80 152 51 144 179 17 56 223 
152 32 204 11 179 59 32 177 226 202 138 86 57 52 122 107 91 54 188 43 
242 239 119 83 237 78 44 182 2 102 225 49 2 18 240 211 21 100 210 51 
101 112 71 152 80 111 86 146 114 219 113 152 40 195 54 31 43 115 123 221 
102 8 111 120 204 150 230 80 227 110 76 47 234 227 114 17 230 83 155 15 
77 24 1 187 118 212 71 204 208 31 139 90 141 82 156 114 208 196 118 156 
120 104 182 103 6 120 135 72 204 114 96 62 42 97 1 230 209 99 195 134 
59 152 10 190 45 221 99 97 213 34 148 142 59 40 48 152 183 196 103 105 
223 150 212 123 237 121 158 7 95 151 20 25 30 152 236 7 226 73 215 127 
153 216 78 124 156 34 124 135 193 200 70 49 218 144 141 202 114 160 186 120 
35 161 189 27 172 147 7 96 171 207 37 224 10 151 10 227 12 88 129 180 
186 144 144 209 43 5 0 7 237 192 17 121 184 153 1 134 137 40 25 114 
204 23 108 54 200 2 227 96 232 157 227 68 39 20 133 204 98 71 38 213 
97 3 7 11 63 12 71 195 43 42 87 226 20 152 124 144 179 1 199 158 
5 54 134 92 7 237 43 39 121 102 200 53 83 12 219 43 21 86 73 52 
136 70 74 152 180 45 34 177 219 200 180 54 144 17 111 58 144 62 124 67 
160 165 31 177 204 124 43 240 32 39 194 16 2 128 89 39 231 17 176 0 
212 88 17 6 31 212 71 204 9 74 93 90 192 82 156 114 208 196 74 156 
135 6 43 154 45 236 227 152 155 59 220 45 40 75 170 194 113 230 127 215 
116 198 43 114 191 113 17 201 227 160 96 7 11 143 50 171 103 237 226 40 
13 64 58 232 39 93 7 220 133 162 127 225 136 162 1 16 80 212 0 30 
207 38 51 204 218 200 13 185 7 152 139 148 29 74 152 31 120 172 113 204 
227 17 18 52 52 162 128 227 114 229 95 100 202 58 195 17 80 80 103 35 
39 201 43 6 219 158 177 3 103 207 90 76 191 144 188 237 209 8 184 93 
87 77 118 152 149 45 150 145 219 64 175 54 144 17 16 58 144 45 51 67 
43 144 36 6 242 33 6 104 95 207 176 233 171 221 152 20 33 31 9 150 
144 80 18 23 137 204 191 218 232 109 237 202 101 40 18 24 183 79 43 144 
7 148 42 10 2 204 53 9 46 69 223 228 14 110 138 99 117 0 202 175 
108 120 203 234 120 166 19 10 116 39 135 154 43 50 54 43 87 33 12 15 
