586 1
231 
410 
304 
566 
426 
425 
557 
156 
266 
70 
415 
222 
408 
69 
270 
122 
309 
130 
364 
75 
73 
122 
43 
254 
47 
165 
335 
28 
295 
407 
466 
0 
292 
317 
41 
102 
573 
9 
0 
189 
417 
412 
43 
273 
435 
456 
223 
402 
62 
202 
137 
254 
350 
585 
359 
230 
123 
415 
295 
236 
425 
372 
141 
501 
54 
158 
15 
407 
541 
202 
131 
237 
414 
550 
73 
425 
233 
390 
315 
197 
426 
225 
563 
409 
2 
279 
91 
202 
362 
230 
4 
44 
550 
222 
254 
115 
142 
224 
302 
108 
235 
409 
376 
130 
24 
566 
465 
199 
416 
580 
293 
467 
534 
515 
13 
359 
362 
429 
401 
273 
319 
206 
161 
511 
498 
270 
521 
3 
477 
531 
331 
574 
425 
197 
190 
19 
37 
566 
179 
257 
345 
425 
219 
541 
370 
428 
58 
141 
142 
541 
445 
220 
393 
541 
202 
425 
380 
304 
229 
123 
378 
206 
73 
434 
141 
265 
345 
0 
254 
273 
393 
395 
566 
9 
222 
447 
374 
407 
539 
316 
37 
550 
76 
82 
526 
161 
533 
532 
567 
273 
467 
202 
446 
541 
421 
501 
92 
566 
246 
219 
141 
67 
141 
225 
165 
86 
329 
359 
415 
159 
125 
202 
566 
290 
265 
267 
319 
457 
26 
138 
419 
157 
125 
269 
457 
546 
319 
449 
340 
200 
0 
219 
452 
62 
223 
498 
434 
411 
331 
222 
200 
434 
230 
68 
297 
466 
412 
14 
289 
534 
314 
202 
450 
585 
517 
121 
58 
571 
401 
544 
44 
406 
325 
534 
392 
34 
190 
176 
131 
34 
9 
570 
85 
310 
197 
390 
502 
444 
206 
91 
417 
54 
297 
316 
165 
290 
146 
541 
501 
316 
161 
254 
56 
523 
290 
359 
465 
393 
81 
464 
416 
224 
351 
313 
477 
202 
67 
157 
434 
566 
220 
319 
440 
108 
0 
394 
324 
202 
228 
235 
169 
518 
199 
362 
548 
75 
169 
290 
465 
64 
428 
426 
394 
406 
33 
488 
383 
313 
278 
289 
552 
130 
273 
228 
200 
566 
155 
313 
231 
426 
155 
409 
47 
280 
173 
205 
313 
92 
387 
390 
4 
237 
86 
313 
305 
220 
470 
43 
351 
452 
141 
139 
270 
489 
202 
0 
58 
563 
64 
518 
447 
574 
5 
0 
62 
406 
9 
47 
438 
63 
269 
142 
165 
568 
447 
420 
470 
425 
237 
362 
24 
501 
362 
223 
172 
159 
560 
26 
280 
572 
390 
390 
62 
1 
98 
138 
132 
440 
254 
476 
263 
348 
514 
211 
136 
540 
390 
437 
376 
62 
224 
390 
14 
534 
408 
511 
532 
111 
292 
526 
62 
9 
470 
372 
128 
407 
211 
36 
158 
483 
219 
381 
499 
62 
353 
137 
211 
532 
304 
118 
408 
472 
372 
420 
146 
434 
103 
429 
570 
228 
108 
211 
225 
388 
117 
540 
585 
225 
139 
91 
444 
332 
206 
390 
82 
531 
168 
28 
98 
401 
401 
156 
534 
257 
362 
258 
200 
332 
124 
41 
447 
268 
498 
165 
580 
125 
149 
341 
348 
449 
228 
154 
514 
169 
417 
47 
220 
131 
566 
159 
270 
257 
220 
147 
378 
115 
246 
414 
220 
91 
169 
108 
563 
401 
167 
100 
425 
222 
290 
434 
531 
206 
14 
390 
54 
414 
348 
295 
141 
346 
278 
552 
41 
416 
173 
170 
2 
99 
179 
141 
123 
393 
342 
200 
325 
38 
26 
4 
534 
214 
77 
225 
390 
419 
254 
254 
552 
190 
390 
19 
295 
341 
540 
372 
214 
219 
