136 1
121 
60 
105 
87 
100 
17 
16 
86 
97 
11 
30 
99 
81 
19 
19 
127 
76 
5 
99 
130 
69 
25 
16 
5 
1 
19 
54 
87 
109 
83 
44 
114 
86 
92 
17 
39 
111 
115 
48 
31 
128 
81 
130 
11 
5 
39 
76 
111 
68 
60 
59 
3 
125 
95 
102 
114 
19 
59 
72 
18 
12 
122 
109 
102 
100 
92 
109 
94 
110 
76 
91 
81 
87 
27 
102 
72 
63 
113 
96 
2 
122 
119 
116 
60 
83 
98 
69 
125 
7 
24 
33 
1 
72 
70 
69 
31 
134 
87 
116 
121 
60 
48 
56 
59 
100 
134 
60 
27 
130 
31 
12 
98 
81 
19 
31 
102 
125 
119 
39 
134 
54 
2 
134 
3 
100 
81 
85 
102 
94 
49 
19 
94 
127 
94 
79 
84 
