82 13
75 78 76 13 37 63 57 57 17 63 80 37 47 
77 76 81 21 44 2 78 6 24 50 41 63 20 
8 51 43 52 71 4 61 6 19 56 29 4 77 
26 18 47 63 67 23 54 74 2 15 22 22 48 
10 4 13 76 5 21 22 68 56 40 63 28 12 
22 80 13 67 45 7 8 33 41 22 76 5 29 
60 11 34 61 25 2 5 53 25 61 32 64 35 
65 69 53 4 49 66 0 14 52 20 36 14 44 
76 67 7 22 25 4 4 54 0 44 75 70 16 
37 11 55 47 21 7 47 6 20 67 8 69 10 
60 11 40 61 44 15 5 10 25 61 41 0 16 
14 4 27 23 48 27 28 49 38 22 61 22 22 
25 75 20 27 69 5 27 39 45 8 73 8 67 
65 4 40 39 48 80 52 7 32 22 17 22 22 
45 17 75 4 55 64 39 64 17 20 27 37 39 
8 54 69 28 49 4 61 53 19 56 68 4 32 
69 43 47 11 78 1 23 29 13 79 19 66 13 
19 64 22 65 36 8 36 1 4 65 34 70 20 
11 22 59 4 67 55 4 68 18 7 49 8 65 
16 36 70 63 37 46 9 15 55 15 22 22 65 
68 69 70 11 78 53 23 69 11 57 19 33 11 
3 63 22 65 28 8 45 6 4 14 34 70 35 
27 0 70 59 34 4 76 8 60 36 4 21 4 
5 41 26 41 64 22 13 17 18 38 51 3 27 
48 22 22 1 47 81 47 52 0 7 60 52 19 
65 22 22 1 47 80 70 18 0 7 38 52 19 
29 29 47 13 78 1 46 68 76 12 3 66 13 
10 8 54 38 22 6 5 22 19 70 42 41 29 
76 22 72 4 67 15 4 69 28 31 31 8 48 
4 28 22 79 15 50 46 8 59 46 8 67 47 
75 13 55 47 50 73 47 1 20 75 8 69 1 
65 68 6 4 71 58 63 65 45 16 18 65 25 
3 55 18 48 16 47 19 21 63 13 1 1 22 
2 70 30 2 65 19 59 18 63 12 4 81 3 
6 8 56 41 22 10 5 22 19 70 66 77 68 
43 69 70 76 5 1 23 69 13 57 19 58 13 
11 22 79 4 37 2 4 69 52 71 73 8 14 
73 38 60 35 45 65 19 52 73 19 11 19 11 
3 55 52 14 16 70 3 21 64 11 6 6 22 
5 60 35 60 64 22 76 21 28 32 56 19 27 
1 8 30 32 22 6 5 22 19 47 42 77 29 
3 2 28 65 20 47 3 61 63 13 1 6 22 
55 47 56 74 48 19 79 18 63 72 4 81 3 
4 45 22 57 55 61 39 8 72 46 8 37 70 
14 22 22 1 47 80 47 52 0 7 41 18 3 
13 22 57 4 67 74 4 29 18 73 73 8 48 
5 77 20 38 64 22 11 17 45 38 56 3 27 
46 23 37 27 43 29 76 3 76 75 70 68 39 
18 50 37 4 74 64 39 0 17 26 40 37 23 
65 68 53 4 73 62 0 65 18 20 18 48 44 
3 0 22 48 18 8 18 53 4 14 80 47 35 
75 76 74 47 21 73 70 1 20 75 8 43 1 
13 22 12 4 67 2 4 43 52 7 7 8 48 
60 76 81 21 25 74 5 53 44 61 38 64 20 
37 76 74 70 17 7 70 1 26 75 8 29 6 
8 30 29 52 71 4 50 6 3 30 68 4 60 
67 76 55 70 17 7 70 53 20 67 8 29 6 
25 75 26 80 69 78 27 39 28 8 71 8 37 
15 47 30 15 48 19 59 45 64 72 4 81 3 
44 67 26 27 29 78 34 39 52 8 31 8 75 
3 55 52 65 20 70 19 17 63 76 53 10 22 
3 64 22 48 36 8 18 6 4 14 80 70 16 
15 70 54 74 14 19 12 36 0 12 4 40 19 
37 5 13 11 37 64 12 79 17 64 27 67 47 
75 78 76 76 67 0 57 59 21 0 40 75 47 
28 61 37 4 2 64 23 0 21 35 81 75 23 
55 70 51 74 14 3 79 45 63 59 4 40 19 
71 41 60 20 28 48 3 28 31 3 13 3 76 
4 36 22 12 74 17 39 8 72 23 8 75 70 
4 52 22 72 2 50 39 8 57 46 8 75 47 
39 39 67 34 69 69 11 19 13 37 70 69 23 
65 29 53 4 49 62 0 48 28 16 45 14 25 
44 37 16 34 68 78 27 46 36 8 71 8 37 
14 29 53 4 73 62 63 65 18 26 18 48 44 
8 54 29 52 73 4 21 10 3 54 69 4 77 
7 60 60 26 28 48 19 52 49 3 13 19 76 
14 4 80 23 14 34 36 71 38 22 21 22 22 
3 15 36 48 20 47 19 17 64 13 53 10 22 
22 40 76 37 28 71 8 33 41 22 13 5 43 
25 75 26 81 68 78 40 23 52 8 73 8 67 
53 8 56 77 22 6 78 22 3 70 66 60 29 
1 8 51 77 22 10 78 22 19 70 58 38 29 
