138 17
70 70 51 90 121 119 90 124 136 21 72 46 129 5 37 62 27 
127 41 107 30 91 86 95 31 98 16 120 49 34 22 118 68 14 
57 28 107 1 27 11 25 74 42 62 12 127 64 20 0 120 94 
107 109 11 62 10 134 93 70 45 27 0 72 120 105 82 93 14 
134 90 40 65 123 45 91 70 2 98 90 20 8 79 93 120 36 
92 64 137 4 96 44 78 54 9 123 121 64 27 61 115 62 0 
70 113 27 21 35 63 112 120 27 134 70 118 108 81 0 47 30 
39 2 41 51 99 27 58 5 62 76 120 34 50 134 94 50 135 
91 51 137 109 132 27 76 25 62 58 120 34 50 92 37 45 3 
41 27 62 134 62 64 120 81 32 98 4 133 120 53 74 27 40 
54 27 129 62 0 130 74 113 132 90 35 4 5 27 0 98 26 
69 125 0 137 27 134 14 88 120 92 48 77 1 53 127 54 30 
78 90 95 23 88 37 93 56 49 88 98 66 18 36 57 90 83 
26 90 4 117 70 124 120 35 70 90 131 130 28 80 81 96 31 
120 73 32 110 77 104 62 79 44 73 53 49 101 130 120 98 70 
70 96 27 127 56 93 112 120 27 134 70 128 126 55 0 29 137 
39 109 137 53 132 27 76 25 62 106 120 54 45 134 127 45 113 
92 90 10 4 135 25 78 48 71 42 124 90 27 31 98 62 0 
137 64 4 129 48 127 119 20 87 28 95 104 55 36 36 64 83 
112 109 11 62 137 92 7 70 50 27 0 5 120 114 82 8 73 
101 116 80 2 50 65 79 62 71 120 98 41 122 82 69 58 55 
0 45 13 128 95 60 94 27 28 100 0 108 50 131 77 43 123 
120 74 24 14 41 63 26 16 56 45 93 29 71 43 21 121 58 
13 34 112 48 27 26 72 26 82 62 81 94 64 110 0 120 21 
107 109 11 62 10 92 16 70 50 27 0 44 120 114 123 7 65 
134 64 30 98 135 25 10 48 9 133 132 64 27 18 98 62 0 
114 106 0 78 27 134 65 59 120 134 59 14 1 51 94 28 30 
120 80 131 0 68 0 51 44 62 127 105 119 94 11 0 110 73 
67 41 101 137 13 132 4 61 4 29 120 46 59 104 133 22 14 
117 51 137 53 116 27 76 44 62 9 120 59 50 92 75 50 97 
48 27 51 62 0 130 26 96 124 64 60 98 72 27 0 4 74 
78 64 4 53 48 127 119 56 46 1 98 68 111 39 57 90 116 
57 52 137 26 101 132 98 87 52 98 120 112 44 77 119 136 48 
70 24 27 102 35 63 101 120 27 92 70 128 39 18 0 47 10 
94 41 107 78 117 99 4 81 115 16 120 79 1 22 123 68 77 
101 132 111 51 45 73 32 62 76 120 115 137 133 42 114 85 55 
26 90 95 108 70 99 120 60 70 64 43 130 59 111 55 19 81 
0 45 57 82 115 35 52 27 54 68 0 57 50 43 65 131 118 
120 26 19 77 41 119 74 47 56 45 47 93 58 131 102 124 58 
74 64 4 91 70 83 120 110 70 90 43 79 1 111 61 97 55 
137 27 62 134 62 64 120 18 87 98 115 42 120 53 26 27 125 
48 27 51 62 0 130 74 96 124 64 60 98 17 27 0 95 26 
131 6 131 102 120 17 27 36 62 10 107 130 95 131 77 10 75 
92 3 134 24 132 45 17 133 73 88 90 27 28 13 13 27 62 
92 64 10 4 113 5 137 34 40 118 83 64 27 18 95 62 0 
29 62 38 11 94 26 136 134 45 41 120 53 120 39 101 10 38 
108 37 30 74 101 99 4 46 21 98 120 101 5 73 29 38 28 
39 109 30 23 116 27 40 25 62 76 120 48 50 92 127 45 96 
67 30 112 30 91 116 98 81 4 93 120 130 1 66 82 104 77 
108 67 10 74 101 132 115 32 67 115 120 107 44 77 47 100 59 
7 62 68 26 67 74 104 92 45 41 120 51 120 36 112 10 38 
39 28 101 88 27 11 25 11 133 62 61 52 64 103 0 120 52 
0 45 57 133 95 35 127 27 34 68 0 108 50 131 73 131 42 
126 88 112 34 27 26 5 26 128 62 80 67 64 35 0 120 37 
67 10 112 30 117 116 95 55 95 119 120 46 54 104 118 104 65 
30 64 95 129 1 37 29 110 49 88 4 104 18 57 36 64 83 
107 121 61 129 50 65 49 62 40 120 95 10 133 118 15 125 12 
11 90 115 39 70 132 120 56 70 90 131 49 54 80 18 113 111 
30 27 62 134 62 90 120 61 32 4 98 133 120 129 26 27 58 
52 41 107 137 126 121 98 111 4 8 120 87 48 66 118 104 14 
101 86 61 109 50 73 32 62 76 120 98 10 118 133 105 9 80 
137 90 98 53 1 102 16 20 130 54 4 136 61 117 108 64 124 
26 56 90 102 115 130 84 93 136 126 101 45 98 107 97 64 70 
91 53 78 23 121 27 85 17 62 71 120 48 50 134 127 45 3 
0 109 84 130 40 38 136 47 45 77 10 90 0 45 120 101 105 
120 73 130 20 14 100 62 32 25 73 53 46 107 49 120 4 70 
120 11 113 77 41 47 26 16 56 45 7 8 85 131 21 124 76 
0 45 117 128 4 110 127 27 48 38 0 117 50 131 14 43 128 
120 26 19 65 41 93 26 16 110 50 47 119 58 131 75 132 40 
70 96 27 102 60 29 101 120 27 92 70 122 126 18 0 29 137 
81 131 124 49 87 45 51 12 2 43 34 90 60 90 17 60 131 
41 27 62 92 62 90 120 111 130 4 4 123 120 109 74 27 71 
134 64 30 98 97 25 78 59 71 42 86 90 27 61 115 62 0 
120 65 49 20 73 136 62 49 72 77 129 79 101 87 120 95 70 
33 9 0 78 27 134 65 34 120 134 48 77 34 51 75 48 10 
0 50 117 123 98 56 52 27 48 136 0 91 50 131 65 43 123 
10 27 62 134 62 64 120 31 46 98 115 128 120 23 74 27 58 
120 14 79 56 73 136 62 130 44 14 51 87 112 46 120 115 70 
88 27 51 62 0 79 26 24 124 90 56 4 25 27 0 95 74 
57 127 10 26 112 86 98 87 37 4 120 112 44 77 119 136 28 
137 64 4 23 88 37 8 20 79 34 4 38 61 108 36 90 83 
137 64 95 109 1 102 47 56 79 59 4 66 81 57 39 64 86 
131 33 43 67 120 25 27 39 62 78 101 49 98 43 14 78 127 
110 44 0 43 35 59 92 62 91 20 60 62 55 51 118 44 134 
70 97 27 94 60 7 107 120 27 134 70 42 57 18 0 63 10 
137 27 62 92 62 90 120 80 79 98 115 123 120 51 26 27 40 
56 44 0 43 20 88 134 62 36 35 20 62 55 109 123 72 92 
108 94 41 74 112 116 115 49 67 98 120 112 5 73 93 22 28 
94 78 101 41 91 124 4 18 98 8 120 87 1 136 118 104 73 
70 135 27 102 35 119 101 120 27 134 70 133 91 18 0 16 137 
0 109 15 130 85 100 68 63 50 65 30 90 0 50 120 101 105 
11 90 4 57 70 86 120 20 70 64 131 87 34 31 31 19 12 
134 60 34 51 112 120 39 50 17 107 60 35 107 120 62 24 92 
57 129 78 53 124 27 85 72 62 76 120 59 50 134 67 45 96 
0 50 108 133 115 110 75 27 48 66 0 39 45 131 77 131 42 
134 90 85 65 42 45 108 70 51 115 64 20 29 32 7 120 108 
112 53 74 62 78 134 119 70 45 27 0 5 120 15 82 47 65 
101 51 11 62 10 134 7 70 45 27 0 25 120 15 42 47 65 
134 90 106 14 133 50 117 70 109 95 90 103 16 79 7 120 117 
103 5 0 131 56 59 134 62 117 35 35 62 18 129 123 17 92 
120 74 135 77 137 8 26 93 110 50 16 119 106 43 127 116 40 
43 30 44 70 36 45 0 74 59 59 136 132 131 101 70 119 73 
0 45 13 42 115 20 75 27 59 22 0 126 50 43 77 131 123 
112 132 18 23 45 65 32 62 106 120 4 78 118 82 69 85 61 
120 11 24 77 30 8 74 16 35 50 16 63 85 131 67 116 85 
70 96 27 67 110 7 101 120 27 92 70 82 13 80 0 119 41 
30 27 62 134 62 90 120 80 87 98 115 123 120 129 11 27 125 
43 78 17 70 13 45 0 11 59 54 104 124 43 101 70 63 73 
11 90 4 39 70 116 120 20 70 90 43 49 48 111 111 19 12 
117 28 101 48 27 11 25 26 128 62 81 21 64 56 0 120 94 
107 83 61 53 45 73 87 62 85 120 98 41 82 123 105 40 31 
137 64 98 129 59 67 47 60 79 59 98 22 61 91 36 90 124 
43 41 17 70 13 50 0 11 28 59 66 83 43 112 70 8 14 
101 2 11 62 137 92 16 70 45 27 0 5 120 33 118 8 14 
70 113 27 75 60 29 112 120 27 92 70 122 117 31 0 16 30 
134 64 40 73 123 45 108 70 129 95 64 103 47 87 47 120 13 
56 17 0 131 56 28 92 62 13 56 60 62 31 129 118 5 134 
26 90 115 117 70 99 120 56 70 90 131 49 88 31 61 3 55 
43 114 131 127 120 72 27 108 62 78 112 87 95 43 77 137 127 
91 53 137 53 132 27 9 5 62 40 120 34 50 92 75 50 97 
77 121 43 45 26 128 135 107 51 20 4 127 55 26 60 92 113 
35 44 0 131 20 54 92 62 13 35 56 62 80 23 128 44 134 
43 15 131 127 120 25 27 108 62 78 107 46 115 131 65 41 94 
43 15 43 67 120 72 27 13 62 30 112 79 4 43 77 137 52 
35 25 0 43 56 48 92 62 57 56 110 62 31 51 82 72 92 
10 27 62 92 62 64 120 81 87 4 98 82 120 51 26 27 85 
26 90 115 57 70 99 120 35 70 90 131 130 34 81 18 19 55 
0 45 117 82 4 110 102 27 28 104 0 126 50 131 77 131 123 
43 89 131 37 120 5 27 117 62 137 112 49 115 131 14 41 102 
39 59 107 34 27 74 25 11 123 62 55 37 64 35 0 120 52 
39 21 41 11 107 86 95 32 21 98 120 112 72 77 29 66 48 
134 113 92 3 83 50 72 133 14 28 90 27 1 57 39 27 62 
20 44 0 131 35 88 92 62 91 110 20 62 61 2 123 5 92 
43 69 43 75 120 5 27 108 62 78 112 46 95 131 14 137 102 
92 56 54 53 112 120 57 50 25 112 110 56 107 120 62 97 134 
112 53 11 62 10 134 63 70 50 27 0 72 120 89 42 29 65 
120 11 19 65 137 29 26 119 103 45 29 29 40 131 94 124 9 
54 27 129 62 0 49 26 96 124 90 110 4 25 27 0 115 26 
