534 15
398 232 100 181 352 72 20 69 412 477 9 275 409 492 269 
214 179 140 203 435 361 0 413 373 479 484 318 428 248 184 
198 132 359 192 425 486 126 38 48 317 207 146 292 5 300 
178 348 204 411 460 280 405 530 391 301 524 532 522 223 268 
131 289 95 394 96 308 323 79 411 284 23 494 391 467 320 
204 282 492 329 65 501 64 7 340 236 257 369 9 313 41 
275 481 110 192 127 182 465 258 5 228 430 47 238 390 28 
218 503 117 262 348 497 62 79 529 464 334 336 529 235 30 
88 223 448 187 203 394 524 352 346 444 89 111 500 248 76 
198 161 448 37 3 131 53 89 100 248 454 528 69 267 449 
108 15 94 481 178 79 143 447 487 250 210 75 14 94 250 
286 511 217 82 494 435 121 286 10 93 160 347 0 354 151 
387 353 256 532 326 264 272 65 292 416 53 112 23 110 131 
394 392 286 94 127 265 416 396 5 298 421 511 278 36 344 
361 351 122 481 7 144 29 219 77 314 259 274 277 208 257 
272 292 460 13 4 130 524 91 349 387 236 276 275 340 348 
136 526 65 201 61 394 363 280 22 314 224 374 485 117 494 
391 219 292 7 195 278 204 89 166 485 460 53 248 104 491 
503 387 485 71 454 524 87 140 345 482 269 142 7 414 412 
232 389 518 486 300 286 142 251 32 112 207 497 33 288 137 
454 323 8 248 7 174 105 519 7 460 264 215 304 382 485 
391 442 233 407 275 413 117 117 465 162 267 323 5 512 38 
260 265 256 520 477 107 206 521 307 446 78 163 233 200 54 
221 172 423 9 125 460 33 74 257 394 327 347 159 346 78 
165 457 30 9 104 460 214 173 257 379 255 398 159 69 269 
221 396 423 9 104 460 214 152 257 394 4 298 159 69 269 
400 348 67 411 460 180 43 296 322 180 524 532 522 461 482 
387 132 213 532 326 264 272 65 292 416 329 211 342 376 258 
175 30 323 17 292 524 313 221 371 151 94 330 134 206 382 
408 518 334 507 47 498 207 413 374 458 413 23 121 133 430 
269 18 54 380 159 443 106 272 330 376 65 81 111 151 216 
140 329 237 215 237 158 230 498 472 460 319 37 520 124 330 
260 373 328 285 429 231 513 521 179 446 156 462 262 144 390 
361 292 460 13 380 130 240 227 383 387 105 199 146 79 348 
415 481 344 34 323 95 209 472 58 27 246 46 187 54 486 
68 416 228 113 435 432 515 217 432 159 159 356 380 329 161 
256 371 7 111 142 82 372 288 209 76 426 175 264 411 343 
313 141 13 363 486 427 159 23 328 386 225 436 118 299 347 
61 140 26 271 47 352 469 413 313 458 274 483 285 133 261 
166 486 285 111 75 436 300 101 284 296 340 469 384 216 474 
329 372 143 348 341 5 196 33 340 368 184 304 330 502 503 
198 177 30 6 208 497 247 55 48 66 469 146 292 5 300 
454 123 529 82 522 435 325 286 324 353 160 298 0 95 151 
348 306 77 238 227 207 463 268 94 3 450 329 372 142 509 
460 142 353 335 532 308 108 116 187 408 296 514 461 293 318 
258 289 154 394 472 308 111 79 355 284 407 522 322 467 87 
165 487 30 319 458 460 15 152 257 394 380 298 159 346 156 
360 487 423 9 506 460 170 152 257 379 380 398 159 346 491 
432 21 343 56 499 183 437 480 37 71 222 435 128 214 354 
503 264 158 30 494 215 485 398 500 227 204 326 337 159 266 
159 194 197 496 292 520 169 355 136 65 399 329 57 192 330 
257 385 88 379 358 344 387 467 244 337 217 159 51 257 380 
216 387 428 21 149 5 346 221 322 493 250 190 167 114 257 
232 61 365 497 300 454 142 251 113 211 207 210 214 288 515 
170 6 227 532 292 257 43 385 345 21 27 474 362 49 292 
408 270 26 287 46 352 72 413 501 458 413 342 121 48 310 
298 232 100 304 498 433 20 346 412 471 319 294 261 191 78 
358 379 262 495 286 218 445 96 176 495 151 366 225 61 321 
67 73 492 329 145 412 147 7 340 362 257 193 9 313 153 
387 93 136 532 76 264 272 287 292 502 329 369 25 139 531 
138 387 83 257 368 107 111 50 407 222 49 483 116 332 459 
306 337 232 479 57 361 324 419 446 227 494 300 381 438 437 
37 346 117 37 402 117 166 453 146 497 7 322 247 309 69 
253 379 106 116 286 10 449 382 20 116 68 426 340 309 445 
140 329 175 216 263 113 80 442 437 460 9 37 195 124 330 
391 284 292 7 121 363 67 133 396 485 460 329 248 104 78 
363 476 520 326 336 330 289 299 225 457 361 100 318 437 365 
0 81 181 142 37 307 348 56 17 357 256 428 106 302 435 
264 91 230 247 29 348 165 286 131 208 293 84 21 396 157 
424 268 308 338 203 394 148 522 428 488 217 394 308 178 298 
170 179 270 279 435 488 288 94 265 526 106 104 428 248 468 
227 413 85 415 124 425 432 441 343 260 278 340 485 387 447 
399 439 435 319 472 465 217 458 384 442 390 73 381 101 442 
275 530 110 119 323 354 52 531 375 228 409 24 187 54 242 
142 346 284 414 76 69 531 89 66 66 426 354 517 140 118 
170 73 91 532 292 257 43 349 345 21 59 470 399 111 292 
300 310 412 425 373 5 340 76 343 344 417 142 532 272 494 
288 404 96 288 161 142 44 270 486 31 134 53 336 499 256 
337 216 480 402 499 168 286 164 241 454 134 379 121 458 454 
531 292 523 330 371 19 215 489 415 58 525 418 356 484 171 
257 419 13 379 77 110 387 232 173 337 217 159 80 257 380 
215 387 428 21 511 397 346 165 391 60 440 471 167 114 257 
352 39 21 184 266 89 372 252 308 135 502 411 532 236 517 
178 348 143 219 460 118 291 296 322 180 240 532 402 223 450 
105 308 484 355 478 120 63 532 323 245 292 176 207 532 181 
215 387 428 300 8 5 346 360 391 155 98 1 343 116 257 
16 225 341 322 257 147 117 213 113 524 404 198 310 321 326 
348 128 77 238 227 433 386 450 413 26 450 19 314 142 165 
394 455 454 94 111 160 502 168 397 398 199 149 278 162 376 
371 300 403 0 444 210 472 480 37 128 153 435 71 184 154 
56 117 472 0 179 142 235 365 242 425 57 53 336 367 328 
532 300 442 227 384 459 418 106 284 233 238 368 124 531 99 
432 300 99 56 367 497 472 482 37 128 153 435 306 170 354 
159 381 349 80 292 121 169 219 148 271 399 53 63 119 82 
506 7 244 237 364 271 335 313 110 236 410 506 313 330 524 
404 131 278 49 260 451 84 308 143 196 339 411 302 133 498 
431 27 488 221 259 270 227 460 86 225 420 280 440 383 22 
109 132 432 305 395 486 129 492 133 317 337 275 292 5 300 
512 41 513 344 532 73 101 309 465 372 272 517 292 483 92 
494 13 399 91 365 213 460 248 95 435 469 478 36 404 460 
109 179 67 37 3 258 329 48 100 264 286 325 69 237 338 
488 447 165 3 493 193 159 214 238 117 43 293 292 411 323 
142 69 219 311 76 346 437 89 252 422 366 345 40 365 250 
385 248 13 56 280 531 444 342 136 109 134 93 94 166 61 
533 123 239 361 296 435 353 522 402 419 294 283 13 372 76 
532 305 198 157 300 417 523 206 508 372 184 432 435 346 435 
89 159 330 76 21 215 381 471 107 494 271 247 103 274 30 
151 351 299 22 435 30 14 453 30 159 159 254 4 53 295 
257 303 88 379 90 500 387 467 276 469 529 159 234 257 255 
281 287 159 142 447 55 53 485 195 412 178 159 210 420 408 
337 21 219 340 109 142 206 375 264 218 169 524 461 135 76 
476 264 113 359 522 215 485 521 139 91 204 326 72 159 266 
330 227 330 379 179 308 519 396 37 414 379 454 76 225 62 
311 279 136 528 190 35 513 298 307 500 78 171 484 84 390 
107 356 428 231 525 261 523 308 177 336 362 523 502 36 13 
72 216 268 402 229 166 286 189 234 454 63 379 121 458 454 
332 356 428 107 530 246 398 308 50 187 399 523 290 247 88 
471 314 225 101 428 528 413 74 339 197 374 507 125 42 185 
61 249 415 376 532 6 101 61 356 314 361 517 292 47 384 
275 530 344 157 111 95 465 131 397 27 151 46 238 514 28 
393 476 528 326 336 330 129 228 225 166 272 9 251 131 368 
31 220 250 489 369 232 488 83 250 485 257 470 21 215 227 
30 21 343 56 229 183 258 268 37 71 388 435 461 33 345 
88 223 67 187 160 394 240 498 346 444 133 323 110 264 326 
443 117 204 454 137 183 56 530 122 204 30 112 91 476 348 
533 511 177 488 530 435 353 522 402 419 275 492 13 372 76 
136 371 7 49 142 82 314 0 81 76 366 237 264 284 99 
20 248 158 436 494 215 485 185 110 227 67 76 469 159 109 
227 274 209 206 124 208 359 456 167 235 393 79 485 387 200 
148 371 7 49 142 82 372 0 85 76 366 237 264 284 343 
361 226 122 525 7 447 283 411 456 314 14 413 57 31 257 
431 12 361 221 452 270 91 460 171 340 218 118 98 197 158 
159 42 331 80 292 195 99 411 256 224 236 19 401 34 82 
436 21 343 0 367 486 443 482 37 128 222 435 223 170 182 
441 394 262 495 286 218 321 472 476 495 246 243 225 315 189 
15 161 365 160 435 488 56 94 316 420 484 251 428 248 468 
256 442 231 239 304 183 399 288 224 485 177 484 326 322 85 
272 416 133 530 7 84 191 219 441 372 434 413 451 208 257 
33 119 91 532 292 257 43 349 154 300 27 470 362 111 292 
72 300 355 340 266 142 206 375 264 526 169 459 71 190 326 
232 357 500 216 139 466 428 474 498 495 84 221 404 428 412 
286 127 511 264 7 194 105 519 7 460 264 216 426 131 485 
158 384 155 267 346 300 485 37 106 458 493 414 435 142 354 
0 254 304 142 37 307 348 56 507 40 256 428 484 517 435 
236 308 262 284 45 427 57 532 323 10 292 20 72 532 426 
322 411 292 7 195 278 204 92 457 485 460 329 264 251 156 
392 47 428 307 113 450 468 177 116 227 56 191 522 217 100 
140 329 237 216 237 158 108 352 437 460 319 37 285 124 330 
136 442 35 50 181 497 399 288 145 485 50 484 326 322 85 
88 71 448 336 203 379 524 498 346 499 133 111 446 264 326 
138 387 26 257 368 231 111 177 25 41 127 23 114 107 524 
264 227 273 129 364 348 165 454 472 31 180 200 21 457 157 
142 69 411 235 76 346 472 92 120 188 426 345 455 140 98 
266 50 423 282 147 497 289 55 384 422 337 206 292 397 21 
117 382 417 127 311 57 447 308 67 334 512 219 302 122 442 
390 387 196 257 368 332 49 93 23 388 49 25 116 35 459 
207 215 480 522 333 18 454 16 273 286 134 394 121 506 454 
206 530 139 119 49 345 81 531 375 27 246 47 187 514 486 
44 373 213 195 477 107 415 521 161 376 186 86 106 144 138 
143 529 43 398 116 76 437 219 170 126 286 281 496 336 480 
197 248 88 288 301 96 297 342 136 266 277 177 94 487 512 
396 48 153 179 348 374 417 53 0 387 288 40 304 132 442 
148 359 7 127 142 82 314 56 85 76 243 175 264 284 167 
449 79 334 391 257 208 404 213 113 459 404 198 310 449 326 
213 526 224 135 61 379 278 280 158 372 17 374 485 117 494 
485 503 333 227 388 371 348 304 4 318 480 0 457 456 216 
141 387 485 223 286 459 220 368 345 268 491 142 7 504 374 
494 88 399 227 518 213 460 264 182 435 207 255 247 404 460 
141 387 485 128 454 459 220 365 345 450 115 142 7 44 313 
494 88 362 227 140 148 460 264 95 435 469 380 247 404 460 
361 292 460 13 4 452 459 227 419 387 399 102 415 79 348 
445 340 26 322 257 64 117 213 113 459 404 266 68 16 326 
141 387 485 128 286 524 405 365 154 482 186 142 7 235 313 
142 346 284 235 326 69 96 384 317 317 181 354 392 270 180 
286 511 493 82 522 435 528 454 420 353 279 523 56 95 310 
404 501 524 85 265 257 474 485 502 169 366 221 319 129 121 
454 49 149 264 7 174 236 328 7 460 264 216 304 531 485 
159 42 383 51 292 528 343 355 527 145 236 329 401 192 82 
487 183 195 111 514 359 21 474 355 481 79 207 89 216 474 
18 48 410 295 348 313 417 329 56 387 56 40 426 132 352 
512 153 415 376 532 6 470 512 465 314 272 302 292 23 92 
343 245 225 423 133 292 436 303 16 282 157 216 308 362 101 
404 258 363 111 260 63 447 308 143 334 61 411 516 48 442 
175 436 49 65 292 240 374 221 359 409 274 82 63 206 258 
361 292 460 88 255 452 524 91 349 387 236 421 294 225 348 
436 426 58 318 210 240 179 15 36 416 485 489 76 148 429 
469 215 480 494 499 18 286 449 234 286 451 379 520 125 454 
504 194 347 314 78 19 465 18 37 482 455 69 30 106 264 
393 141 528 326 238 82 162 59 79 168 488 9 125 131 270 
527 420 505 471 512 379 62 280 32 314 271 412 485 117 494 
468 179 368 265 435 361 0 413 103 245 106 104 428 264 33 
339 518 3 505 483 442 207 94 412 251 274 483 285 133 151 
415 530 139 282 111 354 209 96 397 12 261 407 238 514 497 
82 91 330 379 307 308 328 18 37 466 379 454 76 340 363 
454 123 150 330 402 435 528 454 479 239 316 398 0 182 246 
147 405 250 178 369 232 488 334 180 485 257 470 21 216 91 
489 348 67 219 460 280 220 530 322 301 240 532 402 71 464 
128 336 271 495 377 21 311 527 383 168 72 381 5 159 273 
27 65 159 142 144 29 53 485 520 374 39 159 183 245 309 
142 69 219 260 76 69 258 384 317 422 243 345 455 368 250 
362 308 233 355 380 205 57 532 49 526 292 476 337 532 243 
184 161 365 316 435 488 288 94 160 526 233 506 428 264 33 
39 348 143 284 460 118 320 481 391 118 459 532 494 461 268 
383 248 88 288 180 472 499 47 328 109 134 93 413 172 408 
56 85 181 142 37 161 348 56 505 357 213 428 106 40 435 
363 503 528 326 187 330 36 27 340 168 361 100 458 96 365 
455 407 428 161 32 464 468 353 495 91 288 364 402 60 9 
236 172 435 9 443 465 529 506 89 352 514 34 11 101 442 
518 53 267 215 175 22 80 352 382 460 100 37 528 473 330 
216 387 428 300 8 375 346 509 322 453 301 429 343 116 257 
267 432 127 505 292 240 313 509 436 430 274 82 134 415 382 
82 91 330 394 179 308 256 439 37 311 379 454 76 340 393 
181 494 56 151 31 508 151 137 520 404 413 361 339 112 375 
148 442 231 177 181 210 236 288 271 485 50 484 76 322 465 
488 292 460 88 327 452 524 91 419 387 399 421 275 340 348 
454 262 280 308 432 87 79 174 178 507 177 329 460 413 33 
454 484 440 308 423 43 340 11 178 287 132 19 460 94 15 
54 387 334 257 368 332 323 353 24 410 127 342 495 332 524 
230 214 94 530 400 79 143 447 18 180 183 390 434 413 440 
159 141 151 7 402 135 433 330 126 248 331 320 47 485 161 
348 461 441 238 91 337 86 464 94 3 482 19 372 142 221 
485 503 499 91 41 359 348 181 45 104 450 0 439 358 216 
109 50 436 192 147 486 162 424 92 120 433 206 292 5 300 
227 274 209 294 473 425 359 77 403 235 417 79 485 387 144 
391 284 292 7 520 417 67 384 166 485 460 19 248 125 269 
531 292 185 82 432 53 215 178 294 375 296 123 81 262 171 
413 345 474 301 42 121 372 147 467 479 482 159 449 111 344 
532 300 352 227 89 240 8 233 355 262 187 270 473 382 403 
387 132 148 532 76 248 488 224 292 416 53 112 25 376 131 
181 402 56 409 395 211 261 14 121 404 94 272 408 508 397 
257 349 88 379 77 500 387 467 244 72 493 159 234 257 478 
261 502 490 158 435 432 452 155 359 159 159 52 255 329 295 
227 413 339 467 90 77 169 301 371 240 150 363 61 99 333 
122 159 330 326 21 215 11 471 438 402 224 36 203 274 432 
257 385 88 394 441 376 387 467 421 433 155 159 273 257 255 
460 142 177 202 532 308 234 495 187 408 481 514 128 440 104 
532 34 109 192 300 278 398 513 211 314 15 432 435 346 435 
404 412 240 85 373 257 474 485 351 343 426 165 319 289 325 
504 174 185 314 156 19 52 439 37 480 516 69 432 233 264 
159 174 385 241 292 325 99 284 527 271 236 53 451 192 330 
129 335 503 56 105 14 366 36 357 206 112 343 524 211 515 
257 385 13 394 90 376 387 232 102 469 155 159 80 257 4 
267 371 127 145 292 459 374 165 432 261 94 82 277 206 472 
169 479 225 371 89 292 436 419 164 192 305 215 308 399 101 
142 346 355 466 326 69 443 92 205 427 181 354 302 365 293 
108 184 274 296 178 225 67 447 172 280 28 138 14 274 440 
264 227 234 289 424 348 360 454 437 64 301 144 300 487 73 
148 30 7 49 142 82 314 0 52 326 366 263 248 284 99 
4 486 498 465 142 109 248 467 355 322 84 336 346 322 82 
198 132 436 282 64 28 126 29 89 205 469 275 292 58 21 
389 2 513 500 532 305 470 339 85 314 488 302 292 47 384 
86 8 93 272 296 435 50 522 494 331 206 55 13 372 326 
363 476 520 76 238 82 126 27 225 487 488 100 458 437 518 
288 404 531 56 307 142 504 270 486 147 401 329 187 297 136 
215 387 428 21 149 375 346 360 391 155 440 201 99 116 257 
437 247 182 379 443 308 49 225 219 284 47 494 391 467 405 
527 498 107 353 304 486 399 56 17 485 353 233 76 322 85 
82 76 21 234 45 472 517 435 361 87 61 88 137 299 453 
123 281 361 509 515 518 91 460 475 340 218 280 301 383 158 
272 351 89 296 7 200 492 355 456 372 515 94 134 395 257 
460 142 50 3 532 308 273 495 238 61 296 54 128 98 251 
264 91 80 129 29 348 509 286 443 31 293 144 21 168 119 
384 159 330 326 300 216 42 190 438 494 287 162 373 94 436 
404 313 459 209 370 257 101 485 290 343 304 165 319 126 325 
4 242 442 254 142 109 248 232 284 391 144 187 69 322 82 
419 264 13 288 118 437 333 24 256 198 57 93 413 439 315 
281 271 159 142 447 29 19 485 528 313 489 159 497 218 512 
404 412 524 52 103 257 470 485 226 99 426 509 100 36 121 
295 314 326 314 519 413 117 410 74 69 341 21 100 122 15 
433 216 464 494 297 18 286 338 108 454 451 379 121 125 286 
467 40 344 215 344 44 428 101 352 495 144 360 404 428 412 
322 284 292 7 285 363 204 133 172 485 460 53 264 251 186 
405 82 257 118 3 512 227 21 412 293 245 84 448 499 165 
257 383 13 379 253 500 387 467 152 207 529 159 273 257 380 
458 7 244 175 29 224 196 412 344 105 249 458 313 330 459 
357 24 428 307 158 450 15 239 114 91 0 492 402 529 319 
142 346 219 466 326 346 96 92 205 422 366 354 516 270 280 
253 394 484 495 286 324 16 258 176 495 310 181 225 309 449 
37 346 404 37 494 404 18 493 146 183 7 322 162 408 346 
383 264 13 56 280 382 367 46 136 198 277 239 94 18 61 
61 249 275 376 532 305 101 61 465 314 488 302 292 24 122 
387 50 213 532 76 264 488 287 292 290 329 369 407 500 96 
294 525 376 305 323 345 52 531 397 281 310 46 336 138 183 
315 365 196 505 24 498 72 274 501 318 413 25 520 133 151 
159 476 68 7 494 429 337 82 289 248 197 43 23 485 179 
31 405 280 489 112 232 272 335 301 485 257 470 21 215 227 
528 345 260 72 423 13 238 320 428 526 272 196 74 337 2 
391 355 292 7 528 62 67 89 439 485 460 53 248 506 269 
185 467 100 426 442 337 20 346 412 1 319 415 246 492 491 
148 423 7 111 142 82 372 56 209 326 243 175 264 284 403 
274 354 470 98 42 285 314 31 232 420 450 159 189 49 376 
348 71 456 187 227 433 86 450 413 3 268 329 314 142 165 
49 439 159 326 112 7 95 504 314 167 143 532 509 92 352 
389 222 294 446 532 305 101 339 209 314 488 357 292 47 384 
517 407 428 307 22 464 468 132 116 227 0 55 402 155 319 
166 133 410 307 348 412 278 53 56 387 288 392 426 353 442 
102 43 431 95 264 312 129 13 369 15 270 365 424 189 319 
243 402 288 310 395 211 246 434 325 404 413 361 309 112 5 
423 366 397 318 242 524 307 33 36 416 485 39 76 213 471 
387 239 527 532 76 248 361 287 292 290 53 112 46 446 472 
391 352 233 407 415 274 404 404 465 289 267 49 397 408 364 
408 249 275 446 532 192 101 408 85 372 361 516 292 407 89 
329 314 204 348 202 58 335 184 79 140 214 243 330 416 176 
71 336 507 495 377 21 44 519 349 457 433 11 5 159 241 
167 218 340 371 384 292 359 385 445 282 192 215 308 399 101 
146 525 139 192 49 182 465 443 5 59 261 407 187 138 486 
91 413 52 146 473 425 432 90 167 235 363 225 485 387 84 
396 48 97 161 348 374 417 19 56 387 288 357 181 239 498 
7 329 352 363 528 42 286 531 362 348 435 121 330 348 320 
306 72 467 479 451 272 10 331 376 91 522 21 42 438 382 
264 91 234 129 55 348 509 454 531 64 293 447 21 457 6 
460 142 353 196 532 308 51 495 187 408 296 54 71 180 125 
90 379 262 116 286 479 445 382 141 116 68 304 340 339 449 
348 255 285 338 380 232 190 268 462 91 300 400 466 82 79 
187 183 232 35 215 228 159 348 27 82 117 387 185 127 460 
306 469 232 218 134 488 420 349 500 227 402 21 42 231 472 
419 248 13 0 98 472 367 24 519 266 277 132 94 18 512 
278 476 121 326 336 330 129 12 340 487 272 100 506 96 140 
533 149 132 272 481 435 50 402 522 385 206 29 13 372 326 
109 161 143 37 83 131 19 133 9 264 454 195 69 237 189 
348 461 253 336 227 433 462 480 413 335 480 53 372 142 221 
213 10 507 477 61 379 62 98 32 314 65 374 485 404 522 
481 476 324 308 363 191 78 117 389 236 266 297 239 423 142 
503 248 158 432 402 216 485 298 376 91 67 326 72 159 198 
108 33 413 296 489 225 448 200 457 293 486 514 515 274 293 
208 291 180 400 211 232 361 3 180 485 257 101 21 216 227 
300 430 412 147 160 397 340 76 403 376 417 142 532 272 522 
437 247 345 379 382 308 323 225 284 355 47 522 322 467 291 
256 498 332 239 366 210 105 288 17 485 93 106 326 391 356 
467 61 365 28 21 286 142 318 113 369 469 28 184 0 130 
442 489 300 184 266 384 314 252 308 1 351 219 532 236 517 
306 238 17 495 130 300 510 527 331 396 433 11 397 159 273 
151 502 490 113 435 359 515 60 30 159 159 81 380 329 295 
181 402 288 430 64 193 409 377 325 117 274 272 315 369 5 
489 348 448 411 460 250 405 296 322 98 459 532 402 223 480 
39 348 448 284 460 118 220 530 322 98 459 532 402 128 450 
510 11 523 314 78 53 465 487 37 450 302 69 432 262 248 
236 396 435 319 382 209 217 458 89 352 75 305 42 470 442 
519 479 17 471 315 394 278 180 113 372 145 412 485 404 402 
306 469 467 526 57 361 420 349 110 91 522 21 42 35 437 
96 292 398 82 432 329 215 400 275 397 525 431 356 233 463 
178 348 448 219 460 118 405 296 391 118 240 532 522 71 482 
360 439 30 9 318 460 184 244 257 394 45 185 159 69 78 
402 88 362 91 518 519 460 264 345 435 433 380 36 117 460 
469 300 411 79 109 142 415 58 264 479 343 240 461 190 326 
117 131 363 323 414 63 447 308 204 334 61 355 40 133 498 
424 268 308 16 279 379 527 522 428 272 155 379 308 489 406 
30 181 375 458 242 524 179 170 36 502 485 489 76 256 70 
297 357 305 215 400 84 234 112 385 204 292 386 416 532 53 
306 187 505 114 14 300 504 527 197 18 207 11 58 159 51 
77 379 262 116 286 324 338 258 476 114 151 181 79 389 16 
413 182 474 180 42 325 314 64 467 420 268 159 164 127 500 
124 464 435 374 329 107 266 471 453 243 218 220 474 523 399 
159 11 331 234 292 325 403 284 148 145 362 53 63 6 330 
117 531 363 111 414 57 447 308 448 341 512 219 517 92 442 
159 20 246 7 494 429 433 330 289 264 197 87 342 485 161 
216 387 428 21 149 5 69 221 391 60 293 135 403 116 257 
19 372 67 348 26 5 335 214 340 140 33 426 330 416 141 
288 404 531 0 161 142 414 270 486 208 401 19 187 499 519 
269 166 54 380 159 96 262 361 330 139 287 465 127 310 215 
485 176 229 227 222 423 348 243 4 458 450 0 18 90 216 
43 82 257 180 83 512 227 21 374 180 218 144 143 212 360 
532 157 198 157 300 363 298 294 508 372 214 30 435 346 435 
37 69 117 37 522 117 18 493 513 242 7 322 36 512 69 
339 270 3 65 407 442 207 274 412 458 413 47 325 133 68 
467 302 376 216 446 311 428 101 442 114 144 509 404 428 501 
99 245 225 371 122 292 30 303 445 73 282 216 308 105 101 
243 494 288 409 147 112 409 14 121 117 413 272 315 112 5 
232 302 139 215 344 235 428 470 352 114 200 509 404 428 412 
82 227 82 379 179 308 136 439 37 510 379 454 326 79 62 
197 248 13 0 118 531 297 47 213 109 451 177 413 457 315 
269 396 514 4 159 131 262 361 330 110 224 85 49 409 216 
336 497 467 332 215 228 159 348 228 330 117 387 523 127 460 
349 248 13 56 250 443 333 407 148 109 401 93 94 166 512 
348 45 325 449 45 232 201 480 533 91 300 400 235 82 340 
143 282 29 329 65 412 147 7 79 362 257 211 319 501 2 
207 21 284 225 266 142 294 375 248 324 99 459 223 1 326 
272 502 384 481 7 144 364 355 456 372 14 413 451 31 257 
56 117 472 56 179 142 235 365 497 31 401 19 187 444 213 
10 107 129 67 322 316 266 211 272 345 469 344 289 475 241 
131 162 95 394 382 308 49 225 219 355 24 402 391 232 405 
454 123 493 330 402 435 121 454 479 353 103 398 56 345 409 
431 27 361 221 259 368 91 460 462 340 479 301 180 419 22 
128 336 145 116 377 21 466 519 197 439 433 174 58 159 51 
359 300 403 288 333 28 472 482 37 71 388 435 223 184 182 
223 187 287 116 137 300 260 519 419 457 72 42 58 159 241 
338 79 341 391 257 147 117 213 32 459 117 109 261 164 76 
111 286 62 532 441 124 430 324 23 195 115 333 121 351 227 
266 132 432 6 64 183 162 364 122 66 337 513 292 58 300 
223 207 232 10 134 488 479 385 110 91 494 21 174 107 437 
33 305 227 532 292 257 220 385 354 300 228 470 236 49 292 
296 176 526 308 417 55 78 117 512 105 109 212 93 371 142 
329 372 67 348 26 5 202 214 79 365 33 366 330 226 141 
37 69 117 37 522 404 457 155 513 486 7 322 126 61 346 
420 107 129 67 322 370 266 193 272 345 207 139 247 86 51 
270 53 237 216 267 32 80 442 96 460 9 37 325 124 330 
476 387 485 223 454 240 87 270 345 450 156 142 7 504 412 
143 305 492 19 145 313 208 7 79 236 257 211 9 412 410 
30 426 397 458 210 459 179 468 126 226 485 400 326 136 471 
532 6 109 34 300 393 523 275 112 372 468 359 435 69 435 
18 497 195 323 138 359 300 470 411 525 340 469 89 215 101 
358 394 106 495 454 324 321 382 503 114 409 304 340 309 16 
270 296 292 490 35 341 430 471 44 300 195 116 105 460 484 
522 13 105 91 140 527 460 264 182 435 337 45 247 404 460 
190 314 340 470 428 325 413 276 389 197 313 145 318 194 398 
348 306 90 336 91 72 86 450 94 334 480 19 372 142 221 
359 426 375 318 497 240 307 214 247 351 485 489 76 328 70 
509 487 436 9 506 460 184 74 257 394 380 398 159 346 115 
223 337 232 218 277 488 218 385 110 227 402 21 381 35 443 
264 91 80 289 191 348 165 286 131 64 280 84 300 457 192 
198 353 423 282 31 242 289 29 89 66 337 415 292 397 21 
159 20 151 7 494 429 433 82 126 248 419 405 23 485 295 
348 380 121 338 380 467 70 464 462 227 300 178 504 330 225 
251 7 102 263 283 145 83 501 446 362 410 125 313 82 524 
460 142 93 196 532 308 230 116 238 61 525 390 128 280 251 
455 23 428 307 32 450 33 239 116 227 288 424 402 155 9 
274 354 474 250 42 325 314 31 467 526 268 159 321 127 344 
37 346 404 37 522 404 439 60 513 210 7 391 126 339 346 
88 223 143 187 265 394 524 498 346 297 133 323 139 264 76 
461 238 145 116 130 300 466 148 349 487 207 174 58 159 80 
51 184 274 481 400 225 204 447 396 250 183 514 14 413 118 
142 346 411 466 76 69 472 92 317 317 243 95 357 140 293 
62 176 121 326 238 330 129 12 79 396 361 100 251 96 270 
269 172 54 327 159 472 262 361 330 376 17 81 127 310 216 
61 270 334 17 46 442 72 274 313 251 94 46 195 122 409 
368 19 237 215 263 22 273 498 96 460 100 37 528 473 330 
167 420 340 423 92 292 436 197 338 6 6 215 308 105 470 
363 503 520 326 187 330 36 27 79 487 361 100 125 472 368 
32 392 244 58 273 522 248 193 321 100 177 55 533 478 326 
15 307 365 279 435 488 0 413 160 324 484 506 428 248 468 
248 227 51 36 191 348 165 454 131 208 180 447 21 18 305 
88 461 448 336 265 379 524 498 346 229 92 323 376 264 326 
491 172 514 327 159 258 106 361 330 446 145 356 111 261 215 
362 439 435 9 382 254 150 506 133 498 75 192 174 474 352 
488 351 89 296 7 200 424 219 90 372 377 274 451 395 257 
25 16 236 312 117 264 48 109 5 323 87 248 47 451 113 
491 396 138 255 159 443 484 361 82 500 287 52 323 409 215 
149 228 272 360 137 270 227 460 475 340 218 280 98 303 32 
261 351 59 32 435 436 377 529 423 159 159 465 255 19 295 
503 387 485 306 286 524 291 368 95 268 156 142 7 311 374 
309 97 275 446 532 34 101 408 356 372 361 40 292 23 89 
56 404 131 0 295 142 235 365 497 31 312 19 238 212 519 
473 268 435 313 19 107 198 471 60 366 526 291 101 406 399 
431 281 488 165 14 368 227 460 533 340 479 293 293 383 113 
366 402 0 246 147 369 261 377 325 404 413 272 408 369 375 
213 245 145 1 315 394 278 293 158 314 65 501 485 404 522 
433 21 411 340 266 142 513 5 264 218 167 524 71 471 326 
105 308 262 219 4 188 134 532 111 420 292 176 469 532 243 
56 465 366 142 37 161 348 288 224 517 519 428 106 357 435 
136 218 65 190 512 394 393 250 158 372 145 412 485 117 494 
307 314 76 314 136 274 404 249 173 69 341 300 319 122 468 
378 394 262 114 286 420 189 443 141 116 310 426 225 309 16 
488 416 89 530 7 84 424 284 441 372 452 274 134 425 257 
138 387 341 257 518 438 111 132 46 410 323 24 114 35 459 
520 154 414 207 432 88 336 220 428 10 361 334 421 207 388 
329 372 143 348 202 375 341 214 225 365 184 181 330 226 503 
0 117 96 56 307 142 260 270 210 208 401 329 187 229 136 
476 387 485 71 454 459 220 140 345 450 491 142 7 510 501 
533 8 353 488 481 435 93 522 494 385 294 364 13 372 326 
36 334 476 0 362 130 426 129 357 294 211 167 459 112 130 
363 428 108 159 111 10 166 262 215 181 313 403 92 460 32 
91 94 356 415 124 64 371 441 343 414 393 79 485 387 200 
321 340 202 391 257 64 117 527 113 240 117 198 151 445 326 
16 79 3 322 257 31 404 328 32 240 404 198 409 321 326 
179 314 326 372 136 94 404 153 74 346 202 300 319 89 170 
215 387 428 300 511 5 69 509 322 529 301 477 169 114 257 
460 142 177 83 532 308 241 116 336 61 525 514 71 280 125 
227 413 512 467 378 90 169 293 423 459 493 417 389 403 499 
272 292 460 88 45 130 459 227 303 387 399 276 206 225 348 
236 172 435 100 258 356 493 125 384 442 390 282 11 474 498 
488 84 165 341 150 369 159 184 187 404 43 293 292 219 49 
214 295 368 316 435 272 288 413 160 420 484 125 428 248 33 
123 27 488 509 434 365 91 460 475 225 324 293 180 303 113 
443 404 67 286 259 210 0 296 48 67 423 508 227 176 348 
488 144 509 26 453 211 159 33 238 404 43 301 292 219 49 
321 340 83 322 257 64 117 148 113 240 404 266 310 189 326 
454 323 418 264 7 11 105 136 7 460 248 216 426 131 485 
15 295 368 203 435 488 0 413 373 245 262 318 428 264 468 
382 126 354 379 131 308 323 225 411 411 47 402 322 467 87 
51 184 274 530 178 225 143 144 166 98 28 390 377 413 118 
179 314 76 372 328 413 404 153 152 346 3 300 9 89 468 
276 220 123 95 248 312 129 88 369 468 365 368 38 338 100 
179 372 326 314 256 274 404 41 244 346 341 21 100 384 214 
165 18 423 319 506 460 184 276 257 394 327 398 159 69 491 
122 159 330 326 21 215 194 429 231 494 224 129 279 413 359 
514 92 257 53 159 45 244 352 502 62 245 42 329 67 304 
267 432 323 507 292 240 501 221 432 246 413 330 57 415 382 
476 387 485 461 286 524 405 270 182 464 269 142 7 44 313 
405 82 257 440 83 512 91 300 412 293 420 200 448 444 165 
18 28 325 49 54 359 300 101 355 525 79 433 384 215 474 
387 132 527 532 326 264 361 505 292 416 53 112 23 110 258 
469 215 268 522 333 396 454 445 51 286 63 379 528 251 286 
389 140 83 224 25 498 207 94 374 506 274 23 528 133 430 
54 387 83 257 365 35 127 353 47 41 49 407 114 438 459 
140 530 292 27 231 334 68 70 311 300 285 116 105 460 484 
107 85 428 231 530 409 298 308 239 336 362 398 290 129 88 
257 303 13 379 441 139 387 467 276 433 493 159 496 257 327 
263 436 111 17 292 240 374 509 371 310 94 330 277 513 437 
124 480 435 313 329 438 198 135 453 426 245 405 474 347 362 
366 522 288 430 208 112 246 377 325 117 274 361 512 193 58 
469 21 284 340 109 142 294 397 264 479 169 524 306 429 76 
348 327 325 445 255 467 70 480 463 227 21 39 466 82 79 
274 345 474 250 11 325 372 147 232 526 464 159 164 127 376 
454 111 8 264 7 42 236 328 7 460 264 216 304 531 485 
460 142 93 26 532 308 234 114 238 339 296 138 128 98 458 
322 355 292 7 121 393 67 122 457 485 460 329 264 251 115 
386 123 239 272 530 435 353 522 522 385 146 492 88 372 326 
391 355 292 7 121 363 67 133 168 485 460 19 248 458 156 
82 91 82 394 307 308 328 168 37 311 394 454 76 79 393 
485 20 229 227 153 423 348 366 4 506 482 56 439 77 216 
460 142 132 341 532 308 234 114 238 339 296 54 128 180 104 
13 306 67 336 279 379 524 352 69 444 48 111 344 248 326 
223 207 467 324 134 272 479 419 139 91 522 300 194 332 531 
40 483 428 307 158 450 468 239 495 227 288 191 494 453 319 
214 6 227 532 292 257 87 303 182 21 490 474 236 111 292 
361 290 384 481 7 84 424 284 77 314 377 274 451 64 257 
19 314 143 348 202 58 334 468 79 270 170 366 82 351 476 
53 314 143 348 3 58 26 214 340 368 170 366 330 290 503 
232 357 376 216 446 44 428 101 498 495 200 509 117 428 374 
136 498 438 177 304 210 399 0 65 485 177 233 326 391 81 
395 320 293 400 369 467 361 341 118 485 257 474 21 215 227 
371 181 5 251 28 459 161 170 129 290 485 489 326 213 477 
140 481 292 299 438 26 310 471 510 300 121 116 399 460 233 
423 426 58 125 183 240 295 184 289 351 485 489 76 527 70 
162 335 476 288 236 137 366 126 302 206 112 167 524 193 434 
102 320 123 95 248 134 247 13 211 214 140 518 492 338 9 
234 184 413 481 400 79 204 144 168 280 497 54 259 274 301 
213 352 107 50 181 210 236 0 65 485 132 262 326 391 356 
147 220 301 489 369 232 272 335 293 485 257 474 21 216 227 
138 387 83 257 365 332 49 132 483 97 127 46 495 107 459 
102 220 149 154 264 277 36 13 508 33 365 365 492 321 319 
431 59 488 360 137 270 227 460 163 225 526 98 293 419 113 
284 117 237 406 491 294 172 309 330 106 88 314 377 332 203 
164 340 202 391 257 147 117 527 32 459 117 198 430 164 76 
