163 1
22 
42 
69 
112 
64 
112 
121 
47 
146 
58 
29 
42 
152 
129 
29 
79 
127 
44 
42 
106 
146 
52 
138 
139 
93 
48 
146 
62 
79 
50 
29 
22 
87 
87 
52 
113 
106 
39 
68 
52 
6 
161 
42 
18 
42 
71 
93 
21 
93 
87 
146 
104 
58 
113 
139 
73 
139 
135 
146 
106 
22 
139 
22 
146 
115 
126 
146 
98 
52 
161 
108 
115 
29 
91 
146 
146 
49 
62 
6 
118 
6 
16 
121 
113 
35 
64 
60 
138 
106 
64 
161 
156 
6 
109 
105 
29 
79 
79 
148 
36 
0 
60 
69 
157 
154 
20 
139 
16 
35 
104 
149 
101 
93 
21 
152 
93 
43 
135 
146 
16 
151 
84 
6 
13 
105 
13 
67 
146 
29 
73 
12 
121 
104 
69 
18 
93 
106 
48 
149 
161 
34 
12 
13 
64 
6 
86 
159 
73 
138 
67 
86 
93 
152 
147 
52 
100 
52 
139 
146 
21 
146 
104 
31 
