62 20
1 47 54 21 60 23 44 35 14 15 42 43 1 53 14 34 57 58 60 61 
56 38 34 26 60 60 21 60 51 35 9 2 55 25 2 40 37 1 48 21 
58 23 25 47 36 36 23 60 56 32 18 1 55 34 6 40 10 2 50 21 
34 19 14 6 55 21 1 4 43 38 37 6 0 17 26 30 17 54 1 33 
55 42 44 40 31 6 17 23 36 60 54 5 54 34 22 29 26 3 9 3 
45 9 5 2 60 47 58 39 38 54 52 16 59 54 45 12 58 26 43 26 
51 38 40 26 36 36 38 36 51 32 11 6 55 34 2 40 15 1 16 38 
13 23 10 46 56 11 42 28 41 36 16 54 1 24 26 9 26 54 12 56 
25 37 14 6 29 21 6 33 8 23 37 6 39 17 26 46 4 54 6 33 
54 22 4 38 1 56 1 29 23 46 33 19 33 0 47 34 60 51 44 29 
54 49 34 32 32 45 26 31 56 60 15 9 60 11 24 5 2 25 61 30 
54 52 17 21 2 58 1 28 23 30 24 15 4 12 47 34 36 51 7 29 
1 26 54 38 60 38 44 35 57 37 42 59 6 44 13 25 20 51 36 20 
38 40 48 47 24 59 51 28 1 60 40 54 40 29 40 29 7 55 44 53 
23 40 48 26 17 3 51 55 6 60 25 54 40 29 34 29 53 28 53 7 
54 45 34 15 35 57 47 27 51 36 35 41 36 11 33 22 1 25 57 48 
10 54 34 40 25 40 13 28 24 60 7 44 54 17 27 58 6 37 42 36 
28 5 7 40 3 6 33 23 36 60 54 52 54 40 22 29 26 8 18 8 
54 5 17 23 2 58 6 55 21 30 4 15 4 0 26 40 60 58 7 29 
54 57 40 37 32 57 47 43 56 36 15 11 36 18 33 42 6 40 45 16 
21 34 16 26 17 31 56 55 1 60 34 54 25 29 40 28 7 55 44 7 
26 5 47 6 36 36 55 14 4 54 27 28 46 26 58 41 34 1 54 47 
20 41 22 6 60 47 56 0 23 54 22 16 27 54 57 39 58 47 27 26 
47 5 26 6 36 60 55 45 33 54 59 28 46 47 58 41 40 1 54 26 
29 5 53 25 31 6 33 38 60 60 54 5 54 34 52 55 47 27 18 43 
12 39 48 42 60 52 54 4 47 0 5 36 7 23 56 12 54 45 54 40 
28 7 54 26 5 8 13 46 30 9 60 36 51 49 26 36 53 46 19 11 
40 19 61 1 28 23 6 17 43 38 32 6 12 24 26 16 4 54 1 33 
54 54 44 40 5 34 28 55 6 28 23 44 6 1 44 12 36 35 4 11 
54 54 44 25 5 40 28 28 6 28 38 44 2 1 7 0 60 15 24 18 
15 54 34 34 40 34 57 29 17 60 7 53 54 4 43 58 2 35 42 60 
40 19 57 1 29 21 2 24 8 21 10 1 12 24 26 48 17 54 2 17 
54 61 40 10 19 45 26 3 58 60 37 18 60 41 17 22 6 25 20 48 
28 5 7 40 31 1 24 21 36 36 54 52 54 25 42 28 47 43 18 31 
12 12 16 52 36 42 54 17 47 0 52 36 7 23 58 0 54 13 54 40 
54 45 34 10 15 57 47 43 56 60 35 41 36 9 33 42 6 40 14 16 
53 60 54 25 47 60 21 21 22 17 60 9 12 5 17 58 50 18 3 47 
54 57 25 32 10 61 47 8 51 36 37 11 60 18 4 5 6 40 49 46 
47 22 47 2 60 60 29 13 33 54 31 28 48 26 56 41 34 6 54 47 
6 26 54 23 60 23 7 32 49 35 42 59 1 7 14 40 57 58 36 57 
39 0 30 52 60 5 54 33 47 0 42 60 53 23 56 0 54 57 54 40 
54 5 17 38 2 51 1 55 38 48 33 37 24 12 47 25 36 56 53 55 
20 11 22 6 60 47 58 0 23 54 22 16 3 54 57 12 58 47 27 47 
40 35 13 6 28 23 2 33 27 38 10 6 12 24 47 46 33 54 6 33 
13 21 32 50 56 18 42 28 41 36 48 54 1 17 47 9 47 54 0 56 
21 34 46 47 24 3 58 55 1 36 25 54 25 29 34 29 7 29 7 7 
10 54 40 40 34 34 61 28 17 60 53 53 54 24 31 51 6 15 52 36 
29 7 54 26 22 27 14 46 50 18 60 60 51 20 26 36 44 46 35 18 
37 54 25 34 25 25 13 28 33 60 53 44 54 4 27 51 6 15 22 60 
38 34 16 26 33 27 56 29 1 60 34 54 34 28 40 29 7 29 44 7 
35 54 40 40 40 34 20 29 33 60 44 53 54 17 31 51 6 37 42 60 
14 38 57 11 5 52 54 34 23 58 25 17 3 27 43 16 24 1 60 17 
13 9 42 1 36 26 56 0 23 54 22 48 8 54 14 12 56 47 43 47 
14 21 19 48 56 11 5 55 41 36 46 54 1 33 26 18 47 54 39 56 
50 26 21 28 6 16 9 54 56 29 51 50 53 54 55 2 58 19 39 4 
54 54 44 34 42 40 29 28 6 28 38 44 6 1 44 39 60 37 33 41 
57 21 61 41 5 22 54 25 23 51 34 33 27 8 27 16 17 2 60 17 
23 25 16 26 33 3 58 29 1 36 25 54 40 29 40 29 7 28 44 7 
20 38 57 11 5 42 54 25 38 51 25 17 43 3 3 50 24 6 60 24 
25 19 49 2 28 21 2 24 31 21 19 1 39 33 26 30 4 54 1 4 
53 60 54 25 47 60 23 21 52 17 60 11 12 42 4 58 46 41 8 26 
23 40 16 47 33 43 56 55 6 36 25 54 40 29 40 55 53 55 53 53 
