444 15
202 112 397 258 104 405 71 325 337 343 278 71 109 397 32 
235 389 416 239 141 275 169 284 9 6 172 373 262 355 329 
58 353 27 168 351 183 371 27 140 430 349 275 52 127 394 
66 413 32 227 71 104 16 266 270 432 48 393 207 312 151 
405 260 9 338 74 216 83 300 227 345 26 98 108 306 26 
396 59 190 224 219 322 332 273 76 266 124 411 376 216 153 
167 316 368 432 261 283 73 237 30 236 291 300 317 34 169 
347 10 100 177 376 336 42 219 376 35 418 7 301 436 429 
54 401 319 253 71 85 431 266 102 71 32 227 202 159 157 
202 363 59 280 432 150 276 12 50 316 71 169 207 262 255 
221 242 243 434 391 278 390 30 81 402 163 176 94 433 306 
334 6 28 42 146 79 256 27 143 152 68 42 109 85 417 
99 340 245 379 237 27 330 16 330 350 300 84 59 228 224 
48 429 330 389 339 48 19 393 41 192 358 246 242 297 82 
213 419 300 280 205 397 116 400 389 71 253 272 245 249 39 
147 219 329 227 121 151 80 45 322 255 179 420 205 228 239 
380 242 126 25 46 268 283 237 297 145 379 176 265 413 306 
26 95 31 152 357 313 215 330 266 410 246 171 396 12 16 
79 256 431 319 262 90 296 236 268 340 61 117 58 210 380 
243 10 263 100 98 248 21 79 189 342 57 252 273 79 56 
333 122 293 366 267 411 126 401 89 190 50 110 106 119 69 
36 144 190 371 219 33 332 273 43 266 124 245 112 216 307 
192 8 147 37 213 163 44 118 146 147 110 380 217 239 172 
161 88 368 109 44 258 427 330 83 379 353 203 216 229 258 
223 109 344 36 102 217 275 435 301 141 216 353 403 172 235 
160 10 389 239 440 175 223 232 73 189 309 203 381 52 171 
327 38 282 292 124 294 31 321 244 442 260 216 271 290 248 
353 389 328 296 59 41 235 302 407 9 279 274 135 423 91 
58 271 85 112 44 341 129 42 195 217 421 255 343 258 85 
193 227 175 72 300 71 146 287 306 246 330 348 109 425 434 
36 79 112 85 351 404 83 241 320 349 35 144 353 409 304 
48 192 326 220 429 373 234 266 205 183 59 28 423 443 22 
263 324 52 73 18 248 128 96 443 275 380 255 407 237 366 
54 48 319 178 71 85 99 397 328 71 85 227 202 112 243 
333 243 264 366 393 279 201 11 409 262 169 202 128 317 236 
72 216 56 115 150 213 79 374 369 274 99 179 407 277 255 
127 108 75 143 237 27 330 10 330 42 142 368 59 112 375 
280 119 312 35 52 397 62 231 389 71 289 171 29 28 199 
74 100 200 268 110 81 216 213 330 406 333 380 393 237 144 
216 261 108 402 414 379 180 11 396 405 109 431 183 23 35 
58 233 85 58 121 74 290 408 381 217 282 262 34 173 32 
174 239 270 237 197 85 144 227 59 45 306 350 26 367 225 
216 0 66 145 231 163 203 11 192 405 109 87 192 339 35 
220 215 57 30 206 24 416 205 153 14 184 113 316 71 216 
370 440 261 432 368 43 205 30 237 236 170 312 1 223 4 
160 10 389 239 440 15 155 337 205 67 388 439 195 73 117 
424 330 58 387 287 59 354 100 213 71 275 187 305 224 266 
443 58 354 71 178 114 103 57 376 71 364 353 110 333 74 
385 405 28 212 298 287 359 27 143 256 68 199 109 85 310 
67 107 166 256 288 377 417 330 397 316 246 147 396 12 16 
6 226 268 232 341 216 375 314 227 55 67 264 340 304 67 
219 331 410 79 397 67 139 189 226 353 215 327 109 164 114 
430 228 233 28 217 244 85 237 241 206 347 78 410 339 208 
360 239 241 237 297 85 59 246 59 434 306 350 189 342 45 
368 203 275 321 252 310 49 286 365 210 371 375 280 237 129 
134 215 328 384 10 312 219 179 38 147 332 297 306 95 142 
75 235 144 32 202 179 265 162 3 68 85 202 180 376 246 
76 89 369 246 162 311 253 254 271 330 265 147 18 173 173 
390 267 285 39 264 111 108 159 63 74 75 189 330 163 26 
436 154 52 319 343 213 224 2 207 235 433 239 364 10 173 
117 66 29 397 309 154 128 59 103 381 122 138 225 330 403 
126 16 107 100 293 51 21 79 67 61 324 308 19 79 56 
268 414 371 178 314 144 263 320 337 370 167 115 104 255 369 
44 260 278 149 341 216 375 314 227 381 26 384 66 306 26 
215 404 397 295 406 48 119 343 345 107 330 213 22 3 312 
66 127 85 246 71 270 10 397 270 78 11 267 116 312 151 
20 30 44 232 375 9 265 113 295 119 245 432 237 315 250 
14 308 282 292 415 438 141 253 244 391 132 216 147 222 242 
79 256 413 140 190 118 420 69 9 66 367 147 58 326 221 
58 353 422 75 240 172 371 422 319 304 24 275 73 125 42 
357 239 144 32 110 152 180 162 3 318 32 202 203 159 227 
191 64 109 367 130 241 20 260 192 37 241 108 296 66 393 
110 112 266 173 241 44 71 325 358 185 268 71 109 266 85 
306 58 272 395 386 49 32 237 241 240 347 133 440 384 33 
20 218 411 48 161 228 56 14 266 66 73 219 190 12 39 
57 246 201 261 312 71 146 79 304 227 330 173 109 106 434 
321 310 57 30 351 441 290 73 435 37 141 338 316 71 216 
424 370 422 404 237 241 202 377 103 443 107 79 404 163 193 
216 433 339 28 325 275 440 26 93 200 148 178 367 344 216 
333 65 104 263 370 418 109 45 422 138 178 421 420 224 54 
43 75 239 329 281 440 359 401 280 165 140 430 91 284 252 
107 312 145 384 170 330 368 157 2 77 268 67 306 375 66 
425 417 170 264 10 300 96 179 308 117 64 229 304 95 300 
422 225 220 48 227 214 417 32 124 24 85 19 235 236 6 
110 112 397 80 241 44 71 325 149 167 278 71 109 397 32 
95 443 205 73 68 242 134 219 57 386 221 262 407 30 301 
426 227 126 0 300 71 242 287 430 227 330 173 109 106 45 
132 2 196 225 202 383 130 315 396 287 209 399 200 7 124 
11 12 403 220 429 177 252 266 73 36 144 136 77 443 22 
426 112 354 71 321 362 138 426 228 71 120 140 110 404 74 
216 241 216 217 235 45 321 11 321 223 279 348 354 399 290 
121 90 278 149 341 216 371 314 246 55 67 264 66 306 26 
215 404 397 295 165 48 309 155 438 107 330 213 22 392 300 
398 239 104 30 81 85 59 227 144 225 304 39 26 61 434 
54 48 140 178 71 85 125 266 170 71 32 227 110 58 243 
59 224 407 209 101 323 404 202 389 299 262 359 315 386 125 
268 385 55 284 125 109 134 390 434 113 85 413 443 16 382 
26 263 31 256 288 377 215 330 397 316 227 117 156 36 10 
200 31 84 109 44 173 18 330 371 379 140 208 216 247 80 
331 69 250 225 202 297 43 40 36 79 209 399 200 221 412 
221 104 375 398 279 262 198 140 130 205 339 163 61 133 11 
9 20 422 404 237 241 202 328 103 443 164 79 404 143 57 
52 415 208 121 114 69 240 286 258 176 360 335 59 94 205 
171 108 245 266 119 400 128 144 60 294 201 369 25 330 210 
246 246 241 32 66 153 97 149 32 196 192 363 300 240 96 
216 325 384 40 99 386 410 26 269 200 390 253 367 329 216 
23 109 312 311 189 210 286 165 204 405 347 397 135 376 105 
144 371 407 349 251 182 404 202 389 145 190 152 395 386 433 
223 30 44 338 83 9 8 113 200 309 288 259 30 136 196 
92 365 416 25 369 69 303 75 421 373 236 161 190 378 225 
243 121 169 309 242 177 109 218 59 170 272 48 365 15 248 
353 298 335 364 161 110 2 346 310 16 382 58 48 306 340 
76 329 46 350 98 182 340 159 63 341 29 26 330 163 67 
405 67 279 123 314 109 92 113 391 267 39 127 342 128 340 
205 412 439 405 102 236 285 286 348 355 181 242 59 265 52 
57 112 354 71 220 377 436 443 112 71 120 319 110 404 74 
9 414 371 253 314 59 107 4 338 167 155 409 241 262 103 
439 266 85 95 142 389 88 337 424 265 422 98 193 10 402 
216 270 216 386 235 225 178 401 220 277 411 80 200 210 222 
235 389 416 239 166 217 91 307 268 6 172 373 262 305 344 
401 72 330 389 264 48 367 418 53 192 337 246 298 247 387 
155 440 368 105 72 43 205 30 237 2 328 300 119 167 169 
117 96 393 227 121 360 80 225 8 262 179 323 73 228 235 
193 376 295 71 253 328 60 426 228 71 286 140 202 333 74 
75 235 144 32 110 359 322 440 65 427 32 202 8 112 227 
260 2 21 25 202 247 390 373 396 287 209 326 200 7 70 
147 96 329 246 6 392 173 434 203 255 256 420 73 112 235 
214 69 21 25 110 247 283 395 156 79 176 403 354 380 56 
293 109 300 363 189 403 286 84 365 121 134 397 194 112 259 
66 63 269 217 227 50 216 22 306 341 366 13 146 358 293 
253 215 193 237 442 24 290 205 284 14 437 149 410 71 216 
401 396 399 321 406 254 276 397 205 192 144 177 423 193 402 
216 241 216 386 239 225 321 11 321 185 86 258 161 403 416 
216 127 98 395 431 275 410 67 269 295 390 220 19 329 216 
264 109 300 363 26 399 364 261 366 6 134 266 356 58 133 
9 414 371 289 312 59 164 320 338 155 185 47 104 190 103 
58 147 85 376 6 74 129 394 195 217 282 255 223 173 32 
268 269 83 289 142 144 107 320 113 167 167 115 270 190 138 
272 340 357 397 198 269 347 144 369 438 372 138 45 330 326 
223 109 393 36 170 275 275 153 301 166 216 319 403 192 235 
369 440 30 295 417 239 330 144 112 316 144 179 109 27 33 
48 156 210 220 84 136 252 397 52 36 144 373 251 57 145 
143 27 30 263 222 69 194 267 32 396 117 314 440 330 440 
394 414 306 441 32 98 79 330 7 79 424 193 300 335 11 
369 41 205 353 34 35 375 236 137 235 433 235 286 16 173 
192 265 233 292 35 379 121 214 242 147 202 303 386 235 183 
219 260 162 287 266 26 176 189 132 319 215 14 109 95 170 
208 397 85 263 312 389 131 338 268 8 27 293 193 16 145 
253 310 57 30 46 24 129 52 49 37 184 337 162 71 216 
6 26 357 336 312 109 64 113 351 344 212 99 61 128 108 
324 159 218 71 220 328 103 57 159 71 286 319 202 333 74 
108 431 85 227 71 270 407 266 241 259 401 418 116 312 392 
109 72 196 74 38 415 195 180 67 16 45 101 368 399 18 
26 164 166 359 75 291 215 330 266 162 227 271 396 192 10 
3 239 241 237 281 32 59 227 144 225 306 350 67 342 434 
333 175 384 365 418 168 126 48 115 190 63 110 134 388 236 
413 340 288 379 237 422 330 407 330 408 312 368 144 228 224 
272 219 329 227 6 398 348 434 208 262 256 111 205 112 239 
7 270 224 360 411 255 388 319 130 73 98 163 342 105 401 
130 344 351 42 293 420 340 228 169 341 411 67 330 163 189 
117 219 344 227 405 151 258 45 94 262 256 211 205 159 239 
199 416 127 342 263 10 35 198 239 384 5 187 1 104 96 
199 141 417 71 229 14 145 109 274 366 219 109 148 389 143 
212 231 304 176 32 264 287 330 374 287 268 193 142 146 401 
59 83 16 139 428 296 333 110 389 145 190 256 315 386 325 
110 376 397 258 104 44 71 87 337 167 278 71 109 266 32 
48 192 399 289 261 136 38 397 205 36 144 28 101 426 145 
404 15 384 301 344 411 126 401 238 255 63 202 106 388 69 
426 246 15 0 312 71 242 287 304 227 330 258 109 134 225 
6 226 9 149 341 216 224 314 246 438 189 339 108 306 26 
52 382 439 405 102 236 230 13 258 305 3 335 59 203 52 
8 266 32 95 314 389 184 337 268 439 422 339 324 10 402 
431 108 29 143 237 27 330 407 330 199 300 261 59 159 224 
76 357 239 267 81 162 359 401 280 0 353 304 169 307 252 
66 125 85 246 71 104 407 397 241 346 48 418 356 312 65 
271 96 418 246 44 174 348 225 322 190 359 111 52 228 239 
223 109 329 156 114 217 275 307 301 437 216 140 326 36 239 
376 272 85 159 44 74 416 42 345 217 421 190 370 80 85 
280 381 300 387 266 353 164 392 52 286 211 397 264 201 217 
109 261 5 341 234 56 345 208 67 10 25 423 84 403 18 
361 48 353 220 71 85 99 397 313 71 32 227 110 58 175 
66 431 85 246 71 270 16 397 104 78 11 393 356 314 392 
319 146 248 13 354 110 69 105 417 10 124 159 401 430 108 
302 340 29 163 237 27 330 16 330 394 312 165 59 376 371 
401 396 399 321 72 28 276 266 73 12 144 136 251 426 22 
404 372 384 92 393 411 160 11 238 190 63 202 128 1 236 
156 59 190 83 96 94 92 367 148 397 274 75 112 216 17 
151 239 241 237 247 85 144 227 144 225 306 212 67 273 25 
424 231 83 321 314 144 95 50 149 34 223 336 270 190 369 
327 252 421 327 56 387 141 220 284 351 331 216 147 129 248 
143 98 250 76 227 322 72 311 341 70 375 216 146 137 281 
268 414 375 253 314 144 164 169 113 20 185 409 270 190 436 
433 108 357 379 237 27 330 407 330 199 314 165 144 159 375 
76 89 138 246 162 361 220 373 233 330 94 147 18 348 173 
424 154 375 289 142 144 263 63 232 370 155 47 270 262 369 
134 215 328 264 10 312 96 152 276 117 204 229 430 107 142 
192 144 255 83 96 439 204 273 130 397 56 75 159 216 284 
164 300 22 264 328 330 406 175 69 428 278 189 304 224 340 
235 389 416 235 31 386 4 49 9 121 156 315 255 139 329 
216 368 108 402 414 163 203 401 36 44 109 302 192 384 280 
408 416 125 273 164 407 213 317 235 264 5 41 419 270 219 
117 219 393 227 44 3 80 225 180 255 256 111 52 159 235 
243 6 169 317 248 249 109 200 144 291 233 401 301 126 51 
311 11 140 220 71 32 433 266 102 71 32 246 202 228 243 
310 333 266 200 0 401 119 343 438 107 330 35 402 360 300 
430 376 117 254 386 153 32 30 104 351 347 105 316 264 203 
268 330 112 387 287 59 295 421 213 71 217 187 209 371 397 
424 187 83 178 300 144 95 320 337 370 155 115 104 190 369 
311 48 353 253 71 32 127 266 313 71 85 246 110 159 122 
277 109 418 12 328 217 386 153 301 437 216 319 326 156 239 
402 66 334 428 437 178 226 236 415 185 208 394 48 404 354 
140 146 248 120 161 202 2 259 310 16 70 159 401 306 66 
216 406 340 22 269 379 8 48 12 405 109 302 156 98 213 
406 216 124 150 238 35 287 303 369 412 413 256 10 223 262 
216 270 216 386 235 434 220 401 178 34 411 258 354 210 416 
321 242 160 268 104 371 216 316 184 359 278 43 354 288 106 
292 50 333 318 403 89 62 404 250 104 265 351 198 385 340 
391 54 62 304 1 43 70 108 401 251 147 177 48 401 66 
350 222 87 61 95 10 213 198 239 384 250 187 309 241 219 
424 385 55 307 87 109 128 148 225 337 85 99 57 10 124 
35 195 314 294 397 319 263 392 205 364 111 266 384 243 217 
347 16 158 249 376 123 394 96 228 280 267 7 301 369 0 
108 4 187 217 246 4 216 402 306 74 204 13 248 149 23 
333 160 339 366 329 75 175 11 238 262 50 202 425 419 236 
27 225 178 401 246 226 215 32 415 209 32 367 235 2 44 
160 407 389 239 440 372 155 358 52 189 309 439 381 73 271 
216 104 216 386 235 225 178 401 321 167 245 80 218 210 290 
59 189 62 73 388 93 310 422 225 329 22 105 32 217 270 
43 393 285 394 23 296 108 376 320 74 86 26 330 143 67 
164 314 402 23 313 330 165 243 69 423 424 189 430 83 66 
424 330 112 294 79 144 218 282 280 71 386 231 176 224 266 
181 239 241 30 81 85 59 246 59 25 306 199 26 19 25 
405 189 86 89 300 109 204 149 391 267 394 302 19 134 66 
265 397 32 107 142 389 184 337 278 322 422 23 324 16 402 
74 421 354 9 110 297 216 280 330 429 404 303 393 237 144 
262 232 74 241 247 163 63 234 222 45 418 363 10 268 182 
228 319 27 357 230 36 83 422 319 306 441 386 205 433 199 
192 287 112 32 285 333 371 270 320 355 280 59 319 409 430 
426 112 354 71 253 362 138 426 58 71 13 319 110 404 341 
190 358 341 104 297 143 4 234 129 45 267 54 10 424 420 
9 330 376 381 287 59 295 282 35 71 386 41 209 371 397 
246 227 241 32 108 153 97 113 32 250 183 54 314 285 96 
219 226 316 287 397 67 209 189 214 319 310 327 109 164 114 
171 96 267 246 121 65 348 434 8 262 359 378 52 159 239 
189 263 88 152 279 291 215 330 266 316 227 272 396 192 407 
324 246 175 0 300 71 335 287 306 246 330 258 109 128 45 
59 26 135 73 198 41 215 27 25 418 299 105 32 386 241 
107 142 402 98 170 330 429 243 236 423 9 67 430 83 66 
219 118 316 79 266 189 355 189 214 353 310 14 109 164 102 
228 272 85 112 405 74 129 199 352 386 100 255 155 173 85 
172 144 262 224 219 203 365 367 283 266 70 357 159 216 284 
268 223 27 404 237 241 202 377 103 443 164 287 404 379 324 
341 421 295 268 202 229 216 213 330 165 333 380 418 237 144 
35 438 300 55 397 140 95 3 52 13 323 397 384 157 275 
228 147 85 228 405 341 129 408 381 275 100 190 343 258 85 
143 339 21 283 227 208 406 311 341 56 375 216 51 188 281 
109 0 250 74 38 382 381 439 26 10 434 423 72 399 318 
216 270 216 275 239 25 220 48 253 20 75 80 218 399 290 
76 75 239 329 81 440 179 11 35 406 353 306 63 153 252 
216 87 264 395 127 386 162 67 93 200 283 321 273 267 216 
216 241 216 386 239 25 289 401 178 185 86 348 218 210 129 
202 376 266 348 241 405 71 433 338 20 268 71 109 266 85 
379 264 250 390 227 208 0 363 74 412 224 216 248 116 229 
59 375 407 355 423 211 404 110 389 145 190 359 28 217 325 
218 184 165 109 44 80 68 330 371 163 140 180 216 247 348 
361 11 140 321 71 85 325 397 170 71 85 227 110 159 201 
266 292 74 43 387 254 28 304 416 238 104 343 287 182 96 
134 247 292 216 25 71 383 120 307 119 241 29 250 26 35 
110 54 59 280 78 123 252 36 4 316 71 50 188 262 262 
181 239 241 237 81 32 144 227 59 25 306 394 26 19 45 
227 227 270 85 66 97 17 149 32 250 156 311 300 391 96 
203 266 32 95 300 389 184 232 424 180 27 384 57 10 145 
33 397 32 107 314 389 166 338 424 322 27 339 193 407 299 
243 10 164 421 23 335 250 287 189 342 324 308 61 287 56 
75 239 59 32 202 179 8 316 151 18 85 202 322 228 227 
285 311 135 430 1 390 274 66 401 423 171 40 401 48 108 
74 158 161 424 202 197 216 35 330 72 333 303 418 237 59 
404 160 293 365 329 86 160 48 150 255 169 202 425 198 69 
110 54 144 280 105 336 38 183 50 410 71 4 356 255 190 
57 227 15 261 300 71 298 287 304 246 330 173 109 106 225 
261 216 56 150 115 213 79 303 436 415 302 256 407 370 262 
164 314 402 98 114 330 406 372 236 251 424 189 304 224 340 
221 270 224 174 411 262 309 319 390 52 293 163 61 133 11 
289 417 426 30 285 355 222 205 284 292 184 358 162 71 216 
189 164 88 152 288 170 310 330 266 410 227 271 172 156 16 
424 330 159 82 287 59 161 282 280 71 275 414 209 371 266 
401 72 330 389 384 48 61 393 93 156 232 227 146 297 345 
404 3 241 263 167 393 109 25 27 103 253 100 323 83 54 
193 227 126 72 312 71 146 287 304 227 330 258 109 106 225 
213 294 314 381 266 319 95 398 52 286 296 266 23 201 386 
340 320 93 217 246 91 216 402 306 74 92 120 146 232 98 
73 70 33 44 377 236 442 364 173 355 181 242 59 265 205 
213 388 312 213 205 397 188 231 389 71 289 233 288 254 39 
218 141 72 109 121 80 18 330 224 143 140 180 216 297 173 
425 215 170 339 10 312 219 179 38 147 64 81 430 164 312 
394 222 433 342 107 16 35 309 235 264 5 269 119 241 219 
140 248 146 120 354 110 2 346 417 407 412 159 48 306 66 
263 142 299 293 102 330 72 201 2 77 9 189 306 371 66 
219 90 316 287 397 67 349 67 331 353 417 14 109 95 170 
156 94 171 14 280 143 405 226 51 117 110 221 275 235 156 
163 27 30 263 222 2 135 329 32 12 272 314 410 330 440 
417 404 397 161 429 11 419 223 381 95 330 280 299 360 314 
90 69 196 434 110 81 148 136 172 79 355 403 200 380 382 
134 407 100 395 58 47 408 96 228 213 267 7 204 138 406 
386 442 217 216 349 254 415 32 337 397 27 196 395 427 13 
223 109 418 36 313 275 275 49 365 385 216 353 399 172 239 
275 240 275 216 24 315 382 85 358 266 422 5 254 427 364 
189 164 334 152 411 377 215 330 397 410 246 147 396 172 407 
341 282 295 278 110 247 216 35 330 72 333 303 418 30 144 
235 389 222 235 166 386 91 244 268 405 192 136 262 139 393 
321 335 122 278 270 375 216 316 334 256 9 283 354 288 128 
165 439 217 289 276 310 307 364 92 326 371 224 213 237 222 
143 27 30 263 416 69 207 418 32 396 117 312 410 330 410 
205 412 322 6 291 69 206 13 258 355 360 298 59 439 52 
379 422 30 164 290 2 188 393 85 12 271 300 162 330 162 
159 147 32 112 121 341 222 350 195 275 282 190 343 258 32 
42 166 215 71 197 327 299 109 415 204 96 109 148 389 163 
239 389 416 235 166 275 320 153 424 121 36 373 262 305 329 
79 152 99 319 190 260 323 69 268 108 367 271 159 399 374 
138 410 237 295 417 239 330 144 58 316 144 256 109 422 265 
405 226 278 337 341 216 83 314 227 381 189 264 66 304 189 
35 294 314 345 397 353 164 65 52 120 211 266 98 175 275 
361 48 353 321 71 32 433 397 291 71 32 227 202 228 243 
353 146 248 120 295 110 69 346 310 407 382 376 401 306 108 
76 409 138 227 440 311 289 28 147 330 439 271 318 258 80 
257 236 196 434 202 81 76 254 12 79 441 399 354 380 274 
299 66 131 251 31 178 331 236 124 343 208 394 11 404 295 
35 309 312 280 73 397 135 93 389 71 253 233 357 249 350 
52 70 439 121 377 69 240 120 258 441 360 248 144 265 73 
347 197 327 216 225 71 81 13 153 388 104 245 21 67 213 
416 48 216 404 337 179 210 202 386 25 48 32 107 107 108 
216 104 216 386 235 25 220 48 253 185 86 173 218 210 222 
215 404 266 354 261 48 419 185 82 164 330 35 145 181 314 
326 257 49 311 382 380 188 7 80 69 292 267 333 122 71 
11 192 326 178 261 136 276 397 205 36 59 28 101 443 402 
96 331 162 79 397 189 24 26 214 319 310 37 109 164 362 
443 376 200 71 289 291 60 324 112 71 286 353 110 404 74 
6 67 29 150 312 109 204 149 391 329 212 99 367 425 340 
44 26 86 238 300 109 301 113 391 393 394 125 61 425 340 
161 131 165 109 121 348 427 330 371 143 319 265 216 247 348 
370 30 405 337 371 278 33 232 354 119 29 133 30 395 21 
277 218 357 48 161 228 274 292 266 66 52 219 255 12 394 
372 16 164 158 23 298 250 79 67 61 324 252 61 79 415 
404 243 264 332 267 288 372 401 47 190 63 202 134 198 236 
425 281 292 216 45 71 81 364 153 309 104 288 5 26 280 
425 310 377 98 407 314 219 152 234 271 301 229 306 95 312 
216 431 98 40 431 275 162 26 53 354 43 178 61 393 216 
23 109 300 54 67 210 13 406 64 121 134 266 116 228 346 
283 411 239 329 383 410 152 401 280 261 319 304 4 153 276 
155 109 418 156 102 275 386 284 365 385 216 353 326 12 235 
216 165 66 299 414 379 265 48 183 405 109 87 183 23 280 
9 330 376 352 287 144 200 421 35 71 386 154 176 371 266 
347 310 377 23 407 314 219 359 276 272 92 229 430 107 142 
103 162 30 200 215 239 330 59 228 316 144 179 109 422 203 
39 222 127 61 95 10 280 198 235 23 250 154 309 241 219 
370 109 393 172 291 386 217 284 64 166 216 319 210 36 239 
9 187 83 321 314 144 263 169 338 155 20 409 104 255 60 
324 246 15 261 314 71 248 287 430 227 330 258 109 134 225 
121 26 168 150 314 109 64 149 206 418 350 87 367 425 108 
109 72 196 74 252 412 352 8 67 407 45 77 84 210 18 
108 87 32 246 71 104 10 266 104 105 401 329 191 314 398 
165 94 217 289 276 310 307 13 366 399 224 371 280 237 290 
52 415 8 121 114 2 46 286 80 209 398 242 59 203 205 
261 203 275 321 276 215 97 364 366 210 371 375 35 30 290 
11 165 330 389 384 401 19 344 414 183 113 227 51 281 82 
310 333 266 161 406 11 419 343 195 263 330 213 299 181 314 
417 333 266 218 368 11 309 343 345 263 330 280 402 3 312 
122 10 263 100 339 146 5 287 67 342 324 234 342 79 124 
202 112 397 173 270 44 71 413 358 185 278 71 109 266 32 
171 108 29 397 309 269 134 59 369 294 122 103 225 330 210 
404 126 384 365 267 357 160 48 47 190 4 202 347 419 69 
27 434 289 401 246 132 310 32 412 305 85 342 239 2 44 
233 96 418 246 6 65 348 225 439 190 359 420 205 159 239 
159 271 32 159 405 341 129 350 438 275 282 255 20 80 32 
134 10 100 40 159 123 39 219 376 35 329 7 64 60 261 
27 45 289 48 246 132 310 85 70 305 85 367 235 69 121 
390 418 206 408 264 111 340 159 320 341 245 26 330 163 67 
52 412 439 6 291 2 230 286 173 355 181 248 59 203 205 
353 242 335 364 218 202 2 105 310 407 382 159 48 430 340 
394 231 430 139 85 339 79 330 7 79 9 324 312 146 48 
347 407 282 315 58 238 350 96 159 35 267 374 301 138 72 
106 215 362 293 10 142 96 256 234 171 204 81 430 164 314 
279 239 59 32 110 179 33 316 360 427 85 110 265 159 227 
107 142 22 264 114 330 165 157 69 423 9 67 306 375 108 
354 385 72 109 405 258 68 330 83 143 140 203 216 247 348 
401 172 399 178 0 28 308 266 52 12 144 373 101 57 402 
442 311 116 430 1 130 70 108 401 77 233 249 11 48 340 
106 417 313 264 407 142 96 359 252 117 365 281 430 107 312 
239 389 129 239 141 275 50 284 278 405 396 249 255 24 393 
264 102 287 206 96 188 241 268 91 128 331 266 234 32 6 
178 417 324 237 230 139 416 205 435 14 385 338 162 71 216 
9 330 376 195 287 59 354 158 280 71 386 187 305 375 397 
108 127 32 246 71 104 10 397 241 259 11 393 207 300 174 
425 197 14 216 45 71 383 13 307 309 270 245 186 189 35 
216 368 340 402 93 379 265 11 192 44 109 127 192 293 213 
159 147 32 58 405 74 222 42 438 217 421 262 20 348 85 
125 340 357 379 30 27 330 10 330 350 312 84 59 112 375 
266 37 74 76 345 249 315 306 290 47 104 343 287 323 96 
340 325 85 246 71 241 10 266 241 133 401 418 194 312 174 
145 340 141 251 131 253 118 69 415 20 265 394 11 404 295 
360 239 104 30 247 85 59 246 144 225 306 199 189 273 434 
166 44 40 42 335 287 359 422 379 152 427 199 109 32 215 
396 94 171 327 35 163 44 214 335 272 202 380 275 239 396 
145 108 88 251 334 253 214 2 382 223 94 408 11 333 295 
399 132 17 363 382 303 191 380 173 69 327 329 333 15 71 
370 440 368 78 429 390 205 237 30 2 102 142 317 34 169 
110 58 397 173 104 405 71 413 232 277 9 71 109 397 32 
221 146 126 225 442 424 43 30 247 145 143 176 203 99 304 
216 165 66 299 231 163 439 48 172 44 109 302 156 98 213 
324 228 200 71 253 328 60 324 159 71 286 319 202 333 341 
350 437 417 71 383 37 22 109 382 92 96 109 76 389 143 
193 246 175 429 312 71 51 287 430 227 330 173 109 425 434 
29 239 144 32 202 256 180 316 181 68 32 110 439 58 227 
226 2 186 25 202 197 76 40 172 287 305 326 200 380 56 
65 235 104 30 229 85 144 246 59 225 304 199 67 61 434 
279 239 59 85 202 152 439 440 151 68 32 202 94 58 227 
66 320 400 275 246 50 216 145 430 74 301 286 146 338 98 
321 248 160 268 270 371 216 162 334 256 268 148 200 86 134 
425 247 292 216 225 71 383 13 284 309 104 29 186 26 280 
235 389 416 235 31 386 4 284 278 121 183 177 262 355 418 
319 242 248 120 295 202 2 78 310 10 56 58 48 306 340 
7 241 224 392 279 262 198 319 148 205 264 163 61 259 11 
319 389 114 182 144 154 235 125 407 9 411 56 194 77 91 
9 277 27 404 30 104 110 114 60 426 164 287 333 163 426 
110 363 59 35 346 89 234 12 63 440 71 320 62 255 190 
384 109 142 361 189 326 13 261 301 44 128 397 194 228 432 
130 123 138 227 440 361 220 254 147 330 208 271 427 258 173 
287 359 125 319 262 257 182 69 9 340 367 147 58 210 7 
278 343 27 333 237 104 202 362 103 426 263 287 404 379 426 
202 228 266 348 241 121 71 433 338 277 278 71 109 397 85 
386 285 275 216 441 249 412 32 358 266 422 186 40 68 364 
257 236 5 25 110 281 130 177 36 287 24 326 161 380 124 
216 87 293 177 433 217 440 67 53 218 76 289 342 267 216 
132 2 250 25 110 247 76 28 183 79 209 326 161 7 274 
201 16 389 239 410 175 343 338 205 189 1 8 438 52 171 
26 107 166 256 279 362 215 330 266 440 246 271 12 396 407 
271 340 245 266 309 41 425 59 138 82 122 138 225 330 326 
11 183 326 321 0 254 234 266 205 172 144 373 423 443 402 
106 417 291 23 10 312 219 179 252 117 64 247 304 263 142 
361 48 353 253 71 85 87 397 377 71 32 227 202 376 243 
212 166 310 71 383 327 145 109 412 204 219 109 43 389 379 
223 109 418 156 377 275 275 97 301 131 216 353 399 36 239 
424 330 228 195 79 59 218 100 213 71 217 414 24 83 266 
390 115 369 227 162 363 289 177 171 330 439 272 68 348 173 
