292 14
146 112 43 146 42 186 134 184 79 157 27 132 219 163 
32 112 37 144 134 254 32 96 193 123 51 68 158 169 
153 5 258 35 17 6 149 71 123 200 237 103 78 211 
6 132 177 26 251 287 85 68 179 119 70 20 6 85 
132 44 140 31 44 36 43 255 89 208 276 172 192 259 
90 201 192 165 28 194 34 71 253 288 51 180 20 34 
36 240 148 179 141 215 124 192 0 166 12 239 224 123 
169 71 251 239 17 137 0 207 213 279 276 238 43 124 
196 74 131 96 90 187 50 38 108 56 205 225 66 169 
90 68 187 93 26 194 34 71 253 11 51 173 174 34 
56 20 89 123 215 180 248 146 252 14 202 142 202 106 
166 112 255 114 45 154 166 96 160 123 116 12 158 169 
145 259 51 72 143 257 112 87 90 217 287 85 184 49 
215 77 87 12 151 123 49 89 172 159 5 110 244 87 
191 69 86 202 12 35 245 123 118 40 264 276 86 218 
24 194 211 189 60 96 22 3 36 291 84 264 6 36 
133 169 36 134 249 39 158 96 75 259 6 275 46 282 
90 261 177 158 253 109 76 269 20 124 49 90 224 163 
287 160 252 40 27 123 173 42 219 54 97 20 94 283 
287 36 241 184 156 9 5 96 227 145 143 247 199 110 
62 80 130 202 12 27 69 123 268 40 264 240 186 105 
196 165 56 96 90 187 151 30 60 56 135 235 66 169 
119 109 166 244 285 164 191 6 69 87 244 153 161 193 
284 36 90 249 236 76 96 205 201 49 221 115 227 123 
91 9 179 108 17 6 231 151 123 4 92 206 243 83 
247 90 225 88 36 7 36 78 173 130 112 178 17 215 
112 169 162 63 10 156 202 133 140 88 127 233 75 17 
249 63 178 89 23 232 67 38 156 85 87 116 221 124 
112 169 162 63 277 156 202 154 140 145 231 111 75 17 
6 76 244 189 277 287 190 222 165 146 70 14 6 244 
112 66 170 76 116 287 184 167 9 131 163 287 17 19 
259 69 186 202 222 35 69 123 243 207 264 276 186 33 
162 229 82 249 154 143 288 284 190 193 132 85 248 7 
249 90 221 146 262 43 199 22 84 57 214 279 84 277 
73 5 179 194 17 6 127 50 123 185 237 8 243 63 
249 83 26 221 184 153 246 76 70 177 87 100 89 72 
198 146 150 123 7 288 231 63 36 257 193 30 291 185 
135 144 219 67 72 211 239 24 12 29 45 254 116 112 
112 203 291 76 116 287 184 137 5 131 163 287 17 171 
238 112 5 30 86 221 258 123 71 186 183 190 0 192 
168 90 65 88 36 7 36 243 180 86 112 178 17 215 
45 49 64 111 15 179 217 198 126 141 287 143 217 260 
144 156 163 184 241 98 90 176 114 146 80 258 266 17 
166 112 5 39 160 28 17 79 229 243 36 228 7 291 
23 119 186 241 276 287 287 158 163 165 194 140 72 249 
210 93 115 36 199 86 187 101 249 283 258 96 5 276 
135 114 10 272 162 270 156 223 12 265 212 133 111 112 
249 90 89 146 82 87 84 152 126 80 193 279 21 251 
66 34 219 6 130 85 243 142 7 5 211 177 110 114 
236 95 123 247 7 91 23 25 112 158 180 107 202 177 
69 36 31 32 7 53 60 115 78 281 249 271 276 96 
17 185 72 150 123 248 96 158 81 94 176 120 90 40 
279 138 124 187 281 197 54 123 160 70 229 186 270 117 
158 233 79 112 90 205 128 54 184 4 39 56 190 135 
41 31 89 123 187 180 49 146 252 31 115 289 115 159 
80 36 14 32 7 61 194 202 268 145 249 75 276 96 
212 248 197 233 238 165 176 198 84 141 287 93 141 174 
267 165 176 158 152 7 39 60 112 213 281 176 136 30 
287 214 137 183 60 123 290 275 219 219 284 260 276 200 
223 114 277 120 72 83 204 135 68 280 134 254 116 112 
249 211 26 125 184 138 67 76 204 85 87 116 0 124 
39 100 142 112 90 157 196 277 23 99 158 220 85 34 
24 194 234 178 27 96 263 265 36 280 84 264 6 36 
112 23 167 53 89 244 278 18 187 40 291 243 288 112 
151 45 32 165 256 235 264 145 158 7 144 112 16 163 
287 160 196 148 27 123 180 98 251 54 62 102 94 200 
242 139 74 180 27 267 153 0 77 26 246 264 261 35 
285 34 10 6 130 244 147 19 7 228 270 85 153 114 
145 97 51 124 143 257 112 43 90 217 287 244 23 248 
138 143 176 158 188 7 158 35 112 260 281 16 272 132 
195 182 7 238 186 264 140 212 285 142 39 90 3 15 
242 36 213 166 7 195 194 115 268 281 249 269 240 96 
48 76 87 241 36 154 275 145 124 260 276 178 223 121 
180 116 16 123 197 153 37 85 255 96 15 93 245 112 
55 94 192 166 150 17 264 287 177 211 57 87 6 248 
39 111 289 112 90 135 137 219 184 159 39 56 190 24 
112 114 265 38 100 287 23 252 150 131 163 287 17 142 
282 71 191 190 17 59 180 280 43 112 88 39 5 44 
249 135 73 221 281 288 150 150 43 166 133 264 46 138 
287 36 243 23 156 5 150 96 37 88 179 117 84 267 
138 258 176 39 273 7 39 108 112 260 281 16 48 132 
254 91 124 192 281 237 277 123 237 204 56 130 234 42 
287 237 167 207 108 123 180 164 10 10 191 31 240 283 
112 184 182 271 221 177 224 262 192 209 155 147 282 112 
137 74 229 96 90 192 151 38 35 131 2 58 285 169 
9 199 105 101 247 205 18 74 33 170 137 120 43 150 
79 227 280 161 7 90 0 259 87 9 264 6 111 230 
166 112 9 39 92 26 17 19 56 147 36 9 7 265 
10 72 289 173 257 84 23 149 63 44 127 169 249 277 
146 112 87 146 275 186 45 23 181 223 27 38 54 163 
249 81 184 259 240 53 115 12 217 88 7 202 61 163 
173 111 217 123 214 110 46 190 216 96 62 143 198 112 
71 45 32 93 283 235 264 145 158 7 285 112 176 163 
55 94 192 166 9 17 264 287 190 83 198 87 6 266 
287 23 174 44 236 112 184 249 195 76 16 36 6 82 
157 194 211 26 35 96 273 170 36 236 84 264 6 36 
7 206 37 244 234 138 262 36 207 287 123 168 89 166 
34 108 270 28 194 96 22 155 36 155 103 264 6 36 
203 239 163 23 268 275 90 16 285 119 69 179 248 17 
132 44 140 260 44 36 87 216 0 91 240 127 192 259 
17 106 124 150 123 49 96 158 128 94 217 67 90 148 
249 90 221 146 65 43 8 263 126 80 160 133 21 251 
15 69 186 115 121 27 245 123 118 148 264 276 186 47 
252 93 131 96 90 192 71 30 108 41 223 65 114 169 
39 111 79 112 90 205 182 277 23 159 39 56 244 2 
249 90 0 119 225 87 103 263 126 80 214 254 103 277 
132 140 140 102 44 36 87 216 89 208 276 13 192 238 
166 112 216 203 45 133 166 96 92 123 111 12 39 169 
249 270 28 125 184 232 161 132 204 85 43 233 0 124 
135 285 10 272 124 63 204 205 68 3 212 254 116 112 
180 116 217 123 193 110 59 190 109 96 191 179 198 112 
17 99 124 228 123 49 96 158 196 276 217 272 90 183 
162 156 237 111 201 247 114 166 170 127 122 191 269 140 
95 57 186 115 121 27 80 123 241 40 264 240 86 218 
69 84 74 77 194 153 91 89 290 28 48 264 148 60 
264 32 113 5 10 184 192 143 121 265 255 98 99 14 
17 200 124 228 123 248 96 158 52 94 217 136 90 40 
66 253 163 23 147 275 90 176 285 119 69 143 248 17 
249 223 138 125 145 1 5 150 43 32 133 264 227 208 
274 169 158 123 17 109 246 178 74 36 56 291 95 2 
114 2 54 6 86 177 147 171 7 9 63 85 267 203 
88 284 51 162 165 218 112 87 90 141 287 177 184 49 
22 93 115 36 139 186 187 101 249 283 258 96 228 276 
278 118 276 232 115 202 240 144 214 90 264 215 220 123 
161 38 43 78 36 254 168 88 72 213 276 178 34 12 
146 112 87 146 247 130 122 23 79 205 194 76 277 163 
252 74 131 96 90 192 71 132 27 229 205 82 285 169 
187 77 87 121 50 123 266 125 13 185 5 208 244 87 
279 110 124 192 281 214 219 123 193 70 41 86 270 42 
146 109 166 244 285 247 95 6 80 43 244 73 48 193 
289 255 280 48 7 90 89 97 87 5 264 6 100 129 
212 266 197 100 284 165 217 80 199 217 287 93 141 213 
112 66 155 76 111 287 184 167 5 56 163 287 17 289 
270 36 113 159 122 123 96 0 11 41 24 17 59 220 
188 165 115 36 199 86 215 224 249 283 165 96 9 240 
267 5 143 35 17 6 172 50 123 200 197 126 268 270 
66 157 54 6 130 177 268 79 7 228 211 177 73 66 
254 73 124 215 145 250 54 123 92 70 229 86 63 175 
173 111 141 123 237 110 216 244 227 96 95 143 80 112 
196 93 41 96 90 215 50 132 194 229 34 82 66 169 
184 146 186 243 276 287 287 158 163 74 108 44 124 249 
279 169 36 122 249 158 158 96 61 284 6 42 227 282 
287 36 78 184 253 9 5 96 46 88 258 175 126 208 
50 276 187 32 150 17 264 287 177 63 57 43 6 49 
198 103 74 180 35 232 91 0 173 178 67 264 183 108 
251 72 171 180 257 8 23 13 211 140 13 169 249 10 
107 169 158 123 17 255 48 26 258 36 229 236 191 205 
249 34 153 0 281 1 228 150 43 32 133 264 109 267 
164 90 65 88 36 7 36 243 77 186 112 26 17 215 
215 180 87 12 71 123 49 0 226 200 9 267 244 87 
90 201 187 165 189 194 205 151 204 1 100 173 14 223 
245 36 31 166 7 75 60 202 147 281 249 75 240 96 
146 59 32 190 203 247 238 6 80 87 177 232 67 214 
180 111 176 123 64 73 37 85 109 96 238 258 69 112 
83 36 102 200 212 123 96 125 288 229 34 17 109 41 
6 132 190 26 10 287 85 201 258 119 70 213 6 244 
195 196 7 97 186 264 44 212 285 19 158 90 280 62 
232 150 179 27 17 6 226 50 123 106 160 84 118 234 
15 112 228 76 86 89 143 123 50 186 40 244 125 215 
30 44 140 31 44 36 43 255 89 232 276 231 192 259 
151 122 166 179 99 225 264 281 158 7 285 112 217 163 
114 34 10 6 186 190 243 142 7 228 211 177 232 114 
48 76 43 243 36 133 42 88 72 213 240 178 34 222 
96 17 165 100 253 12 159 264 79 240 276 239 87 36 
144 156 163 184 268 117 90 176 285 119 242 74 49 17 
71 240 187 32 150 17 264 287 177 83 242 43 6 248 
72 220 262 249 133 143 282 259 85 64 76 85 266 7 
279 267 162 187 88 160 251 123 160 239 220 186 63 98 
285 253 163 184 147 168 90 141 203 119 80 258 266 17 
90 202 71 33 222 207 253 289 229 17 98 96 277 32 
6 132 177 178 219 287 190 222 258 146 253 102 6 244 
287 36 241 23 239 228 150 96 46 145 165 168 84 110 
187 173 87 12 151 123 266 0 226 256 150 110 190 43 
107 71 97 190 17 109 290 155 87 112 145 39 5 44 
238 80 86 115 12 108 198 123 243 261 264 94 86 47 
66 70 163 23 268 98 90 176 114 119 245 258 49 17 
279 169 36 45 249 39 39 96 271 238 6 275 255 107 
9 126 101 224 164 24 65 74 218 3 182 136 87 150 
112 169 124 63 10 204 202 133 140 88 226 233 195 17 
50 240 192 32 150 17 264 287 244 211 80 43 6 49 
286 55 97 190 17 255 290 236 43 112 281 158 5 44 
287 36 147 23 70 228 150 96 255 145 165 164 139 138 
279 208 72 215 281 92 251 123 250 204 220 130 234 42 
247 90 235 145 36 7 36 147 180 86 112 26 17 192 
259 36 90 249 170 30 96 24 121 248 125 202 227 123 
38 140 140 102 140 36 87 59 89 208 94 231 192 284 
181 255 291 136 7 90 125 259 43 150 264 6 111 188 
72 270 200 207 36 28 287 92 186 158 166 287 267 64 
146 227 166 85 285 175 97 6 69 43 85 138 67 197 
112 169 162 63 10 204 202 254 44 145 127 100 195 17 
150 126 218 257 117 223 225 179 224 170 137 246 43 228 
34 194 234 26 35 96 188 29 36 155 103 264 6 36 
162 234 106 148 36 189 287 214 186 39 32 287 267 193 
71 122 32 179 106 262 264 88 39 7 66 112 176 163 
249 63 26 0 184 153 161 76 156 177 87 100 0 162 
158 233 181 112 90 157 81 54 184 159 39 229 190 24 
279 138 124 192 88 197 219 123 250 239 41 86 83 247 
71 122 166 179 256 82 264 281 39 7 285 112 141 163 
91 143 16 39 129 7 158 27 112 113 281 141 48 132 
196 143 56 96 90 215 55 30 35 56 135 82 144 169 
132 44 44 102 140 36 43 59 221 153 94 172 187 62 
145 97 111 72 165 101 112 87 90 217 287 244 184 49 
264 32 102 9 251 23 215 143 222 280 216 117 159 213 
242 103 179 77 60 110 153 0 173 178 161 264 40 194 
104 252 7 259 130 264 44 212 66 171 158 90 155 97 
138 150 74 27 17 6 149 151 123 200 197 206 241 83 
137 93 56 96 90 192 151 38 27 56 205 225 285 169 
175 90 58 145 36 7 36 78 180 130 112 26 17 187 
180 111 217 123 193 73 46 85 255 96 62 74 242 112 
247 90 82 88 36 7 36 78 180 86 112 189 17 192 
119 46 32 177 203 275 15 6 80 87 177 73 48 250 
112 23 81 75 0 190 224 262 215 40 265 241 274 112 
22 179 115 36 139 186 215 224 249 200 165 96 5 94 
284 69 86 202 12 35 198 123 243 148 264 276 186 33 
151 122 32 258 159 82 264 88 158 7 144 112 176 163 
124 211 256 261 36 26 287 160 186 158 32 287 91 214 
205 114 277 161 162 63 239 135 121 155 134 254 233 112 
154 169 36 212 249 39 158 96 104 15 6 98 59 107 
249 90 89 119 65 87 8 273 199 198 250 254 126 54 
229 213 0 123 215 173 248 119 137 213 115 142 202 99 
212 49 250 116 95 165 141 198 126 217 287 143 16 102 
146 112 87 146 175 130 212 184 171 135 60 30 54 163 
281 259 233 162 179 105 112 43 90 141 287 85 184 248 
138 150 74 194 17 6 149 50 123 99 197 8 78 63 
249 90 89 119 262 87 199 188 139 69 250 279 8 10 
287 197 137 209 108 123 290 175 10 251 62 14 276 159 
192 180 43 121 55 123 248 89 149 256 150 110 244 87 
223 144 10 161 124 270 204 24 222 155 212 254 51 112 
90 12 192 93 178 35 2 151 204 11 100 180 213 157 
134 49 160 233 284 179 141 69 206 217 287 74 141 31 
146 255 166 85 66 247 15 6 57 87 85 267 246 250 
192 173 43 222 71 123 266 0 226 159 150 73 85 87 
180 51 141 123 250 138 216 177 59 96 15 93 198 112 
17 256 72 228 123 248 96 39 182 94 16 136 90 207 
112 184 81 195 221 177 257 65 215 25 170 268 1 112 
287 250 167 40 35 123 180 247 219 277 191 260 276 283 
6 38 190 178 277 287 190 222 74 146 253 260 6 190 
55 212 32 165 256 65 264 281 39 7 114 112 217 163 
205 27 211 26 194 96 210 291 36 291 8 264 6 36 
104 182 7 259 130 264 140 212 114 171 158 90 170 259 
287 23 113 44 280 112 23 249 75 76 217 36 6 262 
249 157 208 125 145 11 228 5 87 32 154 264 59 153 
73 258 176 158 188 7 39 60 112 20 88 16 246 132 
249 223 138 125 281 288 150 228 87 32 254 264 46 267 
9 139 47 33 42 34 225 93 257 3 81 120 87 9 
153 165 141 158 230 7 39 35 112 260 88 141 136 132 
66 223 10 6 86 244 243 19 7 9 211 190 73 203 
66 204 163 23 147 168 90 141 285 119 80 179 266 17 
170 191 123 98 7 110 184 148 112 158 180 11 115 177 
121 140 123 271 57 87 26 71 39 112 151 163 105 287 
151 122 166 165 159 82 264 145 158 7 114 112 176 163 
41 102 125 123 192 77 266 119 252 20 202 171 115 99 
133 232 162 192 281 250 54 123 197 204 41 186 270 275 
104 128 7 238 186 264 44 212 114 19 39 90 155 15 
211 36 260 106 122 123 96 0 288 41 157 17 227 131 
157 203 219 136 72 234 253 24 201 265 122 254 233 112 
76 140 44 213 44 36 87 46 221 232 276 149 192 284 
249 90 125 146 65 87 126 152 84 245 250 154 8 10 
50 240 215 32 150 17 264 287 85 211 69 87 6 248 
24 35 234 28 108 96 129 170 36 236 84 264 6 36 
259 242 130 202 222 194 57 123 243 183 264 276 86 224 
175 90 82 88 36 7 36 78 180 86 112 178 17 192 
287 193 167 261 108 123 180 98 251 277 15 14 94 283 
119 109 166 190 114 98 259 6 242 87 244 110 161 197 
96 123 247 75 14 151 291 245 88 71 220 279 108 276 
6 30 177 28 10 287 85 201 143 146 70 14 6 177 
291 95 123 175 7 110 184 209 112 158 77 11 202 244 
77 233 16 123 92 153 227 177 37 96 95 74 198 112 
249 2 73 0 145 107 9 228 43 166 254 264 46 267 
39 51 79 112 90 223 137 219 23 256 158 131 244 34 
112 184 182 75 89 190 218 82 215 183 236 241 286 112 
158 51 289 112 90 223 196 251 184 4 39 41 85 2 
144 2 10 6 130 85 78 79 7 9 270 85 208 114 
146 37 166 177 144 117 259 6 242 87 244 232 120 197 
166 112 216 285 45 133 166 96 237 123 111 121 39 169 
144 253 163 23 241 164 90 176 114 119 69 74 49 17 
287 184 31 44 236 112 23 249 61 132 141 36 6 225 
220 213 89 123 215 180 49 119 182 113 202 19 115 185 
249 90 125 119 225 87 126 263 206 245 64 254 21 219 
83 36 31 159 45 123 96 125 286 56 135 17 109 41 
6 76 244 26 10 287 244 121 258 146 204 113 6 177 
251 72 79 77 278 103 184 127 83 140 226 169 249 277 
166 112 46 144 134 279 32 96 237 123 233 121 39 169 
30 44 140 20 140 36 87 46 125 232 276 13 215 191 
205 27 234 178 60 96 263 291 36 291 84 264 6 36 
80 84 143 173 60 110 110 0 173 28 246 264 261 60 
166 112 255 203 122 279 166 96 160 123 100 121 39 169 
184 6 203 179 249 93 225 271 76 36 288 188 238 119 
166 112 46 285 122 133 32 96 92 123 111 121 158 169 
287 36 78 184 156 9 5 96 109 281 179 164 8 110 
1 151 191 177 17 109 173 3 43 112 145 158 5 140 
6 30 190 26 10 287 177 222 179 119 156 20 6 85 
