23 13
17 19 17 13 14 15 22 6 1 21 0 0 19 
8 10 17 11 14 18 9 18 3 13 1 5 8 
13 3 14 17 0 2 15 0 8 3 9 3 6 
3 14 15 0 14 3 7 6 3 14 22 15 13 
13 3 0 22 14 2 15 0 8 3 9 3 6 
13 3 0 17 0 2 12 14 17 3 9 3 6 
8 20 17 21 14 18 9 18 3 13 1 2 17 
0 22 1 7 14 16 13 11 4 9 3 20 16 
4 17 9 6 21 1 2 19 3 22 13 13 21 
20 3 3 22 3 10 21 13 9 12 9 17 15 
10 12 15 16 9 22 8 0 11 9 14 13 19 
2 16 15 0 4 17 19 6 3 4 14 11 22 
0 22 6 12 14 19 13 11 5 9 3 18 19 
3 9 2 15 18 11 11 2 19 21 16 14 2 
22 19 17 13 14 12 22 6 6 21 0 0 16 
14 8 6 12 0 19 13 21 2 9 3 20 19 
3 15 17 11 14 12 1 5 6 9 22 16 20 
2 17 9 6 11 1 2 19 3 8 13 13 21 
20 7 7 19 9 8 8 14 21 9 14 13 19 
3 15 17 21 14 12 1 2 6 9 22 19 18 
18 12 12 19 9 8 22 14 21 9 14 13 16 
5 19 12 0 2 17 19 6 3 4 0 21 8 
4 17 9 6 21 1 4 19 3 22 13 13 11 
