218 19
113 62 176 194 132 0 185 20 63 154 162 103 57 39 30 30 90 9 66 
208 36 68 85 157 32 38 91 130 78 182 178 87 20 103 166 1 178 106 
1 31 193 124 50 86 68 98 174 105 182 43 158 201 28 174 16 110 125 
159 21 68 21 36 59 54 198 147 0 206 83 58 11 166 84 70 100 27 
147 162 68 79 36 59 151 174 147 0 206 179 128 74 166 84 174 8 181 
82 32 161 57 21 36 0 90 20 37 36 96 60 202 0 24 202 130 48 
125 145 112 36 80 194 2 89 85 145 17 195 15 126 202 78 1 46 211 
43 138 170 82 3 21 186 64 111 193 107 165 182 208 0 181 206 172 14 
118 187 193 192 130 32 65 37 79 103 79 36 49 15 29 150 209 121 71 
55 115 1 151 77 92 57 125 80 43 105 208 30 90 193 125 58 96 172 
131 142 171 202 192 175 159 129 48 189 148 194 64 78 48 133 29 142 155 
78 38 195 109 36 210 125 34 193 122 125 186 213 22 194 60 186 13 32 
131 194 115 202 7 207 159 129 172 39 148 214 69 190 216 212 61 102 124 
13 189 158 72 32 60 172 36 15 78 196 36 57 49 165 151 68 119 71 
138 60 118 161 57 167 175 67 106 106 149 0 169 131 96 213 152 160 160 
15 56 169 209 145 197 57 166 36 20 25 129 135 45 110 184 86 201 85 
17 98 115 52 96 77 36 155 41 105 170 67 36 108 193 184 84 58 166 
38 183 93 40 125 50 196 172 79 105 41 75 93 186 81 158 194 94 7 
168 20 116 39 68 41 38 130 188 134 148 190 143 213 154 31 74 177 142 
153 168 210 145 69 169 92 199 133 154 183 50 6 56 165 31 3 148 105 
124 150 213 134 17 79 76 184 206 165 210 195 74 23 184 105 19 159 98 
105 186 20 132 11 84 187 203 162 146 189 69 180 73 102 106 57 170 24 
22 39 80 123 32 201 216 36 43 61 196 36 57 49 144 12 67 186 208 
131 166 197 62 0 98 61 130 138 70 50 138 36 165 68 102 132 15 199 
177 145 210 145 97 98 195 199 51 24 212 46 210 56 24 100 4 148 105 
160 43 97 145 0 169 29 130 138 85 50 187 36 144 67 214 132 166 140 
153 174 82 13 152 187 90 90 146 57 189 58 20 57 92 118 168 57 41 
91 98 74 154 209 86 36 25 187 105 215 67 36 108 193 32 84 58 15 
126 60 115 154 96 217 36 161 129 105 131 1 36 108 193 87 213 121 43 
103 145 114 36 158 142 164 98 85 168 91 92 15 203 217 78 67 11 104 
153 85 185 22 208 187 90 90 101 57 39 128 20 57 117 189 145 57 41 
189 41 193 34 130 87 104 167 162 125 21 36 83 15 190 141 56 4 95 
150 168 36 193 215 132 107 191 172 31 185 166 84 14 87 150 15 109 166 
185 32 25 57 79 36 0 90 20 51 36 96 201 135 0 127 86 130 48 
15 187 160 185 121 136 2 97 131 193 159 154 53 54 0 181 53 63 172 
116 46 1 152 77 13 57 103 80 15 105 54 160 90 193 103 121 56 48 
196 100 114 162 125 216 102 36 193 69 105 145 62 201 5 10 99 107 212 
168 20 116 104 67 138 186 90 122 144 9 210 114 84 127 8 11 132 102 
1 31 193 161 115 217 1 201 85 105 182 15 158 60 191 199 109 99 125 
113 35 18 169 164 67 186 45 20 150 71 101 185 74 49 70 79 212 155 
111 96 13 213 62 84 5 162 58 78 160 105 70 62 179 80 17 110 0 
132 36 146 147 63 80 197 46 11 0 196 180 41 58 193 105 1 50 55 
44 41 193 34 130 87 189 108 79 125 79 36 83 166 61 180 209 58 178 
15 96 169 96 168 97 57 15 36 20 25 187 77 45 66 87 77 98 85 
34 148 108 169 186 68 2 101 20 141 151 76 82 50 83 85 21 133 23 
131 56 13 213 145 84 97 79 58 61 170 105 174 145 8 158 17 99 0 
29 186 13 28 36 29 103 7 193 107 103 2 84 13 214 201 164 92 139 
196 191 185 158 97 36 20 0 57 10 43 166 9 57 184 36 44 195 196 
41 98 118 155 57 163 143 1 196 196 147 0 60 215 59 84 178 26 30 
189 187 193 113 130 87 189 108 162 125 162 36 31 166 29 150 96 3 151 
78 38 22 109 36 210 103 34 193 159 125 164 213 195 102 89 38 92 87 
62 20 173 44 1 187 119 90 107 144 9 210 204 213 52 179 74 177 214 
177 62 210 145 176 60 156 85 51 144 133 74 210 56 134 100 121 9 105 
86 191 132 112 121 43 67 200 166 13 78 202 161 45 118 31 168 9 57 
160 102 115 202 192 205 107 41 14 104 9 102 5 6 216 163 61 194 155 
196 186 160 20 127 121 80 195 27 55 28 158 62 105 127 199 158 36 169 
163 177 19 107 79 130 149 143 101 132 9 113 185 113 116 129 185 39 190 
1 157 180 90 48 21 27 167 43 13 20 56 185 78 148 163 139 205 80 
188 21 1 136 36 59 178 198 149 0 53 42 3 46 43 84 85 157 27 
163 177 19 147 21 130 159 200 45 132 35 7 82 113 116 138 185 118 210 
139 35 139 84 133 193 36 103 193 163 79 105 0 64 217 92 80 52 129 
103 168 205 36 80 214 38 60 140 62 203 117 15 94 202 78 67 50 39 
79 213 128 132 48 93 48 181 150 115 97 65 4 85 198 80 103 0 118 
129 60 65 124 57 183 112 1 106 196 107 0 60 131 56 84 12 111 170 
82 87 155 57 21 36 0 90 20 133 36 209 98 86 0 127 86 130 216 
192 148 108 169 119 68 119 146 20 137 152 45 185 50 179 174 162 51 161 
196 164 160 20 134 121 158 195 181 123 109 158 168 105 19 174 80 36 60 
95 36 68 140 49 139 119 126 90 61 182 152 184 20 125 43 67 71 196 
178 36 68 199 83 139 119 91 90 29 53 151 184 20 125 166 1 151 196 
82 139 23 57 162 36 0 90 20 163 36 59 98 86 0 52 217 130 48 
59 146 53 109 41 0 8 112 57 39 189 177 144 79 79 213 81 146 0 
215 142 171 217 113 200 122 187 216 118 35 142 75 190 172 108 78 214 23 
196 38 160 20 134 121 158 195 27 110 109 80 168 105 154 85 80 36 169 
56 40 182 28 187 0 157 114 57 104 65 153 52 21 21 84 137 40 0 
61 38 195 16 36 6 103 34 193 159 125 2 213 22 194 169 186 156 139 
185 184 155 57 162 36 0 90 20 212 36 209 89 202 0 154 202 90 172 
111 96 92 84 168 84 176 162 128 29 111 105 140 145 8 158 17 110 0 
154 195 181 36 197 39 79 153 57 80 177 94 34 9 166 186 3 105 78 
125 62 143 36 158 214 186 201 73 168 203 13 166 17 86 61 68 50 44 
105 186 20 177 74 213 138 126 21 76 44 120 141 198 214 106 57 160 165 
124 17 161 132 200 56 131 35 158 185 24 13 84 106 84 47 78 106 43 
148 177 83 17 92 27 103 177 0 195 15 127 152 0 119 58 113 198 57 
44 193 56 180 110 105 150 56 97 207 80 9 0 130 92 153 21 51 19 
39 41 193 7 90 184 211 18 79 125 21 36 157 166 61 141 209 3 12 
23 193 105 24 90 158 145 0 9 193 159 88 213 139 106 166 103 87 46 
209 76 182 181 41 0 31 112 57 211 211 153 19 136 136 213 180 76 0 
134 117 191 36 64 44 162 177 57 80 177 203 34 35 166 2 121 105 61 
137 168 36 193 131 177 159 27 48 157 82 15 213 14 184 150 166 181 15 
131 209 13 213 145 213 176 79 128 210 215 105 85 145 42 158 126 110 0 
32 148 87 213 108 193 36 125 193 18 79 105 0 75 135 22 158 154 187 
208 55 136 17 27 38 196 0 168 196 206 213 139 82 167 176 196 213 124 
2 167 217 76 103 50 196 63 136 105 129 75 77 186 150 80 214 17 192 
22 44 158 173 139 201 172 36 166 29 106 36 57 157 127 10 67 164 12 
165 22 16 36 64 211 79 132 57 158 153 17 34 148 43 2 3 105 190 
38 212 93 88 103 74 106 216 136 105 138 5 217 119 180 158 194 203 7 
131 214 115 93 192 205 159 187 14 118 148 194 5 29 63 37 190 102 155 
51 132 19 188 136 130 107 47 146 132 9 113 185 192 110 138 185 65 190 
185 184 124 57 136 36 0 130 20 167 36 59 169 77 0 165 217 130 48 
87 148 87 84 51 193 36 125 193 108 136 105 0 97 77 22 158 134 187 
196 186 131 20 127 121 158 117 16 110 28 80 62 105 154 70 80 36 89 
39 129 193 192 130 32 211 37 21 125 21 36 42 43 190 141 209 121 152 
215 96 117 84 62 84 176 162 3 190 111 105 198 168 100 80 126 99 0 
76 16 158 124 2 130 36 20 126 193 148 149 208 173 34 36 53 57 26 
38 127 214 201 67 80 95 29 193 217 86 3 59 0 9 67 83 80 59 
113 35 167 169 186 68 2 76 20 141 151 40 82 115 49 198 79 51 25 
74 157 52 90 213 142 125 127 6 57 80 128 194 25 36 108 104 213 204 
16 142 82 129 36 0 0 57 162 144 105 125 196 182 8 89 158 87 29 
193 115 77 148 213 65 73 93 35 84 6 2 59 200 19 194 28 131 0 
62 20 55 44 67 41 38 130 122 165 35 61 143 213 19 157 50 153 102 
94 201 74 19 209 93 36 161 187 105 131 1 36 212 193 139 213 121 43 
196 186 170 20 127 121 158 117 16 66 181 158 168 105 154 198 80 36 169 
132 198 82 117 151 41 90 90 101 57 104 128 20 57 156 211 145 57 187 
196 181 82 158 197 36 20 0 57 151 15 43 9 57 32 36 39 156 196 
43 41 30 185 4 136 2 33 215 193 147 24 53 151 0 109 206 14 172 
106 27 82 158 5 36 20 0 57 178 15 15 9 57 87 36 189 117 106 
61 164 92 16 36 29 125 34 193 188 125 38 84 195 194 201 164 13 87 
106 186 111 20 52 3 158 195 27 116 16 158 168 105 127 73 80 36 98 
117 39 158 55 32 89 14 36 166 29 196 36 57 179 134 151 1 38 12 
113 9 163 201 119 1 186 146 20 137 54 40 82 46 100 85 136 133 161 
67 83 193 124 115 202 1 169 198 105 206 43 158 169 109 198 28 173 103 
185 32 155 57 21 36 0 90 20 51 36 56 98 77 0 52 93 90 14 
188 79 1 79 36 59 151 70 122 0 53 31 58 46 43 84 199 100 27 
193 46 135 35 84 65 73 135 148 213 61 2 96 114 24 102 109 111 0 
106 38 160 20 52 128 80 156 16 55 16 80 62 105 52 199 158 36 98 
30 43 64 62 0 201 61 130 129 198 50 41 36 154 68 214 153 15 85 
119 144 194 201 1 80 95 190 193 202 93 128 56 0 148 68 179 80 96 
186 133 86 76 103 74 106 14 79 105 138 97 217 119 180 80 214 126 34 
177 62 6 145 197 89 156 174 212 52 183 171 29 96 127 42 128 9 105 
107 79 67 136 36 96 178 140 188 0 182 8 121 115 15 84 70 8 16 
177 36 45 147 63 80 97 115 115 0 196 141 138 121 193 105 68 74 72 
12 66 162 91 181 164 196 0 145 106 53 84 184 82 183 64 106 213 23 
177 198 82 117 10 187 90 90 88 57 44 3 20 57 22 211 145 57 187 
28 65 96 26 160 156 193 9 102 93 196 8 145 105 67 85 188 203 125 
145 20 99 44 68 187 186 90 149 127 9 61 200 213 144 8 11 177 214 
153 168 78 168 75 201 13 199 37 52 163 74 190 209 165 179 58 9 105 
165 156 27 36 97 39 162 132 57 158 153 126 113 35 15 164 128 105 190 
105 119 20 177 171 213 41 94 162 101 189 75 180 140 142 196 57 111 127 
9 177 42 203 156 16 103 153 0 92 43 52 178 0 38 121 7 140 57 
177 36 45 149 63 158 33 171 115 0 106 180 138 121 193 105 1 115 110 
180 145 36 193 131 132 122 181 216 157 82 15 84 216 184 137 166 181 43 
56 76 53 27 187 0 31 200 57 211 44 177 24 79 162 84 141 88 0 
148 132 179 17 22 191 103 153 0 92 43 144 151 0 164 128 34 70 57 
76 16 158 25 186 130 36 20 203 193 148 122 71 55 113 36 182 57 160 
196 181 82 80 5 36 20 0 57 10 166 43 35 57 87 36 39 117 196 
132 145 78 168 64 169 195 198 37 52 133 74 78 59 127 42 4 35 105 
162 213 58 177 172 217 172 109 141 115 197 211 4 199 73 158 125 0 189 
26 209 22 213 168 213 33 79 128 78 26 105 73 168 42 80 91 72 0 
193 50 202 35 213 118 140 135 35 84 29 164 209 112 165 194 27 26 0 
116 46 68 12 135 195 57 103 80 166 105 152 160 130 193 103 4 59 216 
193 50 202 9 84 104 85 217 9 84 210 38 96 207 134 194 109 26 0 
9 132 157 94 195 28 103 177 0 195 15 134 10 0 119 128 113 73 57 
111 194 11 217 34 200 149 41 172 189 9 214 176 210 48 37 78 214 23 
170 142 50 86 7 200 107 129 216 44 9 142 33 6 172 51 6 214 25 
191 104 56 170 160 156 193 35 214 93 106 157 168 105 1 85 149 203 125 
177 145 190 62 33 201 13 198 37 144 37 11 210 56 19 157 3 35 105 
30 15 5 168 0 98 78 90 138 70 74 187 36 127 68 194 177 15 198 
195 118 80 116 87 201 172 36 166 6 196 36 57 8 127 178 67 38 151 
44 41 193 192 130 184 118 37 21 103 21 36 100 166 6 81 209 3 54 
25 91 124 177 207 56 160 148 158 82 19 156 213 196 213 204 78 196 43 
193 171 86 9 213 104 140 135 9 213 29 38 209 175 144 142 28 170 0 
132 140 82 13 208 187 130 90 88 57 65 128 20 57 13 39 168 57 129 
26 15 176 145 0 98 190 130 187 73 46 129 36 154 67 194 177 43 73 
105 119 20 177 115 213 129 126 21 146 189 5 150 73 214 106 57 131 52 
62 20 99 104 67 41 164 130 149 19 35 6 207 84 134 157 50 153 142 
1 179 193 25 50 135 68 201 199 105 53 43 80 169 191 70 27 55 125 
132 168 61 145 33 98 117 140 183 24 108 171 78 56 144 42 3 148 105 
166 209 201 96 168 64 57 166 36 20 161 138 77 76 55 32 77 201 140 
62 20 66 65 67 138 186 90 107 134 9 61 204 213 154 31 11 132 102 
79 84 58 153 63 135 63 191 141 74 176 211 128 85 70 158 103 0 65 
139 35 139 84 183 193 36 103 193 212 21 105 0 197 135 13 80 19 41 
132 199 82 22 12 129 130 90 45 57 118 121 20 57 156 65 145 57 138 
29 2 92 109 36 29 125 34 193 159 125 119 213 13 214 169 164 92 32 
138 89 211 155 57 167 143 68 196 106 122 0 169 26 59 213 95 111 131 
196 186 160 20 24 121 80 92 27 173 28 80 145 105 52 199 80 36 201 
96 40 182 28 187 0 179 207 57 65 44 132 127 136 136 213 137 146 0 
106 181 82 158 64 36 20 0 57 178 43 43 35 57 139 36 211 117 106 
82 32 124 57 79 36 0 90 20 183 36 59 169 217 0 134 135 130 48 
181 118 56 215 131 195 193 35 214 93 106 42 168 105 1 73 107 91 103 
30 102 74 93 7 205 159 138 63 39 148 102 69 210 63 37 210 194 25 
118 129 193 7 130 184 44 51 162 103 79 36 42 43 78 150 59 121 54 
9 153 42 126 195 28 125 153 0 22 166 165 178 0 119 3 7 198 57 
91 60 11 154 56 202 36 155 41 105 30 67 36 51 193 139 84 4 43 
135 27 177 205 4 43 1 112 43 195 190 217 155 45 65 8 168 148 57 
168 20 123 118 1 138 2 130 147 144 148 210 200 213 134 179 115 153 194 
180 145 36 193 170 153 159 191 172 31 185 43 84 48 139 180 43 181 43 
211 193 209 141 99 105 150 96 197 47 158 148 0 130 195 132 136 163 52 
1 42 193 124 50 217 1 201 140 105 182 15 158 60 109 174 109 116 125 
132 36 101 107 14 80 64 46 74 0 106 137 138 121 193 105 68 115 72 
193 74 86 9 213 118 198 77 35 213 190 2 56 143 24 102 27 170 0 
113 148 133 60 164 1 2 101 20 180 95 45 185 115 179 174 21 133 124 
125 145 47 36 80 214 2 169 73 168 17 195 43 126 86 6 67 115 65 
94 60 11 52 59 202 36 161 187 105 26 68 36 37 193 32 213 121 15 
166 129 111 185 3 162 119 97 26 193 149 52 53 208 0 27 206 14 63 
208 134 8 192 153 152 202 79 105 200 22 201 136 105 28 196 177 7 79 
146 27 80 25 2 130 36 20 126 193 9 159 10 99 34 36 206 57 215 
13 39 158 99 87 89 14 36 43 61 106 36 57 83 144 95 1 186 10 
27 194 185 187 36 0 0 57 136 127 105 125 196 206 8 89 158 139 61 
82 139 25 57 79 36 0 130 20 183 36 59 89 135 0 144 135 90 216 
96 101 182 109 138 0 8 207 57 39 118 153 134 162 162 213 81 76 0 
56 76 53 191 187 0 42 114 57 65 104 153 24 79 136 213 150 40 0 
196 109 185 80 120 36 20 0 57 178 166 15 35 57 139 36 118 92 196 
139 9 87 84 37 193 36 103 193 37 136 105 0 176 93 156 158 165 187 
24 156 181 36 75 104 21 132 57 158 153 91 113 35 166 164 128 105 6 
119 212 202 88 103 115 106 48 136 105 187 69 86 164 180 80 142 203 7 
106 191 185 158 176 36 20 0 57 54 43 43 148 57 87 36 189 195 106 
196 191 185 80 197 36 20 0 57 95 15 43 35 57 139 36 39 117 106 
135 181 132 143 58 43 68 207 15 195 29 135 155 76 65 42 145 35 57 
106 191 82 158 69 36 20 0 57 151 15 15 9 57 184 36 118 117 196 
215 214 11 77 7 175 149 129 63 118 35 102 197 61 63 167 210 214 23 
212 177 144 188 21 130 147 175 76 132 35 192 82 34 99 187 185 65 190 
125 145 47 36 158 194 38 60 85 62 91 117 43 91 202 210 67 46 39 
34 35 18 60 2 1 2 45 20 141 12 45 82 115 42 140 21 18 161 
168 20 173 44 68 129 2 130 107 154 148 190 114 213 134 179 74 177 214 
124 193 105 24 90 158 168 0 9 193 159 45 84 184 196 166 125 32 171 
88 27 158 25 2 130 36 20 17 193 148 147 178 55 113 36 182 57 26 
153 174 82 117 151 187 130 90 101 57 65 4 20 57 156 65 62 57 138 
129 60 189 124 57 108 207 67 196 106 107 0 60 215 96 84 95 30 160 
52 195 16 36 64 104 162 153 57 80 153 91 34 35 166 164 121 105 190 
