98 20
27 66 14 32 61 71 91 8 61 74 88 58 81 93 27 71 72 83 80 25 
45 32 0 18 23 31 68 10 94 67 56 87 22 56 0 45 60 83 13 70 
84 66 12 40 73 37 12 88 13 33 10 31 34 79 72 61 74 93 85 85 
74 26 47 46 61 83 48 85 91 77 93 57 12 25 63 20 2 72 72 54 
8 81 76 19 84 24 59 59 56 37 45 90 5 49 21 58 89 22 71 68 
6 66 7 12 61 21 91 15 85 94 70 31 81 93 27 83 76 21 26 25 
16 71 42 85 38 43 16 68 45 91 8 29 71 88 56 65 92 26 63 80 
94 80 0 46 61 21 97 12 11 77 93 91 12 17 49 17 2 78 54 27 
34 25 61 40 12 28 73 23 23 86 36 64 77 18 6 32 26 81 85 85 
77 59 61 48 32 37 73 13 70 37 55 35 77 63 72 85 74 93 85 73 
55 27 66 31 25 19 44 69 79 85 45 56 56 87 66 70 81 59 18 63 
91 50 59 81 46 45 20 81 73 16 26 94 84 86 78 81 25 36 90 16 
81 55 17 26 45 52 26 77 69 38 11 33 3 46 27 78 68 7 10 38 
55 78 20 35 25 82 69 24 30 73 45 19 4 86 42 10 81 66 30 0 
80 80 30 45 73 83 97 85 43 53 93 60 73 59 79 66 33 54 54 72 
34 20 32 48 61 33 12 55 36 8 39 64 7 79 72 32 26 81 73 73 
94 36 85 68 45 4 55 29 61 17 1 74 81 4 21 85 96 5 7 60 
23 68 68 56 26 58 82 61 36 21 61 75 24 45 57 18 40 19 69 6 
96 17 3 32 32 71 11 28 12 80 88 35 81 93 27 21 54 75 80 66 
8 93 95 82 77 4 42 17 19 15 46 66 47 63 21 22 94 51 21 68 
13 62 40 19 80 58 82 32 13 71 61 21 24 46 67 47 29 82 82 27 
12 57 61 73 80 50 73 85 62 97 80 97 96 53 70 71 93 1 57 17 
16 61 5 18 70 22 29 88 94 91 56 28 35 92 5 46 60 75 55 10 
36 96 66 31 25 44 24 19 0 73 46 56 24 28 25 10 93 20 79 5 
9 93 95 44 3 19 66 59 69 33 46 17 0 30 75 58 89 64 71 97 
23 29 50 69 74 22 44 73 70 83 73 71 56 46 91 5 97 56 44 27 
66 85 80 45 12 73 25 25 85 89 92 95 18 73 74 44 42 4 65 83 
45 83 90 61 53 91 46 68 45 91 33 48 83 55 92 20 92 80 0 80 
84 90 73 40 61 28 85 13 36 37 23 35 38 5 52 61 26 81 61 32 
20 89 87 93 93 26 55 43 37 34 96 0 15 15 50 8 73 87 13 96 
52 42 14 61 32 83 91 8 61 26 88 35 93 81 76 83 54 71 89 20 
46 73 30 0 23 64 40 70 80 60 19 87 64 4 63 46 60 21 55 36 
81 36 42 89 45 78 26 53 56 3 91 2 14 45 95 27 29 38 13 77 
84 20 85 29 61 8 61 88 13 8 55 35 84 47 76 73 80 81 12 61 
94 94 30 16 32 83 50 73 91 14 93 43 12 90 30 66 15 72 54 76 
16 32 63 0 70 51 50 88 26 91 56 15 64 82 63 46 57 71 23 39 
70 76 90 22 66 82 82 92 0 32 16 92 19 86 90 39 81 59 0 0 
53 20 61 48 73 33 32 70 23 86 70 51 34 49 54 61 94 93 73 12 
89 89 30 46 12 75 41 32 11 38 81 67 85 59 30 25 15 72 27 78 
70 96 17 51 66 82 24 56 49 61 46 4 4 2 66 55 81 90 79 47 
66 74 87 81 81 74 70 43 33 38 96 0 8 86 41 87 32 33 55 54 
65 89 9 93 81 80 23 91 86 14 95 79 9 2 97 8 85 86 10 95 
39 29 29 24 89 22 19 85 36 83 61 83 24 46 67 79 41 44 4 27 
60 29 42 93 16 45 90 93 85 46 26 80 3 8 52 81 66 39 59 45 
37 81 54 69 14 44 90 42 24 86 16 25 47 79 71 64 89 58 75 68 
80 55 73 97 46 92 36 62 85 65 31 94 81 56 21 61 95 18 3 60 
94 36 61 48 46 69 23 97 85 66 31 94 81 69 21 61 27 49 84 11 
27 66 34 85 73 71 57 2 32 80 39 64 93 81 54 75 27 75 74 17 
25 80 87 93 93 94 36 60 9 3 27 79 87 37 40 9 85 37 70 76 
72 90 84 73 73 75 43 33 73 26 55 64 81 93 54 21 95 21 94 17 
25 89 9 81 81 94 10 91 87 53 95 49 86 9 48 15 12 28 70 95 
16 12 0 63 36 1 41 88 26 11 82 9 1 69 63 45 11 71 23 88 
16 75 42 85 84 43 45 62 46 43 37 62 71 36 92 42 69 80 5 26 
89 94 63 46 32 75 41 12 60 53 93 60 12 17 18 59 15 76 6 95 
46 71 25 73 3 91 45 50 16 43 87 50 75 13 69 20 56 80 30 74 
23 54 42 35 20 4 69 92 79 73 46 24 92 87 20 13 81 20 0 63 
8 81 27 69 77 82 90 42 44 15 16 90 63 79 21 1 74 22 71 29 
57 29 90 81 16 45 59 81 73 45 94 26 53 2 78 93 42 36 90 45 
45 12 63 63 23 35 68 13 80 11 24 15 22 24 79 46 43 71 23 10 
88 97 48 92 26 22 69 73 36 71 32 75 82 46 60 30 40 4 69 54 
11 97 25 81 16 16 65 81 73 46 26 89 7 2 52 81 66 10 66 46 
93 13 65 74 16 78 74 3 24 38 91 37 14 45 76 27 68 3 36 34 
90 89 87 93 81 94 55 60 87 77 6 49 87 8 97 87 61 87 55 95 
54 66 53 32 73 75 57 86 85 26 55 64 93 93 96 71 96 83 74 90 
16 32 18 79 70 31 29 13 26 43 24 28 1 92 79 45 60 71 39 55 
70 50 97 19 94 58 4 12 88 71 12 83 69 16 57 49 97 24 82 6 
13 48 41 69 94 64 4 61 10 83 12 75 56 16 67 49 97 19 82 96 
57 40 25 93 16 46 66 93 12 45 74 74 84 33 78 93 90 88 25 46 
42 89 33 81 81 80 13 60 28 14 96 0 15 87 40 2 73 15 70 54 
2 81 54 24 53 92 65 65 19 8 46 66 63 63 83 51 26 64 71 68 
70 78 17 51 65 4 92 4 0 85 45 82 82 37 25 10 93 17 0 30 
32 43 12 85 26 62 32 73 41 50 94 50 78 34 55 71 81 35 57 17 
46 75 65 61 53 91 45 41 46 60 2 41 21 23 82 66 69 74 47 94 
93 70 59 80 16 78 80 7 19 53 11 86 38 16 52 96 29 14 39 14 
66 61 94 16 73 85 25 59 85 94 24 78 79 32 26 19 90 69 20 75 
32 67 32 73 26 62 12 32 41 68 94 29 78 14 13 83 81 1 11 66 
45 83 65 32 53 60 46 68 45 67 28 29 75 13 69 65 69 94 49 80 
89 74 30 16 32 75 41 32 60 38 81 57 32 66 49 90 2 52 54 96 
16 21 17 61 53 60 45 97 16 60 87 29 71 10 24 90 82 74 63 94 
27 42 77 32 85 71 60 8 12 26 70 22 93 93 52 71 95 71 89 25 
59 85 89 46 61 12 59 90 32 94 56 78 79 73 80 56 17 56 59 83 
70 46 66 93 58 59 80 3 16 0 49 31 86 81 13 54 57 75 61 61 
8 81 54 69 3 24 25 20 69 33 46 65 79 79 21 35 94 58 83 40 
85 11 61 12 26 50 85 73 50 68 80 62 96 34 10 21 81 31 60 66 
89 89 30 46 32 83 41 32 91 7 93 91 32 90 5 20 37 72 72 78 
81 13 59 74 46 54 26 38 56 38 11 33 14 46 27 54 48 3 39 7 
84 20 12 50 12 9 85 39 36 15 55 31 34 0 72 12 89 81 12 12 
84 20 61 68 12 28 32 36 36 37 36 58 77 79 96 61 74 93 32 61 
39 6 42 1 59 92 92 19 49 32 45 44 4 8 25 36 81 42 47 18 
90 73 26 45 61 85 59 17 73 89 92 27 5 85 74 44 17 69 20 21 
39 62 50 92 94 64 56 85 70 75 12 75 44 45 91 63 62 19 24 27 
11 97 66 93 45 46 20 81 32 16 89 26 34 87 96 93 90 70 59 45 
86 81 6 44 14 69 59 25 4 2 46 42 79 30 75 22 80 51 75 40 
55 46 90 81 22 65 26 7 16 18 63 22 15 81 39 78 67 21 32 85 
25 32 94 16 61 61 25 42 61 89 44 72 47 73 89 56 25 24 90 75 
46 83 66 12 14 67 45 97 16 60 8 62 83 55 24 25 69 74 18 80 
16 71 20 73 77 11 45 62 45 67 37 50 71 55 69 65 4 94 79 94 
25 80 9 81 81 80 88 43 33 38 52 47 9 8 41 86 85 8 39 54 
