174 26
144 70 83 0 140 37 137 144 69 132 98 56 9 147 40 33 141 30 148 102 34 171 113 87 91 4 
162 93 65 107 167 58 168 93 170 63 74 101 107 42 131 43 73 56 45 140 129 129 57 129 160 89 
127 31 171 135 91 165 91 28 23 80 6 63 96 49 94 127 165 66 126 33 136 123 0 11 96 35 
16 49 27 137 6 101 171 60 160 40 84 92 140 161 54 122 73 26 127 30 15 107 129 45 56 81 
107 140 127 134 79 156 34 146 132 50 143 87 13 127 16 108 8 133 57 5 23 70 71 38 121 8 
135 43 127 124 26 23 74 132 147 6 140 92 59 160 38 52 35 35 34 19 47 149 28 79 40 10 
93 135 122 106 127 167 103 10 107 63 134 90 58 127 1 11 91 90 43 107 75 14 1 122 87 134 
115 38 93 129 28 162 93 164 36 107 11 11 28 162 52 73 93 163 74 89 69 59 47 76 80 56 
46 171 154 19 142 35 19 35 43 167 128 10 79 143 8 151 147 77 115 58 11 59 131 64 92 69 
0 75 27 46 71 48 51 24 128 112 61 155 140 18 164 128 22 8 79 92 95 23 147 161 105 7 
98 87 165 163 93 173 116 96 20 28 56 80 100 138 20 28 96 71 135 67 11 29 117 56 16 133 
18 24 127 165 121 146 35 135 77 156 159 127 27 169 52 138 11 116 122 5 127 140 35 25 33 6 
147 91 50 138 101 91 11 159 126 25 61 99 61 140 149 146 107 1 160 132 20 44 112 141 38 115 
165 140 127 134 79 156 68 158 138 30 91 51 86 127 136 2 77 13 71 21 119 70 14 38 96 8 
104 11 130 38 129 80 127 26 37 127 10 140 149 167 91 23 108 61 112 37 16 143 167 27 150 140 
52 151 154 155 49 83 61 79 162 167 134 14 38 134 173 8 25 86 53 107 122 163 11 31 135 73 
51 73 28 168 42 41 92 121 134 76 39 145 37 89 162 147 171 145 126 140 86 11 141 104 69 19 
104 134 162 63 9 108 21 59 97 77 107 166 171 37 164 73 53 135 124 135 14 123 122 76 129 53 
145 116 51 164 123 129 108 107 45 41 71 103 140 129 119 58 81 170 131 135 152 73 162 160 147 10 
110 140 133 122 164 63 87 156 95 162 140 9 81 28 144 76 35 129 172 38 43 148 56 163 31 0 
96 134 166 136 9 166 5 59 5 77 107 108 171 10 3 73 53 135 147 135 159 150 122 76 129 53 
135 113 127 124 118 23 7 132 124 161 140 116 128 160 38 33 35 35 72 19 169 58 28 9 22 109 
2 173 65 107 17 58 142 173 139 63 74 10 165 100 131 113 73 160 45 140 129 129 14 129 160 106 
32 14 57 16 135 107 71 61 78 77 107 160 150 143 88 41 135 127 165 75 71 173 53 78 45 11 
153 89 112 73 32 11 74 85 70 163 30 111 127 120 21 39 8 68 159 160 171 140 24 137 45 125 
119 129 39 44 165 11 77 96 138 111 173 76 28 67 144 173 73 11 84 16 38 78 28 83 30 35 
90 0 145 138 101 143 11 57 126 62 61 117 61 140 44 23 165 1 160 132 167 103 69 6 31 115 
61 171 166 106 112 11 73 9 157 106 164 39 55 118 144 151 83 138 147 39 104 16 161 107 20 169 
165 92 151 29 136 67 88 137 107 23 0 35 24 48 11 129 91 128 172 171 140 78 73 44 91 62 
76 112 101 24 145 32 82 43 138 119 60 107 159 42 37 93 139 4 36 134 66 95 112 11 92 83 
24 5 31 140 73 16 161 91 3 22 170 61 150 47 44 141 145 151 87 104 173 15 42 52 99 73 
136 125 126 171 6 44 72 107 157 99 7 172 93 8 143 10 94 48 165 121 118 127 7 104 150 16 
36 31 11 11 140 147 132 64 102 152 61 70 160 132 70 95 140 91 6 150 140 11 83 35 165 173 
166 31 11 11 140 124 132 64 95 48 61 70 160 132 171 95 140 0 161 150 140 11 83 35 107 93 
92 127 79 120 173 24 33 77 124 173 22 129 138 62 137 14 163 147 7 74 45 61 104 11 55 51 
23 76 35 108 6 134 54 155 63 28 107 94 39 61 112 154 129 78 161 75 135 163 136 110 79 162 
127 38 171 135 143 165 91 28 23 7 161 136 96 100 94 127 107 59 53 48 63 123 0 11 96 35 
111 113 107 115 93 93 92 121 17 28 56 80 60 132 167 28 104 14 135 142 11 29 99 56 63 86 
136 75 53 70 141 149 72 107 157 62 7 98 173 77 91 10 94 33 107 154 157 127 7 121 111 136 
136 108 77 112 26 12 27 151 22 57 136 49 26 30 160 38 133 24 119 137 28 70 96 138 83 108 
162 93 12 107 78 58 94 93 170 136 80 109 107 137 144 113 73 160 116 140 129 129 57 129 160 130 
92 127 9 170 173 115 32 8 147 173 84 129 132 99 137 57 163 147 74 7 116 61 104 11 68 87 
44 161 63 126 20 103 129 3 127 147 125 1 95 18 73 37 128 52 59 88 65 21 33 95 62 130 
9 140 110 102 129 151 59 173 10 109 32 136 70 168 168 166 81 114 55 46 171 66 44 57 168 122 
44 31 79 74 61 42 56 77 11 8 138 50 80 127 20 52 140 37 67 38 100 67 74 135 5 125 
45 52 93 61 14 172 76 7 30 90 9 144 28 10 129 61 169 148 41 36 62 108 78 156 0 90 
88 140 133 122 88 63 51 156 95 2 140 9 30 28 18 76 35 129 98 31 87 89 56 115 38 91 
3 140 133 122 110 16 51 62 95 166 140 9 50 151 131 39 35 129 150 38 51 130 56 115 31 0 
108 38 11 11 140 124 138 30 27 52 61 70 160 138 171 102 140 143 141 172 140 11 75 35 165 173 
149 141 16 126 78 103 129 88 127 124 125 84 102 144 73 10 128 33 59 164 65 85 52 102 25 106 
163 5 38 140 73 63 161 143 110 40 139 61 111 155 103 6 30 28 113 104 93 170 49 33 62 73 
9 140 88 95 129 28 66 173 101 10 33 16 171 67 142 166 30 4 34 46 171 59 149 159 168 18 
36 38 11 11 140 90 138 50 27 33 61 171 160 138 171 102 140 91 141 150 140 11 75 35 107 173 
24 64 171 88 146 92 123 163 119 172 42 108 80 166 27 85 123 112 37 49 11 76 61 59 45 48 
123 99 47 106 98 139 158 163 144 155 123 122 125 27 92 18 147 3 146 173 16 132 59 101 78 163 
45 127 79 139 93 115 32 77 124 173 1 129 132 62 60 14 24 147 80 7 45 61 96 11 68 51 
126 137 160 7 42 61 132 70 12 12 166 140 8 142 9 53 111 140 77 85 14 161 89 151 142 134 
121 11 148 38 129 80 127 26 101 127 37 140 58 20 91 158 166 61 112 101 136 91 20 27 150 140 
44 31 79 80 61 49 56 8 11 8 132 50 74 127 78 152 140 10 94 38 42 142 74 135 21 83 
79 108 73 129 23 8 108 133 69 8 103 39 66 33 133 134 51 112 61 63 165 107 18 168 115 66 
149 161 16 126 78 149 129 110 127 90 75 22 102 18 73 10 128 52 59 110 157 97 48 95 25 106 
45 12 100 8 121 147 113 68 124 71 112 24 77 31 77 71 131 124 77 165 29 73 134 1 171 169 
146 129 76 44 107 11 77 154 132 98 173 39 151 142 144 93 73 11 153 136 31 20 28 83 81 35 
87 73 151 168 49 55 116 96 134 76 39 81 37 106 166 124 171 64 53 140 114 11 141 154 112 155 
115 21 38 140 73 16 161 0 3 40 170 61 98 19 149 141 64 151 113 96 93 15 100 48 62 73 
124 91 50 138 10 0 11 159 53 62 61 25 61 140 103 158 107 22 160 138 20 103 69 161 31 115 
9 108 73 129 23 8 166 114 112 77 103 39 66 52 13 134 113 69 61 63 165 107 18 142 24 66 
5 131 3 142 61 132 71 61 98 149 171 117 141 49 128 35 161 47 66 140 118 167 76 130 122 31 
92 127 79 170 93 115 33 77 90 173 22 129 138 117 100 159 115 124 74 74 116 61 96 11 41 51 
122 53 113 171 141 93 30 61 139 136 133 137 80 81 140 163 119 27 56 128 171 135 138 69 173 149 
119 11 82 125 160 71 61 45 16 114 142 79 28 87 117 141 88 48 156 134 140 113 80 164 60 150 
96 11 89 31 129 80 127 118 10 127 109 140 58 78 0 158 2 61 69 10 136 143 17 95 123 140 
92 127 9 170 93 163 32 77 124 93 84 129 132 62 49 71 24 147 80 80 45 61 96 11 72 113 
146 117 61 71 123 24 140 126 65 38 9 73 101 160 67 20 142 162 140 148 0 156 85 11 11 53 
163 38 93 129 151 36 173 110 36 107 11 11 151 166 52 73 93 163 80 130 69 66 46 39 74 160 
39 112 10 163 145 32 15 113 138 146 42 165 57 100 101 173 170 114 166 134 59 95 69 11 45 29 
16 36 77 69 118 65 102 151 153 71 136 60 157 50 160 31 114 163 23 60 28 70 121 132 75 162 
46 171 96 46 168 35 46 35 43 17 59 10 79 143 77 28 124 8 163 58 11 128 144 145 116 69 
104 134 166 16 9 36 97 66 5 77 165 162 70 37 110 73 53 135 147 135 14 111 18 76 129 126 
0 75 102 47 71 152 43 24 59 69 61 155 140 18 164 128 1 8 79 92 95 146 124 141 21 74 
115 38 93 129 151 2 93 110 162 165 11 11 28 36 52 73 173 24 7 106 112 66 47 39 80 56 
115 105 31 140 73 136 6 91 164 22 120 61 123 19 58 6 50 151 87 96 93 170 60 52 156 73 
52 151 96 169 49 83 61 79 2 20 134 71 31 134 93 77 25 133 53 165 18 115 11 38 135 73 
39 112 37 115 81 48 139 51 132 158 42 165 14 100 10 93 120 114 2 134 59 27 69 11 116 75 
108 93 12 107 20 58 142 93 15 63 7 101 107 100 18 113 73 160 45 140 129 129 159 129 56 106 
135 113 127 90 65 23 74 132 147 141 140 92 128 56 38 48 35 35 34 47 46 58 151 9 22 10 
165 140 127 134 9 156 72 23 138 50 91 51 114 127 16 162 8 4 14 21 23 70 71 31 104 8 
9 140 110 102 129 28 66 93 37 37 33 63 70 168 168 36 64 4 72 169 171 59 149 57 94 18 
136 49 27 100 161 101 171 137 56 153 84 116 140 6 148 18 73 65 127 50 82 165 129 45 56 30 
172 62 169 148 123 170 119 163 131 169 111 131 29 27 45 144 147 88 158 173 136 132 59 37 78 115 
60 35 24 35 97 165 16 129 61 87 38 28 11 35 80 55 77 127 161 139 56 104 129 61 119 49 
144 171 29 91 140 109 49 122 112 132 150 160 79 147 1 52 161 81 130 27 68 171 51 87 91 4 
45 48 93 61 57 172 76 74 30 124 79 18 151 37 129 61 169 130 41 166 25 166 78 25 0 124 
11 26 13 10 73 136 138 0 45 79 127 28 118 169 171 98 9 171 1 168 61 71 48 21 95 27 
105 18 110 67 61 132 14 61 98 58 70 25 141 42 128 35 161 46 59 140 65 20 39 89 131 31 
61 171 162 130 112 11 73 9 12 54 110 76 55 157 131 28 75 132 90 76 96 136 141 165 20 169 
150 147 36 167 168 69 112 88 16 122 144 25 55 135 30 5 94 126 86 73 56 86 157 95 133 131 
135 51 127 124 118 158 74 132 147 141 140 92 59 56 38 32 35 35 34 46 19 44 28 9 84 109 
87 129 140 85 111 7 66 33 110 12 39 136 135 127 144 144 53 24 12 140 56 26 19 51 11 171 
119 129 76 44 165 11 8 104 138 98 93 39 28 94 144 93 73 11 153 16 38 167 28 29 50 35 
44 141 16 126 17 58 129 3 127 147 75 1 102 18 73 10 59 33 59 88 26 97 32 27 62 54 
172 113 107 163 93 93 45 96 167 28 160 80 100 132 17 151 154 71 135 168 11 125 156 160 63 13 
61 171 36 106 69 11 73 9 118 148 164 76 41 65 144 28 125 132 90 39 96 136 141 107 167 19 
103 31 79 74 61 100 56 77 11 77 132 81 74 127 17 33 140 37 168 31 60 142 7 135 5 29 
172 124 108 17 142 112 69 88 136 18 131 117 34 135 50 85 94 53 114 73 56 86 157 95 133 18 
135 43 127 90 157 119 7 138 90 141 140 92 59 160 31 48 35 35 55 46 46 149 151 79 40 37 
123 117 169 130 172 139 23 163 144 155 123 144 29 102 116 18 90 88 23 173 136 132 59 10 20 163 
13 10 173 23 132 70 79 43 39 24 23 148 91 43 107 85 76 125 50 72 86 110 112 53 119 112 
127 38 70 135 0 165 143 151 23 7 6 136 96 42 94 127 107 128 53 152 136 111 0 11 154 35 
172 87 165 24 173 173 92 104 20 151 56 74 100 138 78 28 121 57 135 67 11 125 99 56 136 133 
63 42 95 100 6 10 171 49 160 153 22 116 140 161 54 18 73 65 127 145 15 165 129 116 160 81 
51 129 140 5 172 7 59 52 164 12 76 16 135 127 18 131 126 115 118 140 56 65 19 87 11 70 
18 126 87 171 161 93 64 61 15 16 4 60 7 30 140 115 23 102 160 66 70 135 132 112 173 103 
9 140 88 95 129 151 59 173 10 10 48 136 70 168 168 162 50 133 55 155 171 59 149 14 67 131 
165 140 127 134 9 99 68 158 138 64 0 113 86 127 63 2 77 86 159 85 158 171 14 38 96 8 
40 148 112 73 52 11 80 105 171 115 30 98 127 170 105 76 8 55 57 160 171 140 115 137 116 29 
116 32 173 61 71 123 39 80 81 90 9 131 151 10 129 61 46 89 55 2 62 36 20 117 0 124 
119 129 39 44 107 11 8 121 138 111 173 76 151 168 131 173 73 11 1 16 31 17 28 125 81 35 
147 143 64 132 37 143 11 159 126 25 61 62 61 140 103 146 107 40 56 132 17 58 112 141 31 163 
52 159 14 136 135 107 57 61 78 8 165 56 123 0 88 68 135 127 107 83 71 173 53 78 92 11 
152 151 104 169 100 125 61 9 108 167 134 57 31 134 173 77 156 13 53 107 131 163 11 31 135 73 
111 124 162 167 142 69 69 88 16 131 131 156 72 135 64 97 67 126 114 73 160 86 118 95 133 122 
30 116 87 110 150 129 2 107 116 34 14 58 140 129 158 44 30 82 122 135 52 73 2 56 124 10 
51 129 140 21 123 80 128 52 88 12 39 63 135 127 122 122 126 115 12 140 160 65 155 87 11 70 
49 35 163 35 105 107 136 129 61 113 31 28 11 35 80 68 8 127 141 82 160 121 129 61 146 49 
76 69 10 115 30 33 170 43 132 158 49 107 57 137 101 93 120 86 162 134 128 95 112 11 45 83 
115 81 70 164 23 45 123 24 158 111 49 166 80 2 95 5 111 69 37 100 11 39 61 66 116 152 
61 164 90 113 29 129 76 45 69 108 80 11 90 128 124 118 134 12 19 110 12 31 125 142 142 142 
9 2 73 129 146 77 2 114 69 77 103 39 66 32 13 134 51 69 61 136 165 165 122 94 163 66 
133 61 27 87 89 145 79 128 4 6 77 30 8 160 74 102 35 118 169 72 67 116 126 165 152 152 
123 62 46 89 111 82 23 115 144 19 111 18 29 95 45 131 147 110 146 173 136 132 66 109 167 163 
30 92 113 164 172 129 36 165 116 68 14 149 140 129 146 44 50 139 18 135 33 73 108 160 124 109 
23 134 102 96 141 22 98 43 173 9 126 47 146 37 69 70 116 23 67 148 61 71 11 143 173 3 
107 140 127 134 9 99 72 158 138 81 0 113 133 127 63 162 77 114 71 21 119 171 57 38 121 8 
40 79 62 88 16 80 51 53 82 132 13 131 68 109 80 134 35 11 156 56 121 107 36 68 132 132 
58 39 164 93 164 102 129 90 56 104 114 125 138 0 75 52 44 147 36 9 19 161 56 75 122 37 
43 73 151 94 49 41 116 96 134 39 39 81 101 106 162 124 171 81 53 140 4 11 141 154 69 46 
44 6 136 53 78 103 129 164 127 147 29 40 27 131 73 10 66 152 128 164 26 5 152 95 25 89 
119 134 95 104 141 84 98 113 173 9 126 46 146 37 112 171 116 119 67 148 61 57 11 0 93 164 
152 28 96 155 42 75 61 79 2 78 134 71 38 134 93 8 99 13 126 107 131 163 11 31 135 73 
9 41 28 148 49 56 70 135 63 76 136 137 91 39 154 7 60 119 92 90 142 162 137 119 9 24 
93 135 144 89 127 78 44 37 107 136 134 147 103 127 40 11 143 147 51 107 83 71 84 122 87 134 
21 18 164 94 61 138 71 61 150 44 70 25 6 137 128 35 141 46 66 140 157 78 39 130 131 31 
18 171 83 91 140 10 42 122 69 132 111 160 79 90 153 32 161 50 148 102 72 70 51 43 91 114 
64 92 43 88 150 129 162 165 92 72 159 58 140 129 146 44 30 139 131 135 32 73 162 160 124 109 
163 97 31 140 73 136 6 143 164 40 82 61 123 155 58 6 50 28 51 121 173 139 42 52 156 73 
48 14 14 16 135 107 57 61 78 8 165 160 111 91 110 41 135 127 107 75 57 93 53 78 116 11 
60 35 163 35 21 107 63 129 61 43 38 151 11 35 80 72 77 127 161 82 160 121 129 61 23 100 
150 156 47 89 111 170 23 115 144 46 150 18 29 95 92 131 124 164 23 93 63 138 59 10 167 163 
58 38 9 80 61 60 56 8 11 77 132 81 7 127 17 52 140 101 142 38 60 142 7 135 85 125 
87 129 140 97 150 7 66 152 110 118 76 136 135 127 122 131 126 163 65 140 56 12 169 43 11 171 
107 45 151 125 136 67 3 100 165 119 91 35 24 32 11 129 91 66 150 171 140 78 73 149 0 117 
166 31 11 11 140 90 138 30 27 152 61 171 160 138 70 95 140 143 161 172 140 11 29 35 165 93 
2 93 157 107 20 103 142 173 120 136 7 109 165 100 131 51 73 160 45 140 129 129 71 129 160 54 
123 147 2 167 168 69 69 88 136 122 18 62 55 135 30 105 67 126 114 73 160 4 118 102 4 144 
88 140 13 131 110 16 87 62 102 166 140 79 64 28 144 39 35 129 98 38 43 54 160 115 38 0 
158 129 39 103 107 11 77 121 138 150 173 76 151 67 144 173 73 11 22 63 38 167 28 83 50 35 
124 91 50 138 37 143 11 159 53 99 61 117 61 140 149 146 107 153 56 138 20 103 69 161 31 163 
48 159 57 16 135 107 57 61 167 77 165 160 123 91 88 55 135 127 165 75 57 173 126 17 92 11 
121 11 148 31 129 80 127 12 37 127 10 140 149 17 0 158 162 61 112 109 136 143 20 102 98 140 
126 49 160 80 60 61 138 171 26 26 108 140 77 94 79 53 98 140 77 97 159 161 54 28 67 134 
173 135 131 148 127 17 103 109 107 16 134 124 149 127 40 11 91 124 51 107 75 71 1 18 43 134 
127 38 171 135 91 107 143 28 119 74 6 136 121 49 94 127 165 66 53 32 16 98 0 11 121 35 
153 130 69 73 32 11 7 5 70 24 50 172 127 139 85 39 8 68 71 56 70 140 24 60 92 125 
63 42 95 49 161 101 171 49 56 22 40 45 140 161 130 144 73 12 127 30 120 107 129 116 160 81 
86 101 93 146 132 171 79 87 76 115 158 148 91 43 107 21 39 75 145 72 4 88 112 53 119 112 
127 38 171 135 143 165 91 151 158 74 161 63 104 60 94 127 165 59 126 33 136 172 143 11 96 35 
121 134 162 136 79 36 21 128 5 77 165 36 171 109 110 73 53 135 90 135 57 150 18 76 129 53 
85 122 88 142 61 132 57 61 98 103 171 117 6 49 59 35 141 155 59 140 26 20 76 106 18 38 
3 140 86 131 110 136 51 117 102 166 140 9 81 151 18 76 35 129 98 31 113 130 160 115 38 0 
52 151 121 19 137 75 61 9 162 17 134 14 38 134 173 8 25 86 126 107 122 24 11 31 135 73 
23 11 139 83 160 57 61 92 136 133 94 9 151 113 156 161 3 152 117 134 140 43 74 3 49 150 
87 129 140 5 111 7 128 52 110 157 39 136 135 127 18 18 126 115 118 140 56 26 46 87 11 171 
11 12 86 109 73 16 138 0 116 9 127 28 118 155 171 172 79 70 84 142 61 57 32 21 95 102 
