168 1
78 
123 
64 
38 
82 
117 
20 
140 
77 
99 
75 
151 
80 
99 
39 
35 
76 
74 
93 
154 
138 
164 
91 
107 
82 
160 
102 
39 
15 
163 
153 
96 
128 
129 
83 
105 
164 
118 
143 
29 
102 
167 
21 
39 
50 
77 
114 
134 
161 
103 
0 
134 
0 
107 
102 
13 
109 
0 
80 
46 
137 
160 
118 
25 
32 
141 
110 
166 
6 
126 
137 
142 
75 
123 
129 
140 
0 
37 
78 
8 
25 
160 
160 
11 
56 
96 
8 
76 
42 
148 
126 
165 
96 
42 
2 
141 
9 
6 
77 
52 
109 
84 
90 
101 
141 
75 
46 
128 
141 
9 
8 
77 
39 
42 
101 
90 
137 
31 
84 
93 
32 
102 
148 
86 
167 
36 
165 
142 
61 
57 
39 
2 
46 
143 
101 
143 
163 
114 
85 
13 
123 
84 
25 
110 
140 
164 
55 
1 
9 
90 
154 
56 
129 
52 
23 
21 
128 
105 
146 
46 
156 
100 
155 
8 
102 
63 
9 
17 
