427 1
284 
50 
126 
45 
273 
212 
150 
368 
127 
177 
72 
112 
129 
171 
173 
423 
287 
423 
322 
271 
44 
199 
222 
258 
112 
262 
141 
287 
413 
362 
228 
124 
232 
271 
288 
415 
258 
226 
377 
44 
415 
336 
276 
294 
144 
185 
191 
391 
45 
144 
7 
199 
284 
222 
322 
118 
44 
384 
281 
216 
262 
212 
241 
9 
140 
417 
191 
18 
330 
150 
96 
330 
23 
205 
322 
346 
73 
77 
277 
388 
399 
239 
191 
224 
140 
58 
150 
262 
239 
294 
215 
141 
153 
369 
35 
184 
93 
331 
382 
6 
407 
84 
373 
225 
140 
399 
347 
344 
390 
144 
334 
150 
262 
273 
199 
388 
388 
223 
150 
331 
141 
44 
44 
138 
150 
414 
334 
331 
100 
407 
347 
44 
199 
411 
423 
2 
44 
371 
258 
241 
224 
60 
331 
359 
398 
330 
94 
423 
323 
212 
127 
359 
358 
330 
77 
172 
344 
112 
44 
413 
196 
273 
44 
322 
198 
141 
318 
141 
37 
368 
15 
322 
75 
250 
399 
222 
44 
421 
423 
379 
191 
222 
423 
6 
126 
139 
220 
44 
57 
64 
17 
126 
375 
141 
9 
250 
327 
250 
83 
23 
103 
373 
98 
108 
231 
267 
78 
267 
172 
190 
57 
226 
342 
8 
226 
199 
330 
322 
150 
45 
2 
318 
262 
425 
311 
288 
263 
347 
171 
99 
196 
98 
423 
18 
141 
358 
399 
213 
413 
96 
226 
407 
57 
208 
273 
98 
191 
96 
223 
196 
224 
171 
337 
73 
141 
388 
60 
226 
36 
99 
347 
423 
421 
323 
318 
73 
423 
192 
9 
44 
141 
277 
390 
219 
100 
322 
83 
100 
45 
199 
144 
305 
190 
288 
17 
347 
299 
277 
93 
255 
391 
44 
167 
337 
83 
283 
318 
64 
322 
299 
191 
358 
141 
191 
240 
359 
140 
247 
115 
23 
417 
98 
305 
141 
330 
373 
135 
333 
207 
239 
45 
18 
95 
379 
294 
129 
222 
416 
322 
171 
23 
150 
400 
100 
126 
141 
316 
379 
241 
199 
337 
347 
127 
284 
423 
172 
86 
294 
9 
32 
57 
413 
18 
226 
273 
199 
13 
199 
226 
322 
251 
25 
423 
356 
144 
399 
140 
141 
278 
322 
223 
388 
284 
94 
322 
368 
399 
228 
294 
59 
73 
425 
60 
373 
330 
198 
420 
239 
362 
399 
100 
388 
167 
330 
239 
9 
163 
141 
127 
374 
133 
240 
100 
127 
217 
150 
133 
267 
379 
9 
146 
31 
144 
10 
251 
258 
359 
68 
133 
30 
225 
423 
143 
43 
423 
309 
73 
