54 6
48 15 18 17 18 53 
44 37 21 32 9 17 
42 3 11 0 18 22 
48 28 27 47 53 27 
37 37 48 46 6 32 
2 42 36 24 51 53 
31 7 53 3 27 27 
46 41 11 0 53 22 
8 28 16 16 6 21 
28 43 46 24 23 18 
15 46 44 37 29 53 
26 8 52 1 4 17 
44 38 4 32 14 3 
38 38 5 42 0 8 
15 44 44 38 50 27 
42 0 11 6 27 22 
37 24 5 43 6 8 
14 15 18 3 18 27 
23 38 23 47 29 38 
44 16 47 53 18 8 
7 36 43 24 23 27 
37 38 31 44 3 8 
0 37 18 27 0 2 
43 40 17 18 53 8 
7 23 0 53 16 2 
7 46 36 37 29 53 
36 13 41 53 27 32 
30 37 19 41 23 24 
44 17 11 6 27 22 
46 40 0 27 18 8 
46 40 0 27 18 8 
7 46 43 37 29 53 
8 28 40 16 47 21 
43 37 40 32 25 3 
46 37 4 8 14 47 
36 24 4 32 31 0 
25 35 11 32 27 24 
15 49 3 53 40 28 
15 23 0 27 40 2 
46 37 13 32 9 3 
38 38 10 46 3 8 
48 2 18 3 27 18 
45 33 11 32 53 24 
14 1 11 8 18 24 
31 1 11 8 53 37 
28 44 44 37 29 53 
20 33 11 32 18 24 
14 2 53 47 27 27 
7 46 42 37 26 27 
42 4 41 18 27 32 
44 40 6 53 18 8 
36 13 3 27 18 8 
43 37 40 8 20 47 
19 38 23 41 29 37 
