379 13
352 210 88 229 303 187 21 72 150 183 290 39 98 
269 235 150 9 202 103 249 198 344 254 286 52 353 
357 368 135 50 335 374 210 363 31 280 252 163 175 
270 32 291 276 153 335 366 218 262 299 138 269 319 
135 106 39 278 58 88 61 2 368 226 167 346 211 
1 151 258 360 24 252 117 16 88 134 182 31 180 
121 327 195 53 237 50 116 198 331 234 7 169 214 
95 210 239 47 20 114 309 150 228 88 353 233 232 
24 2 73 307 139 12 259 116 243 283 60 219 241 
178 119 39 242 203 192 255 254 39 337 361 358 249 
27 152 303 163 334 208 322 78 198 150 39 8 26 
145 106 39 102 9 88 95 2 5 37 40 328 211 
340 349 58 241 116 327 214 198 254 284 275 88 91 
11 170 282 89 216 212 300 249 348 324 345 266 244 
252 117 177 253 24 127 213 122 131 188 267 27 242 
357 136 99 374 80 359 310 254 99 369 139 121 249 
140 104 60 4 228 258 360 294 150 130 205 237 294 
371 354 371 49 147 249 196 335 155 67 144 201 357 
345 153 38 204 180 78 185 116 116 329 201 309 214 
174 349 58 76 116 84 214 198 135 261 163 88 280 
169 145 263 331 317 163 241 265 4 300 282 371 269 
178 225 113 69 99 64 290 367 33 239 227 226 222 
324 274 54 115 248 198 58 31 27 135 131 350 98 
31 185 86 286 28 204 165 116 319 90 357 159 309 
357 31 273 364 87 66 29 292 150 264 262 360 145 
92 47 337 127 286 31 321 152 54 7 140 273 370 
357 350 360 42 67 329 8 311 87 363 110 185 139 
350 253 123 139 158 203 113 178 144 374 231 376 185 
143 113 117 332 170 43 288 150 187 349 22 170 41 
178 168 113 240 39 149 91 146 33 239 193 30 223 
175 133 294 89 280 175 300 249 68 138 292 266 244 
229 344 355 109 190 0 78 249 246 187 214 378 348 
31 43 189 286 28 271 372 116 98 82 178 208 144 
29 305 26 56 55 93 62 137 111 129 134 294 78 
267 347 185 156 117 55 149 156 92 150 19 115 357 
360 202 119 149 141 135 363 300 216 177 99 275 223 
27 230 89 275 267 279 330 21 198 150 39 147 356 
204 133 200 89 280 11 57 249 348 121 301 125 115 
194 104 150 9 214 134 249 198 239 135 286 130 353 
44 361 141 226 365 153 58 85 139 272 252 141 245 
133 99 6 67 346 207 363 296 103 149 50 133 344 
262 268 338 314 96 261 225 218 16 299 358 269 35 
78 210 305 338 55 93 260 291 165 212 103 238 321 
289 213 107 26 235 202 331 281 171 149 195 357 337 
198 86 69 185 373 19 352 87 292 92 292 173 35 
269 223 150 9 214 42 249 198 74 135 286 199 57 
207 352 210 372 117 19 54 158 158 102 17 26 198 
359 212 371 8 140 249 362 335 308 238 309 220 178 
335 43 299 143 207 253 129 249 233 88 259 29 1 
169 154 329 220 34 19 149 116 243 136 149 66 337 
347 244 149 336 288 320 293 39 97 150 61 159 67 
281 292 297 195 41 43 121 256 9 315 286 358 335 
273 90 295 137 43 301 219 227 117 52 39 58 89 
94 346 218 337 116 157 214 198 254 287 237 88 280 
234 361 69 172 296 77 253 115 366 73 252 72 245 
259 166 127 79 98 207 0 24 133 25 323 50 31 
252 216 202 267 370 43 297 241 198 35 39 107 364 
55 214 206 259 141 68 363 57 91 349 99 163 222 
357 283 39 75 7 192 74 254 99 337 298 358 249 
95 227 309 8 202 55 303 368 55 297 230 110 42 
243 4 76 215 258 31 222 185 265 89 113 326 68 
150 31 294 303 147 233 18 249 303 244 201 69 147 
82 121 135 229 371 33 321 10 138 249 12 330 287 
252 211 349 83 24 127 60 320 206 188 109 363 242 
359 271 76 217 350 31 323 43 36 303 297 36 135 
147 235 64 271 333 164 55 67 150 287 376 163 171 
369 351 150 198 352 36 274 202 251 290 144 96 81 
79 365 267 70 242 43 196 170 154 345 54 350 329 
177 171 163 157 79 214 40 34 183 149 213 11 205 
121 304 39 75 282 198 253 31 363 254 136 258 35 
252 62 346 15 24 127 213 51 114 291 332 363 244 
347 135 325 332 102 181 369 123 129 57 67 359 269 
358 281 99 75 294 198 218 31 363 145 136 164 319 
323 222 45 95 337 98 361 31 144 348 55 360 273 
88 118 114 57 28 39 88 303 326 98 346 51 249 
59 51 305 351 117 53 39 148 47 317 342 356 198 
19 107 263 257 154 28 44 346 91 31 26 88 147 
17 158 76 210 87 31 29 70 54 370 140 148 97 
357 225 297 22 39 60 91 102 42 250 322 172 104 
90 103 31 269 163 87 349 145 134 214 154 52 115 
156 257 74 47 131 136 144 150 377 88 319 239 7 
31 43 293 87 350 4 339 116 57 29 357 79 144 
178 366 297 22 39 364 229 278 33 344 112 30 323 
178 119 39 244 80 192 239 135 39 369 225 138 249 
67 302 87 126 185 369 37 132 328 113 363 314 191 
59 352 210 219 62 53 54 101 336 278 92 305 198 
287 185 169 95 59 58 212 249 344 88 149 82 45 
299 363 76 350 249 87 234 297 194 367 132 60 334 
293 246 116 255 366 88 162 159 49 319 252 190 8 
147 99 34 360 164 279 78 12 14 256 266 252 303 
357 361 113 72 54 64 91 102 33 74 322 172 311 
236 220 254 353 71 88 243 241 252 34 50 92 376 
192 11 243 8 147 249 190 199 93 238 309 220 357 
150 31 248 303 49 344 194 249 89 242 307 22 147 
287 185 277 308 59 218 204 249 310 88 213 29 267 
150 31 248 89 8 310 18 249 303 242 102 141 8 
158 101 337 257 87 31 29 230 39 232 49 101 232 
155 305 250 47 114 20 309 150 167 88 197 239 105 
360 202 114 213 69 145 27 98 280 346 39 275 235 
236 34 72 30 195 96 218 244 168 329 252 240 207 
320 127 88 216 89 28 29 22 150 224 290 54 197 
359 204 243 147 8 249 264 199 61 67 309 126 178 
228 321 168 280 20 219 152 294 24 103 252 337 135 
90 305 26 56 55 156 151 56 66 11 42 282 78 
99 147 138 71 256 303 216 165 363 99 367 203 275 
156 257 233 92 283 119 144 150 377 88 57 239 370 
294 264 88 31 332 65 187 69 119 311 33 6 96 
270 23 56 13 25 284 361 83 325 24 324 18 319 
320 127 88 280 303 258 29 141 150 194 290 39 57 
266 323 150 9 214 103 249 198 233 254 286 287 57 
88 10 20 353 28 54 88 89 123 300 346 122 249 
337 219 150 198 51 326 281 214 329 229 309 96 32 
138 84 190 53 237 349 116 198 334 44 105 277 202 
267 304 198 272 302 78 255 31 110 249 185 215 14 
347 254 65 38 102 181 369 128 129 98 294 192 269 
207 51 356 372 62 19 99 336 92 146 47 257 198 
88 162 40 85 163 274 9 79 96 373 322 306 309 
90 324 68 216 192 42 321 36 324 249 12 330 199 
27 152 303 181 334 79 322 90 198 150 54 8 26 
277 68 262 334 201 181 241 118 204 57 248 192 224 
67 133 87 201 185 241 37 285 349 297 27 215 260 
89 17 178 31 207 82 134 245 251 110 254 249 225 
96 184 297 196 3 43 313 256 83 100 87 138 284 
27 63 303 181 247 208 227 29 198 150 99 147 305 
241 66 150 198 320 160 25 214 73 229 144 246 161 
184 304 334 271 188 90 43 116 116 272 307 144 214 
377 78 225 280 71 351 230 67 24 134 252 76 135 
357 258 55 42 171 272 147 222 87 27 344 43 139 
363 176 303 181 45 159 322 78 198 150 54 49 257 
145 106 99 278 253 88 156 2 5 37 40 346 260 
342 29 3 291 43 184 111 6 211 261 39 15 89 
347 348 270 38 278 275 369 118 354 300 238 192 269 
282 362 88 31 247 262 164 22 20 104 42 6 96 
334 62 164 360 277 252 62 262 88 134 162 31 180 
29 26 257 338 55 156 260 137 111 175 103 248 21 
349 67 275 84 208 214 289 366 266 259 213 271 182 
277 145 262 1 367 275 76 36 204 319 67 243 194 
252 229 202 38 370 43 297 241 198 197 99 3 213 
89 273 357 31 207 78 42 59 251 74 254 249 366 
331 347 185 156 191 360 60 93 92 150 53 75 357 
169 154 329 278 34 12 259 116 359 119 213 165 369 
121 274 99 244 200 198 9 31 363 145 131 350 57 
282 365 88 31 332 263 187 69 71 235 33 227 77 
150 31 248 303 140 74 183 249 303 75 126 72 49 
89 58 330 43 87 41 303 285 342 189 122 209 303 
177 171 181 378 79 202 228 225 224 64 60 129 108 
289 29 366 91 136 124 176 282 277 42 252 337 135 
277 154 251 367 34 12 213 116 359 119 364 339 241 
243 129 243 140 49 249 296 284 61 67 309 367 178 
371 129 76 172 28 31 222 185 326 303 297 326 348 
216 32 299 281 3 244 39 190 178 65 76 302 139 
29 324 135 280 243 33 321 118 313 249 12 227 261 
252 191 349 9 299 127 364 122 131 180 267 363 75 
92 47 337 305 286 31 29 63 54 370 140 92 7 
178 5 348 50 52 85 210 363 31 280 252 275 354 
150 31 238 303 49 344 18 249 89 244 317 240 140 
150 31 238 89 8 250 183 249 89 242 367 69 8 
171 368 286 102 185 337 37 142 349 297 27 215 117 
371 129 243 147 147 249 375 284 143 282 144 367 357 
78 33 31 194 275 87 50 145 103 202 154 335 46 
27 70 303 275 267 279 227 82 198 150 99 8 127 
31 185 189 87 258 4 66 116 353 82 357 159 309 
288 26 88 280 303 258 78 72 150 125 216 54 197 
27 287 253 145 169 301 12 330 170 252 82 173 323 
156 113 260 334 133 185 288 150 187 50 240 5 41 
369 372 150 198 288 118 77 202 329 216 309 96 81 
88 353 144 340 27 264 80 298 242 33 55 192 93 
302 99 6 171 346 207 363 296 33 259 177 133 255 
247 347 43 156 62 360 259 93 336 150 53 85 357 
178 31 273 60 87 351 29 184 150 190 16 360 348 
38 117 187 55 347 252 260 65 88 33 205 31 338 
79 365 45 152 374 43 296 302 154 301 39 187 251 
354 133 171 89 290 204 98 249 254 138 184 224 75 
248 170 286 307 185 337 172 285 328 297 27 215 62 
287 43 347 93 207 58 11 249 344 88 64 321 334 
135 285 54 201 83 88 61 2 5 172 289 346 260 
252 117 50 83 347 127 364 312 71 291 109 363 75 
277 85 364 336 122 352 340 99 203 150 155 279 248 
270 372 243 28 111 204 205 178 262 349 330 179 188 
52 185 169 155 59 15 212 249 255 88 64 21 45 
252 216 202 267 80 185 113 369 198 353 99 107 149 
27 261 253 254 347 345 19 193 5 252 29 231 311 
320 210 88 229 89 350 82 72 150 269 290 39 300 
345 153 331 204 291 90 185 116 116 272 220 144 214 
122 346 2 69 216 34 328 354 134 2 118 99 32 
167 259 41 305 323 202 109 246 171 149 195 357 337 
294 166 88 31 331 263 350 69 283 222 134 193 274 
61 113 211 267 368 185 352 150 350 177 72 368 295 
252 216 202 334 105 185 297 369 198 319 54 107 149 
284 185 299 156 59 58 204 249 255 88 149 82 1 
88 319 144 48 27 375 203 168 46 42 360 359 95 
321 324 145 91 243 42 321 123 138 249 12 330 287 
88 243 303 308 287 137 33 54 259 66 131 360 309 
324 378 166 19 275 328 116 198 332 234 7 277 214 
345 246 267 129 180 321 185 116 116 73 220 144 214 
88 353 144 340 27 195 370 139 46 42 360 359 95 
88 57 144 94 363 196 7 366 244 134 55 192 155 
360 202 136 213 240 145 363 98 290 349 99 181 223 
13 97 259 44 198 370 361 343 3 31 87 202 27 
273 90 107 338 43 184 339 330 191 199 39 9 89 
208 196 38 152 85 43 362 170 2 345 39 164 251 
289 321 139 280 206 165 176 67 299 42 252 337 145 
150 124 198 185 242 89 116 239 125 240 343 328 372 
143 305 110 336 71 131 144 150 228 88 35 233 203 
145 142 39 126 253 88 95 2 302 30 333 349 260 
288 257 88 290 89 187 29 22 150 224 280 39 197 
277 145 270 247 102 181 337 128 271 35 67 192 183 
143 227 144 140 214 360 89 170 360 297 152 255 42 
321 42 31 18 181 87 50 348 33 214 154 335 46 
198 94 22 43 209 53 320 286 301 336 345 84 353 
357 28 360 103 294 329 8 222 87 27 310 185 366 
29 121 145 290 371 103 78 118 313 249 53 193 130 
135 142 39 126 58 88 93 2 5 13 289 50 211 
371 354 76 37 350 31 223 185 128 89 297 160 135 
150 111 198 43 242 89 116 310 269 72 355 328 351 
354 368 171 89 290 354 35 249 254 324 292 266 242 
209 146 348 98 71 88 192 76 252 34 177 92 0 
204 170 282 303 280 204 353 249 68 358 345 18 242 
357 206 99 75 7 192 250 348 99 241 225 138 249 
76 165 150 198 312 160 281 214 272 280 144 77 161 
40 82 298 216 283 372 70 171 347 134 252 241 68 
284 185 347 308 245 253 212 249 250 88 60 29 334 
99 8 358 71 70 303 91 111 27 39 220 203 275 
54 140 358 283 176 89 91 124 363 99 317 105 181 
301 96 332 129 180 321 43 116 116 329 307 144 202 
331 277 185 143 117 360 213 156 17 150 12 75 178 
175 170 282 89 280 4 353 249 254 358 184 183 85 
324 378 365 19 237 50 116 198 331 373 370 277 202 
368 99 112 67 328 245 27 362 134 60 328 302 110 
209 220 145 57 119 88 192 241 252 298 328 336 100 
252 62 346 253 169 305 213 312 20 188 109 27 244 
282 133 87 102 43 76 172 285 328 113 27 217 117 
308 26 250 273 71 119 144 150 377 88 197 344 80 
88 10 131 197 258 54 88 303 118 197 349 122 249 
198 340 69 43 234 19 288 87 292 158 345 120 98 
39 147 324 119 152 303 229 124 27 54 220 97 181 
198 221 141 185 236 12 51 286 345 336 345 120 57 
27 287 253 348 24 184 19 6 302 252 29 231 235 
79 166 332 176 374 43 365 170 2 345 99 164 251 
88 265 131 57 258 99 88 89 10 57 50 288 249 
121 153 54 85 200 198 15 31 27 135 283 164 197 
12 295 65 356 154 350 209 349 229 31 356 88 140 
59 288 356 165 117 19 39 148 273 220 342 257 198 
88 243 303 93 261 137 134 99 64 219 136 55 144 
245 51 257 124 151 53 99 17 158 146 342 257 198 
61 193 144 8 214 55 89 133 360 297 230 255 42 
17 101 369 305 87 31 29 176 54 97 49 148 203 
194 223 150 218 202 134 249 198 250 135 87 130 300 
159 196 45 14 244 185 195 302 154 184 54 258 272 
208 178 156 207 251 185 319 311 39 187 248 310 295 
88 326 20 319 164 39 88 89 160 300 177 51 249 
323 104 332 155 337 35 366 31 144 348 360 55 273 
55 277 223 357 226 106 334 106 229 217 252 216 121 
178 131 54 244 203 359 344 254 99 369 366 358 249 
328 200 181 84 159 214 289 298 125 60 213 212 108 
88 123 119 353 258 39 88 303 326 353 177 312 249 
252 151 50 83 347 210 259 122 136 56 1 363 46 
178 28 360 42 294 329 147 222 286 363 250 43 168 
308 113 191 45 302 185 312 150 164 177 69 302 3 
359 271 369 226 164 31 222 43 36 89 113 128 68 
90 121 68 91 192 134 29 36 121 249 12 6 261 
101 321 3 137 185 345 124 193 117 199 99 15 89 
49 104 64 204 40 258 55 171 150 52 376 181 248 
49 235 149 354 333 187 360 248 150 52 205 163 67 
88 197 144 48 363 365 105 366 75 134 360 359 308 
27 70 303 275 45 159 6 90 198 150 99 140 26 
292 304 45 212 137 321 185 116 116 73 201 309 202 
269 222 150 83 202 42 249 198 110 68 286 287 319 
31 185 293 87 28 204 351 116 35 21 178 279 144 
301 274 38 204 188 78 185 116 116 272 102 309 202 
140 311 213 175 167 187 55 67 150 284 376 181 248 
68 285 54 278 83 88 95 2 5 172 40 349 117 
311 311 45 143 369 319 225 31 309 348 360 360 101 
371 212 243 147 8 249 362 335 93 294 144 102 178 
92 273 241 305 286 31 78 152 54 80 147 158 97 
363 130 253 145 277 184 19 112 133 252 21 84 104 
212 368 248 89 91 129 35 249 145 121 301 125 85 
178 31 273 64 87 219 90 345 150 166 325 55 135 
377 321 34 229 71 339 256 282 24 33 252 337 145 
78 42 31 183 237 286 349 145 33 202 154 130 85 
209 278 135 98 20 88 243 241 252 298 349 101 318 
101 92 241 305 87 31 29 176 99 97 147 342 203 
159 264 1 152 85 185 195 368 154 301 39 164 251 
299 145 65 109 102 275 241 265 204 197 200 371 224 
158 321 41 180 43 345 339 112 117 261 54 253 89 
171 166 88 31 45 270 164 240 283 235 42 322 274 
347 363 337 28 249 87 236 297 224 201 186 60 1 
148 78 295 291 185 292 351 193 191 284 54 83 89 
304 292 297 195 41 43 324 63 58 205 286 313 335 
5 39 112 171 50 59 363 195 134 149 328 302 239 
44 146 348 57 283 88 359 337 252 298 177 92 162 
252 91 214 247 105 43 297 337 198 57 99 107 213 
51 177 154 72 216 34 328 204 33 2 326 99 355 
284 185 169 155 59 15 212 249 255 88 60 21 247 
79 195 109 176 374 185 375 302 154 301 99 164 73 
263 355 291 226 96 199 225 83 262 299 121 125 98 
88 319 309 293 363 365 232 168 374 33 360 243 143 
331 96 198 329 133 90 110 31 344 249 43 172 14 
331 24 185 155 260 360 259 155 336 150 53 115 357 
357 31 101 259 286 165 78 301 150 264 262 55 254 
360 214 136 60 72 68 363 300 229 50 99 275 311 
312 346 154 69 280 298 328 354 33 154 118 54 343 
1 211 164 55 24 252 151 325 88 42 315 31 291 
8 99 361 360 187 79 90 53 63 152 266 252 303 
273 101 337 356 87 31 321 63 39 105 8 158 105 
178 164 55 103 238 73 49 323 87 27 310 43 225 
238 5 87 307 43 337 215 132 177 113 363 314 151 
40 78 361 91 71 111 152 238 299 134 252 369 68 
150 31 238 89 147 255 266 249 89 75 220 240 147 
89 9 227 43 87 3 89 186 148 221 122 44 89 
88 10 20 353 350 99 88 89 265 57 328 51 249 
39 8 121 71 14 303 290 66 363 99 307 80 237 
77 345 297 365 107 185 121 63 15 0 286 324 130 
89 92 357 31 207 78 134 207 329 233 145 249 225 
4 5 294 303 91 129 35 249 135 324 292 194 374 
288 210 88 91 89 28 90 141 150 194 229 54 57 
294 365 88 31 332 65 28 69 206 104 103 112 153 
228 321 298 216 20 165 70 282 347 33 252 76 135 
51 127 88 229 303 350 82 69 150 224 280 39 300 
55 202 206 213 69 68 27 35 229 349 99 275 323 
281 301 297 166 41 185 138 63 9 205 286 121 287 
357 168 113 69 39 259 280 126 103 110 193 226 104 
121 173 365 12 237 177 116 198 267 236 232 347 202 
99 49 313 131 14 89 229 111 27 54 278 203 181 
89 92 357 31 59 21 33 207 329 239 348 249 34 
8 323 60 11 228 164 55 171 150 284 315 275 67 
363 70 89 181 1 208 227 321 198 150 39 49 127 
200 170 286 317 185 369 215 186 349 297 363 30 62 
169 374 364 148 122 288 86 99 203 150 93 208 200 
323 311 331 156 369 35 225 31 144 135 360 360 273 
121 120 264 12 163 50 116 198 332 373 105 277 214 
125 323 150 15 202 33 249 198 74 135 87 130 319 
224 323 150 83 202 42 249 198 344 68 87 130 353 
368 39 112 171 177 207 363 264 42 364 50 5 255 
183 104 150 15 214 103 249 198 344 135 87 199 319 
148 90 41 291 43 292 111 322 117 261 54 58 89 
371 11 359 147 49 249 196 261 155 67 309 317 178 
19 3 325 26 2 258 373 50 290 31 210 88 49 
252 216 214 1 7 185 297 76 198 319 99 3 60 
337 111 150 198 320 10 96 202 329 216 309 25 23 
130 43 24 143 245 218 129 249 255 88 60 82 332 
248 170 286 220 185 337 314 142 346 113 363 215 191 
359 271 359 49 8 249 195 52 95 171 144 126 357 
31 185 189 286 350 129 351 116 35 29 357 159 309 
88 265 71 300 28 99 88 89 160 319 177 312 249 
51 346 2 69 280 225 50 204 42 2 265 99 161 
299 46 364 273 352 320 189 99 232 150 156 279 282 
357 31 47 259 286 111 90 184 150 365 325 360 135 
50 294 275 157 208 202 377 298 183 149 364 175 182 
169 244 60 92 320 320 293 39 97 150 61 159 171 
155 297 260 334 302 43 288 150 258 349 72 133 3 
241 165 150 198 288 160 304 202 251 229 309 25 161 
246 301 297 296 295 43 324 230 218 182 286 313 284 
360 214 131 213 22 348 363 197 290 349 39 237 235 
254 316 39 146 218 88 156 2 368 172 289 346 211 
31 43 340 286 258 354 124 116 197 82 357 79 144 
178 258 360 33 282 251 147 235 87 363 310 43 34 
263 66 359 350 372 204 376 357 325 349 193 189 56 
303 336 178 31 245 21 134 207 73 310 254 249 361 
88 359 89 61 130 56 134 54 259 111 114 360 144 
213 362 356 208 197 245 108 24 368 77 235 50 31 
45 299 43 93 211 55 259 308 47 150 53 75 178 
88 57 144 48 27 196 232 34 75 33 360 359 143 
350 9 118 139 47 97 113 178 144 115 231 315 43 
243 204 76 217 28 31 223 43 118 303 113 36 348 
88 57 144 189 363 296 105 225 75 134 55 243 308 
38 277 43 61 62 360 259 95 148 150 12 242 178 
167 29 168 290 71 339 70 67 277 134 252 241 254 
247 191 258 360 277 252 62 263 88 42 318 31 180 
19 41 270 257 154 258 234 177 216 31 127 88 8 
155 257 255 92 206 20 309 150 40 88 57 344 370 
88 192 303 93 284 137 33 39 213 339 131 360 144 
241 351 150 198 320 118 274 202 73 229 144 304 161 
198 221 72 43 373 12 312 286 184 342 292 231 300 
59 320 26 111 62 53 39 148 273 367 101 127 198 
88 197 309 340 363 264 80 139 374 33 360 192 93 
352 127 88 229 89 164 321 141 150 125 216 54 35 
368 39 193 171 349 245 27 196 134 149 328 302 74 
171 302 87 201 43 241 37 142 50 113 363 217 260 
