51 24
6 16 46 24 10 41 18 11 7 47 38 44 42 49 11 47 31 39 21 32 44 6 27 44 
46 20 35 48 28 23 32 24 21 1 33 38 30 15 17 24 20 3 6 4 37 46 33 38 
35 20 4 50 25 18 50 27 10 1 38 31 31 19 10 23 43 13 4 30 0 11 32 40 
45 29 1 25 43 7 3 5 10 24 26 2 29 0 39 20 49 37 7 41 1 25 49 1 
31 27 44 38 9 36 35 13 50 19 22 0 6 29 21 5 50 47 1 44 13 27 33 43 
4 17 47 6 50 16 19 47 38 26 9 31 21 34 17 50 6 49 2 36 45 27 41 47 
19 34 5 28 49 10 46 34 39 6 18 48 50 19 43 8 25 45 20 40 0 22 43 40 
50 5 26 15 43 26 10 23 20 34 46 35 8 5 24 27 23 40 49 34 32 33 8 27 
41 35 1 36 38 42 13 13 46 0 35 46 5 37 41 33 8 46 3 36 25 3 38 12 
7 28 23 18 19 20 29 16 47 1 40 23 16 41 14 20 0 49 16 4 2 29 20 8 
4 35 29 47 11 39 21 7 41 50 41 20 22 16 9 29 5 44 16 30 27 37 19 25 
47 3 3 18 31 3 17 45 3 3 33 48 19 47 27 2 40 41 33 48 5 12 12 37 
3 3 48 48 21 32 28 18 0 8 50 43 34 11 23 33 8 20 50 26 34 10 36 12 
10 26 30 35 21 33 50 20 23 37 19 44 34 22 37 37 29 38 28 41 15 15 1 38 
35 2 43 1 36 46 50 17 14 38 7 4 48 46 49 0 17 47 14 11 12 22 4 49 
44 21 43 23 7 0 4 12 42 10 1 3 27 6 29 13 22 46 50 30 15 9 30 0 
0 14 48 2 39 36 16 25 20 24 20 20 3 24 8 24 40 8 32 16 44 43 50 23 
39 1 25 22 25 2 12 19 37 44 9 25 17 14 46 21 47 13 34 35 40 7 6 39 
18 13 33 15 42 16 25 23 19 47 17 49 38 45 28 10 49 40 44 42 37 20 9 29 
5 9 11 8 44 50 34 9 26 29 11 22 14 19 26 10 30 34 47 4 3 33 40 35 
40 12 43 47 7 47 42 46 0 42 27 7 26 34 12 35 22 12 14 11 27 12 25 31 
16 37 49 41 25 4 12 29 29 2 34 22 43 27 1 2 3 33 35 30 1 3 3 23 
20 10 39 3 14 26 25 14 25 6 16 42 5 22 3 5 0 42 49 20 31 10 50 24 
26 38 28 50 5 13 48 41 49 3 37 36 47 18 8 46 39 33 39 43 45 11 24 36 
27 8 50 33 6 39 3 33 37 27 42 41 37 8 23 33 2 32 6 25 29 15 29 8 
42 27 15 8 10 38 1 17 9 45 12 25 46 31 33 30 5 5 25 25 11 19 40 3 
13 7 5 41 44 11 39 11 16 48 16 49 32 36 46 9 32 50 16 49 13 24 14 29 
1 5 22 16 2 4 18 34 2 8 30 21 16 6 13 48 14 32 9 45 30 12 42 2 
19 44 11 20 25 14 15 2 39 31 7 30 2 15 18 6 49 32 23 6 27 25 11 30 
37 43 31 41 22 27 10 2 29 14 31 20 8 25 41 39 28 13 8 44 23 45 20 41 
23 26 39 36 25 0 43 36 31 40 40 11 7 34 50 2 25 48 39 0 7 18 0 16 
42 48 5 50 41 38 37 40 35 30 28 40 15 39 41 20 13 15 31 15 47 35 9 5 
25 22 47 50 5 38 20 1 46 8 0 18 31 33 18 34 28 24 40 1 34 30 16 39 
7 20 7 45 28 42 34 34 22 25 32 48 50 24 29 19 42 45 2 10 31 49 28 43 
45 8 16 10 27 18 49 8 47 22 33 15 38 25 19 3 38 37 39 12 27 40 16 39 
10 23 35 30 9 47 13 16 43 5 5 20 20 22 24 42 35 36 41 15 5 19 7 31 
8 46 25 24 43 36 0 19 37 10 26 9 19 8 21 43 42 4 44 0 8 14 42 40 
30 2 37 48 45 40 17 48 8 17 37 2 44 4 42 25 12 24 46 50 28 5 12 42 
28 21 25 47 31 13 16 43 18 17 43 39 42 26 26 0 42 45 45 29 38 2 27 46 
29 2 8 12 0 36 9 44 37 12 34 40 31 49 36 28 28 24 36 32 2 2 15 11 
15 23 11 9 0 26 16 21 19 15 32 35 50 36 21 17 47 4 33 17 20 10 47 19 
10 13 27 7 1 11 6 5 7 6 9 40 28 41 20 48 24 0 46 32 6 25 29 7 
12 26 24 19 10 10 23 43 23 15 23 43 12 32 24 21 8 21 10 3 5 6 49 35 
32 22 21 3 50 31 4 30 38 12 35 13 47 50 24 28 44 13 9 13 31 31 27 1 
25 9 18 39 29 20 9 26 11 29 29 30 10 21 23 25 44 38 23 26 0 22 13 19 
50 23 4 12 46 6 33 38 0 0 37 43 25 44 11 17 46 47 30 30 24 39 49 33 
1 24 22 50 40 3 31 4 14 14 14 12 24 33 1 3 50 21 28 2 26 22 37 13 
17 38 22 23 14 45 29 20 30 17 44 40 4 17 24 32 30 22 47 48 47 5 16 22 
28 22 13 42 3 27 17 10 36 41 23 35 7 41 16 42 36 48 42 46 5 37 8 48 
26 50 37 29 19 5 21 7 39 0 9 7 43 5 42 42 15 1 13 17 21 41 26 3 
50 34 33 12 2 49 15 3 46 24 7 39 25 23 16 1 40 0 21 15 22 50 40 19 
