524 1
408 
455 
453 
303 
321 
23 
210 
496 
476 
173 
306 
279 
126 
169 
194 
410 
478 
302 
475 
237 
151 
402 
247 
148 
467 
58 
473 
471 
365 
378 
396 
478 
103 
299 
439 
134 
466 
457 
232 
302 
93 
301 
221 
94 
272 
353 
212 
33 
459 
26 
237 
80 
448 
115 
99 
52 
78 
81 
206 
461 
26 
359 
329 
100 
373 
333 
325 
116 
306 
263 
80 
300 
157 
478 
72 
33 
196 
303 
182 
306 
194 
272 
463 
460 
165 
354 
484 
75 
303 
247 
507 
75 
46 
396 
81 
135 
60 
442 
453 
272 
116 
0 
462 
196 
117 
278 
236 
478 
84 
115 
523 
212 
439 
457 
384 
396 
299 
297 
457 
463 
484 
116 
111 
111 
158 
94 
78 
153 
262 
228 
31 
195 
245 
288 
147 
44 
397 
222 
361 
466 
173 
437 
201 
205 
258 
397 
394 
13 
455 
222 
455 
30 
151 
436 
321 
195 
195 
419 
483 
263 
325 
126 
135 
87 
84 
81 
30 
287 
326 
272 
258 
378 
442 
201 
373 
257 
395 
222 
21 
117 
400 
113 
401 
370 
121 
105 
73 
94 
338 
442 
441 
456 
369 
454 
419 
457 
201 
478 
68 
244 
363 
215 
27 
210 
378 
478 
381 
422 
30 
420 
288 
454 
303 
478 
517 
463 
266 
237 
147 
339 
173 
303 
272 
395 
205 
492 
180 
402 
335 
287 
237 
338 
159 
306 
279 
247 
80 
515 
495 
433 
158 
454 
212 
441 
457 
0 
353 
239 
358 
378 
247 
237 
436 
115 
281 
507 
21 
366 
306 
140 
478 
79 
93 
73 
462 
164 
225 
381 
124 
262 
457 
195 
190 
292 
54 
247 
25 
27 
98 
485 
503 
84 
326 
424 
272 
222 
94 
78 
173 
408 
220 
427 
471 
158 
184 
7 
419 
236 
384 
70 
80 
173 
455 
157 
427 
318 
448 
113 
201 
60 
507 
289 
185 
228 
263 
297 
343 
384 
519 
464 
321 
455 
195 
184 
342 
366 
315 
439 
3 
344 
75 
60 
363 
288 
500 
286 
30 
402 
150 
395 
457 
288 
278 
3 
165 
262 
356 
78 
162 
30 
348 
246 
279 
243 
90 
451 
418 
210 
288 
250 
288 
485 
258 
132 
462 
509 
401 
356 
79 
348 
159 
358 
459 
453 
401 
450 
195 
341 
288 
195 
117 
515 
80 
23 
315 
369 
450 
410 
6 
72 
378 
23 
358 
122 
358 
77 
153 
108 
258 
480 
478 
54 
162 
115 
363 
303 
281 
247 
117 
341 
30 
288 
115 
195 
456 
100 
473 
30 
448 
93 
186 
262 
466 
288 
507 
424 
103 
116 
267 
72 
386 
397 
242 
252 
72 
195 
273 
410 
348 
366 
233 
495 
289 
258 
302 
267 
222 
272 
334 
262 
73 
111 
103 
421 
306 
147 
410 
402 
460 
481 
132 
473 
190 
471 
478 
265 
402 
218 
115 
424 
288 
162 
121 
239 
195 
185 
324 
3 
73 
346 
84 
233 
305 
292 
139 
303 
476 
73 
100 
339 
356 
394 
164 
56 
517 
80 
473 
100 
210 
333 
169 
358 
369 
190 
339 
117 
424 
269 
111 
80 
476 
222 
397 
244 
366 
106 
303 
64 
381 
441 
433 
100 
339 
111 
