501 9
104 51 202 290 23 418 401 420 111 
458 321 286 303 393 89 452 124 401 
44 92 298 180 412 74 430 308 287 
359 23 412 478 198 337 217 429 443 
420 369 24 475 28 469 448 153 450 
12 51 467 309 23 27 163 420 111 
280 323 306 127 55 111 150 325 120 
450 150 253 294 281 353 374 371 135 
426 28 191 80 432 497 158 464 286 
317 416 479 96 256 274 100 305 443 
381 215 451 157 253 51 161 431 53 
382 490 101 312 470 330 13 182 101 
387 429 472 407 68 178 124 393 433 
77 272 223 129 200 398 397 173 355 
495 49 363 127 206 111 150 325 120 
75 211 39 56 277 316 250 44 120 
409 15 435 277 452 455 7 189 93 
111 443 106 101 92 209 147 248 456 
420 397 15 408 85 7 475 430 420 
438 216 137 451 487 387 286 335 127 
362 164 495 87 427 350 124 140 241 
82 394 15 203 444 177 257 336 461 
494 92 298 64 412 74 430 297 340 
374 87 325 209 296 363 342 112 398 
228 111 101 233 430 171 121 359 483 
398 174 202 180 23 209 104 420 111 
313 74 150 327 78 385 330 36 228 
197 170 7 106 92 0 495 35 321 
117 16 15 411 4 447 305 395 348 
101 350 148 318 301 372 23 300 422 
420 369 356 475 28 383 448 462 439 
483 251 402 427 433 324 300 72 202 
398 452 433 499 18 218 56 15 37 
5 446 333 464 94 324 161 360 446 
476 433 2 193 407 275 475 17 436 
104 37 202 189 23 425 163 420 111 
111 443 106 101 33 425 470 248 56 
44 33 474 31 412 407 325 379 279 
420 427 258 258 478 444 436 158 174 
108 70 231 327 120 462 165 114 382 
95 211 186 373 172 67 253 78 75 
51 171 238 281 197 53 170 417 243 
478 4 126 451 319 387 407 256 127 
186 435 363 334 14 15 216 152 465 
224 15 408 190 452 182 486 31 165 
111 443 18 101 92 425 470 248 456 
171 423 293 370 41 56 152 195 484 
436 346 286 292 179 210 381 124 12 
449 248 456 500 26 468 122 448 136 
381 390 153 293 23 174 105 431 261 
471 62 265 292 113 89 258 475 163 
394 465 333 64 412 46 325 173 496 
179 101 111 395 313 280 202 64 87 
251 136 56 500 303 136 159 283 248 
202 135 474 73 53 420 211 211 249 
81 75 351 328 386 401 479 297 307 
430 428 225 102 429 23 101 394 167 
486 8 56 422 346 248 255 416 459 
271 397 360 274 427 350 475 223 170 
489 111 101 423 205 355 144 427 39 
463 264 137 153 249 387 286 63 127 
427 23 412 149 450 337 128 137 443 
330 407 150 69 381 59 313 302 228 
412 84 211 407 82 71 2 330 121 
310 449 402 427 433 67 300 155 467 
301 67 78 120 133 101 477 346 21 
360 226 243 127 122 111 150 205 120 
180 296 23 422 35 152 244 420 403 
276 433 19 355 418 471 420 238 277 
490 165 296 459 412 285 85 107 420 
433 211 110 412 383 233 417 296 202 
100 28 143 457 156 482 187 127 429 
148 211 477 302 440 481 253 383 272 
441 283 342 172 358 268 96 94 443 
171 230 276 176 135 56 152 265 437 
34 101 111 500 313 495 467 208 87 
127 180 427 80 118 420 63 419 305 
420 427 469 196 145 367 458 398 37 
14 429 234 272 487 433 399 263 261 
412 436 211 74 82 153 22 330 144 
12 324 443 420 127 456 330 184 412 
420 427 258 78 145 30 84 163 51 
462 242 159 351 412 414 127 487 412 
202 133 474 193 48 420 211 211 249 
105 87 467 429 120 209 414 354 152 
500 175 325 399 366 399 301 83 420 
153 87 13 222 412 171 127 319 412 
380 433 398 477 261 420 93 103 337 
427 253 412 376 450 337 11 239 443 
389 371 342 100 63 344 100 257 443 
294 111 101 423 205 355 305 359 492 
276 433 60 414 27 295 420 178 181 
5 479 298 73 94 67 161 176 32 
127 205 124 181 443 348 443 64 474 
391 381 296 120 412 15 105 205 182 
135 288 443 427 443 492 467 238 390 
62 178 167 207 24 435 311 384 484 
378 135 374 251 492 433 15 316 114 
489 111 101 233 205 11 144 427 39 
101 350 259 396 28 116 23 300 500 
311 238 429 186 385 200 321 411 339 
472 39 322 9 7 412 370 301 480 
205 56 27 374 433 23 302 67 164 
186 435 445 357 6 15 403 152 33 
69 167 327 407 140 238 124 363 433 
253 200 93 475 87 392 178 420 110 
420 151 15 498 197 449 124 430 420 
402 238 353 296 466 280 56 475 165 
439 93 23 441 281 424 47 154 133 
495 227 179 127 55 111 150 325 120 
267 408 34 22 6 15 30 152 33 
466 81 208 84 380 105 235 459 252 
148 211 186 17 96 324 253 381 75 
265 433 2 73 407 334 124 17 458 
360 185 273 127 255 111 165 325 120 
137 127 424 288 480 246 211 26 71 
205 56 425 368 433 23 17 481 479 
71 344 122 223 412 307 127 147 412 
82 16 15 411 264 417 257 240 348 
118 481 78 120 135 101 207 303 118 
89 341 318 313 211 249 290 111 286 
391 383 380 120 412 15 161 325 78 
38 369 245 496 408 398 160 58 414 
306 101 111 240 330 495 202 189 242 
229 305 467 27 150 44 265 194 433 
28 324 196 120 133 101 207 143 28 
456 65 474 178 292 40 157 146 274 
322 357 198 139 484 268 93 233 133 
289 110 101 312 147 330 122 78 101 
493 106 331 177 394 23 296 42 204 
29 291 148 211 163 412 120 436 223 
279 111 319 242 82 56 269 127 454 
133 88 443 359 443 483 467 178 315 
174 307 238 423 85 261 241 184 445 
431 150 23 294 388 82 47 371 41 
51 128 178 388 197 428 81 184 306 
204 21 90 463 40 361 12 89 74 
56 215 474 178 321 413 276 224 242 
420 213 90 124 301 469 76 451 198 
449 157 345 69 120 153 93 114 368 
293 433 312 332 27 84 420 178 103 
167 127 424 299 167 486 211 321 71 
169 127 117 288 239 134 211 292 451 
330 286 150 387 381 191 330 36 294 
293 383 296 120 412 15 105 205 381 
12 481 443 420 127 456 330 417 412 
496 111 130 274 424 56 47 127 454 
441 247 148 211 158 412 120 436 91 
41 61 443 427 443 310 467 178 125 
163 481 443 420 127 56 313 177 412 
127 325 475 110 443 109 443 180 354 
398 469 433 380 106 219 456 15 357 
262 15 435 277 258 78 466 31 150 
172 28 346 318 235 388 266 127 167 
127 415 359 80 118 420 63 138 305 
214 211 207 45 96 481 253 258 75 
12 2 202 189 23 425 12 420 111 
433 211 103 412 381 482 184 296 467 
69 126 387 286 222 178 475 306 433 
38 123 223 496 366 163 479 485 414 
163 182 433 296 18 214 56 15 51 
23 498 165 124 274 235 238 420 103 
205 56 425 1 433 23 45 324 397 
69 169 472 74 351 238 124 34 433 
398 78 433 380 106 219 456 15 357 
127 325 475 103 443 314 443 31 298 
380 433 158 267 57 420 93 110 337 
56 362 354 238 346 112 157 361 274 
179 101 111 422 330 495 467 31 166 
56 65 354 178 311 413 157 409 166 
420 359 182 452 263 403 260 12 37 
289 190 101 318 249 313 122 258 101 
26 238 429 252 188 435 311 384 338 
65 342 360 87 427 153 475 68 81 
16 92 107 180 412 407 430 237 365 
381 271 462 157 23 174 161 450 428 
359 286 439 78 340 150 90 341 247 
326 207 15 497 223 484 116 8 330 
443 390 179 433 417 253 183 120 85 
195 433 51 210 286 2 124 45 260 
483 108 413 427 433 67 270 72 467 
477 386 229 37 114 15 403 16 465 
109 429 272 234 130 433 399 376 201 
105 268 202 239 120 425 307 107 394 
17 252 15 361 140 339 329 8 313 
381 390 350 391 253 334 161 450 331 
126 353 211 206 481 186 428 220 404 
137 127 86 88 169 486 211 62 451 
347 111 101 230 430 332 305 359 139 
492 134 112 427 433 67 266 72 202 
477 366 393 357 254 15 30 152 33 
228 111 101 281 205 332 94 359 483 
13 133 47 466 483 433 15 3 6 
317 283 160 440 63 344 172 144 443 
420 359 196 78 376 4 84 158 334 
332 54 391 176 133 456 494 74 220 
14 480 52 369 130 433 399 80 53 
240 185 325 194 200 399 21 230 420 
133 324 380 147 161 420 464 412 419 
365 111 130 87 353 56 374 127 156 
139 67 350 133 343 27 93 200 238 
246 459 56 500 311 248 122 250 468 
253 137 105 189 294 394 70 414 478 
277 133 253 103 318 112 468 84 93 
15 472 228 151 95 318 111 433 284 
313 21 330 169 0 116 171 101 147 
170 369 68 328 366 401 446 379 307 
126 82 211 378 67 207 261 338 329 
492 7 72 359 433 324 266 413 202 
85 170 246 106 92 454 360 392 321 
389 416 342 172 221 268 100 305 443 
237 30 206 366 79 426 328 406 229 
293 433 42 355 425 436 420 178 277 
445 101 111 422 313 176 467 415 268 
41 299 443 359 443 492 202 238 315 
301 67 383 120 133 101 207 143 28 
420 75 59 124 301 383 76 350 431 
50 490 101 442 130 330 13 383 101 
133 88 443 427 443 492 202 178 362 
133 61 443 427 443 139 202 238 434 
13 41 473 7 39 433 15 236 348 
412 84 211 265 117 153 51 313 144 
276 433 318 414 418 84 420 238 103 
276 433 42 414 418 260 420 238 453 
496 111 249 268 86 456 368 127 454 
412 295 211 407 86 451 51 330 305 
469 65 451 276 23 37 105 439 284 
383 65 153 391 23 275 161 431 48 
101 153 218 19 301 372 23 142 336 
476 433 174 193 74 37 475 302 436 
467 135 298 464 57 420 211 211 249 
452 271 350 293 253 174 105 431 53 
496 111 130 274 353 456 269 127 0 
467 135 107 464 48 420 211 211 470 
243 101 111 422 313 280 202 410 166 
401 2 202 208 23 209 398 420 111 
359 253 412 376 198 66 355 239 443 
390 446 176 274 427 462 475 247 194 
443 434 113 433 177 23 471 120 197 
456 271 474 238 26 402 70 262 87 
431 181 167 256 294 319 215 443 324 
420 427 452 381 463 30 260 104 2 
380 433 104 477 53 420 93 43 6 
74 433 334 89 407 22 124 36 436 
169 127 353 3 480 486 211 292 350 
276 433 312 307 418 471 420 238 110 
431 150 23 347 233 353 374 416 135 
293 433 442 11 209 260 420 178 181 
426 21 188 80 155 224 401 193 265 
441 223 219 211 158 412 120 295 245 
127 208 359 463 28 420 322 403 144 
450 165 23 489 423 86 50 416 133 
137 353 211 13 67 267 57 97 162 
374 268 205 209 499 363 446 402 12 
280 175 34 127 122 111 165 430 120 
81 52 245 365 408 104 446 297 307 
412 183 211 265 86 451 174 330 144 
276 196 380 120 412 15 161 205 452 
254 239 213 168 487 433 399 149 201 
133 88 443 359 443 39 467 238 119 
161 274 467 137 120 425 332 354 16 
449 248 56 395 346 136 206 448 8 
287 111 130 344 117 56 289 127 392 
104 324 443 420 127 56 330 447 412 
420 377 90 124 21 381 76 350 450 
217 54 157 495 135 56 152 407 339 
239 127 86 61 239 251 211 346 462 
169 117 211 13 324 267 261 220 329 
380 433 163 477 331 420 165 43 314 
458 303 286 292 273 464 455 124 104 
480 127 82 61 480 449 211 143 350 
21 481 383 120 41 101 186 292 21 
393 101 111 422 313 360 467 290 166 
286 433 22 9 46 275 124 326 458 
499 433 104 186 57 420 165 490 66 
394 33 333 31 412 46 430 173 340 
433 211 491 412 78 54 447 499 202 
252 435 445 37 109 15 216 44 33 
104 22 467 180 253 27 158 420 111 
493 106 201 447 16 253 499 19 204 
359 407 450 383 129 93 191 343 245 
467 135 333 73 428 420 211 211 249 
206 135 473 486 483 433 15 406 6 
127 31 427 438 21 420 63 367 144 
486 136 56 500 311 248 122 416 468 
215 32 360 274 427 71 475 212 81 
355 54 293 280 133 56 152 46 97 
225 106 284 447 44 253 499 42 426 
427 23 412 478 450 461 11 169 443 
295 303 476 346 445 89 452 124 398 
39 466 40 359 433 67 244 402 202 
391 433 42 355 418 260 420 178 190 
313 476 165 327 455 98 313 36 347 
433 211 277 412 455 423 184 499 202 
101 462 259 60 118 488 253 187 500 
161 268 202 137 120 425 414 354 44 
162 439 188 433 214 453 150 465 15 
125 397 176 242 359 153 475 291 241 
413 238 424 380 449 280 56 124 165 
359 253 412 463 439 109 414 169 443 
480 127 86 61 429 246 211 292 153 
82 152 15 384 403 447 257 500 337 
111 443 106 101 92 27 147 8 456 
330 407 165 69 78 304 330 302 228 
389 111 101 233 430 414 305 427 483 
391 452 296 120 412 15 161 205 452 
265 433 22 89 195 275 475 302 436 
289 453 101 396 249 330 13 452 101 
271 446 280 268 359 153 124 223 399 
310 449 402 359 433 324 300 413 202 
7 293 175 472 120 350 93 314 50 
330 46 93 327 182 349 330 373 99 
149 444 137 462 147 472 407 256 127 
116 435 108 246 401 186 99 296 296 
280 227 393 127 378 111 165 205 120 
301 67 381 120 135 101 267 303 118 
359 23 412 376 431 6 414 137 443 
101 451 95 312 118 329 253 115 336 
478 367 169 451 249 327 46 63 127 
29 222 95 211 401 412 120 260 247 
359 476 198 381 287 93 59 384 245 
330 265 165 387 78 356 330 302 489 
412 183 211 195 82 71 37 313 257 
258 434 71 293 253 37 161 450 53 
309 296 253 500 5 44 115 420 138 
330 118 330 137 278 488 332 101 487 
111 443 106 101 465 418 470 248 456 
491 93 296 468 412 285 197 474 420 
256 106 428 447 16 253 499 60 204 
205 56 418 289 433 23 36 324 446 
488 366 134 466 398 477 99 380 499 
108 468 456 336 292 136 206 283 248 
374 110 101 318 470 313 159 196 101 
155 178 353 499 246 176 456 475 165 
394 92 333 180 412 74 325 20 328 
412 84 211 407 424 451 334 313 305 
450 103 480 322 294 147 390 443 67 
370 323 229 127 55 111 93 325 120 
206 41 1 108 139 433 15 316 254 
159 135 47 486 310 433 15 299 114 
335 106 57 177 44 253 499 19 426 
181 133 23 103 312 155 248 436 150 
163 78 433 380 106 95 56 15 174 
490 133 253 491 19 432 459 260 165 
380 433 163 186 428 420 150 181 66 
258 215 451 276 253 22 105 431 57 
330 46 165 69 455 24 330 302 99 
101 153 364 19 28 102 253 187 500 
495 345 273 127 206 111 93 430 120 
294 111 101 230 205 128 94 359 139 
172 301 321 457 460 281 115 127 429 
276 433 457 332 418 458 420 238 103 
335 18 48 417 152 253 499 442 426 
350 268 378 291 412 217 127 130 412 
112 178 82 499 251 370 56 124 150 
374 190 101 318 130 330 55 383 101 
228 111 101 83 430 171 94 359 310 
152 465 474 180 412 195 325 173 129 
412 436 211 265 117 462 275 330 257 
161 241 111 40 492 328 313 109 197 
359 407 431 469 287 93 188 384 247 
129 111 130 166 117 456 382 127 156 
28 481 455 120 41 101 267 311 118 
195 433 334 193 46 51 124 302 84 
133 3 443 427 443 492 467 238 119 
79 18 48 417 394 23 380 318 204 
492 324 462 133 384 27 165 200 238 
420 369 90 475 21 469 283 462 431 
458 321 286 311 34 193 469 124 104 
306 101 111 422 330 495 467 415 166 
359 476 431 383 287 150 385 384 222 
127 31 359 463 301 420 493 138 144 
325 456 425 1 433 253 36 481 446 
111 443 106 101 92 425 249 468 56 
84 303 195 62 229 193 182 124 104 
458 292 74 346 445 73 383 124 401 
163 481 443 420 127 56 313 447 412 
34 101 111 395 313 370 467 189 274 
170 75 223 340 408 163 32 173 11 
65 164 360 87 359 153 475 222 81 
102 431 90 433 95 181 150 33 15 
461 429 52 369 147 433 77 376 57 
471 26 46 62 306 9 383 124 12 
348 169 123 377 147 433 241 376 284 
190 41 253 110 396 72 248 458 150 
29 111 101 233 325 307 121 359 483 
310 324 462 135 203 418 150 366 178 
190 150 296 248 412 58 85 333 420 
202 41 474 464 428 420 211 211 249 
101 462 148 42 21 329 23 115 422 
118 481 78 120 133 101 267 321 28 
433 211 490 412 78 54 417 296 467 
163 275 202 189 23 27 104 420 111 
407 433 357 9 286 37 475 17 84 
199 15 408 43 455 78 134 208 150 
439 103 429 493 99 319 315 443 67 
438 419 167 350 130 387 265 225 127 
401 78 433 296 18 95 456 15 275 
327 126 69 46 245 178 475 229 433 
420 427 452 258 263 367 183 401 357 
21 324 182 120 133 101 267 321 21 
387 429 69 265 351 178 475 243 433 
219 211 477 45 100 481 253 196 75 
420 123 191 475 118 455 448 153 431 
325 456 418 47 433 23 45 67 151 
127 189 359 149 21 420 358 216 305 
427 253 412 263 439 109 414 167 443 
307 423 391 176 133 56 494 407 97 
492 324 71 41 203 209 165 366 238 
328 111 147 274 353 456 368 127 5 
139 7 72 427 433 67 141 40 467 
277 135 23 103 457 72 248 436 150 
88 393 298 159 105 23 244 147 124 
148 211 252 326 96 481 253 196 377 
1 181 101 396 130 330 378 383 101 
139 134 413 359 433 67 266 432 202 
127 290 427 263 28 420 221 367 121 
373 477 15 199 351 220 102 136 313 
197 194 246 18 92 35 280 460 62 
420 213 191 475 28 452 416 350 431 
101 404 284 126 371 12 7 426 478 
362 32 360 87 427 350 475 223 77 
450 190 126 335 294 147 400 443 481 
467 41 354 9 331 420 211 211 319 
350 166 159 247 412 307 127 147 412 
85 399 486 106 92 460 370 156 292 
15 387 389 479 148 396 111 433 48 
105 399 111 402 139 365 330 337 85 
7 136 456 336 143 459 159 448 8 
56 215 333 178 26 40 391 224 242 
313 301 330 239 460 372 332 101 130 
41 67 380 319 105 420 210 412 216 
214 211 186 17 100 324 23 258 168 
250 101 456 490 178 117 85 261 467 
28 481 182 120 41 101 207 303 118 
39 67 71 41 411 418 93 408 238 
105 344 202 137 120 27 171 354 394 
378 41 368 251 492 433 15 88 114 
398 324 443 420 127 56 313 417 412 
133 481 499 487 105 420 464 412 216 
26 178 167 477 385 498 292 343 282 
101 350 364 396 301 162 253 266 240 
478 4 429 153 487 387 286 225 127 
389 120 412 492 433 128 331 325 475 
420 75 304 124 21 258 405 462 450 
286 433 357 210 46 22 475 373 458 
398 196 433 499 106 364 56 15 275 
373 252 15 262 68 97 329 8 330 
127 31 359 263 301 420 493 138 305 
431 165 253 489 281 353 289 405 133 
135 324 380 249 105 420 193 412 138 
172 301 143 19 392 482 266 127 169 
348 429 75 168 249 433 399 438 53 
186 408 273 334 66 15 444 44 33 
12 357 467 31 23 209 12 420 111 
348 137 377 272 487 433 81 438 261 
205 331 358 102 169 253 101 16 126 
263 367 239 462 487 387 286 221 127 
105 274 467 126 120 418 11 474 44 
204 28 385 478 40 497 163 464 407 
104 2 202 180 253 425 104 420 111 
280 175 179 127 159 111 165 325 120 
100 301 62 19 5 388 266 127 169 
163 67 443 420 127 456 330 417 412 
294 448 32 96 221 274 96 144 443 
156 342 333 89 305 324 161 320 164 
198 150 253 294 230 86 1 371 135 
253 126 105 415 441 494 276 171 376 
204 21 385 263 402 224 398 193 195 
6 169 75 123 470 433 194 149 53 
441 351 219 211 158 412 120 458 91 
105 274 467 480 120 27 11 474 16 
110 165 380 248 412 20 85 333 420 
84 321 74 321 273 9 258 124 104 
155 178 117 380 7 176 456 475 165 
113 257 467 27 165 44 265 399 433 
414 230 293 176 133 56 494 74 192 
480 86 211 255 324 207 53 437 329 
158 481 443 420 127 56 313 184 412 
12 196 433 499 106 259 56 15 334 
56 362 474 238 321 432 70 497 87 
410 499 253 395 25 494 115 420 444 
202 133 474 464 53 420 211 211 147 
251 157 323 387 120 71 150 114 289 
13 135 289 466 310 433 15 406 109 
65 342 176 344 427 462 124 291 38 
439 165 253 441 423 86 50 76 41 
441 245 364 211 158 412 120 458 212 
430 56 209 375 433 23 326 324 32 
101 153 95 42 301 102 253 115 240 
186 386 306 22 114 15 30 394 92 
207 366 113 357 461 15 367 44 33 
134 157 49 327 120 462 150 337 1 
412 260 211 476 353 153 174 313 121 
224 15 386 453 469 455 486 189 150 
427 286 431 258 129 93 356 411 68 
256 106 284 184 152 23 296 312 204 
352 111 470 268 117 456 50 127 392 
483 67 451 41 341 27 93 200 178 
488 439 188 433 219 110 150 92 15 
450 453 239 493 294 147 215 443 324 
