211 20
24 104 182 8 128 26 136 152 150 27 135 193 134 181 145 5 123 158 44 6 
5 57 52 184 97 43 78 201 1 50 13 203 6 24 171 37 194 42 146 125 
19 159 210 161 61 16 8 196 182 27 192 107 144 48 199 104 46 83 76 182 
160 28 79 145 148 62 67 39 172 22 148 39 197 2 10 132 164 206 180 150 
103 105 101 105 39 201 4 135 126 101 79 70 189 23 188 101 172 45 48 105 
210 111 8 54 131 59 56 47 51 149 60 199 0 130 78 135 70 79 131 76 
17 142 22 29 60 184 206 33 116 67 49 13 156 171 131 173 19 208 146 9 
201 8 66 173 134 163 104 39 42 27 130 201 143 201 104 2 146 115 82 95 
194 10 102 20 65 116 147 172 56 11 13 104 77 9 78 149 70 172 6 195 
198 123 31 39 19 154 192 46 73 182 209 29 172 145 120 47 73 4 54 71 
60 194 160 202 13 10 207 162 161 54 194 140 130 135 196 25 47 25 205 69 
177 122 8 152 105 184 45 85 7 201 88 31 173 193 58 162 187 55 77 116 
118 34 38 138 136 144 103 6 158 121 92 12 1 183 12 42 7 109 172 205 
101 28 54 38 84 98 42 58 78 29 144 27 175 171 71 120 108 128 43 138 
51 125 177 35 110 173 129 205 185 119 71 129 76 158 69 10 99 70 45 52 
135 37 134 25 67 67 157 194 22 50 160 21 146 80 39 5 3 124 60 147 
146 82 69 201 142 29 101 111 4 57 156 184 1 147 76 168 122 159 154 56 
169 42 183 202 184 196 51 110 41 122 206 114 108 130 66 99 77 31 22 84 
136 42 99 26 17 195 56 93 60 37 152 15 29 15 184 131 184 164 54 60 
55 127 148 155 37 137 63 189 51 90 10 101 186 50 126 15 169 126 133 24 
51 153 122 133 89 150 4 131 64 83 188 39 209 115 148 118 51 42 84 201 
27 179 122 19 147 149 172 90 199 104 101 175 171 64 8 84 134 176 131 42 
201 90 122 149 192 110 153 91 20 147 142 109 2 130 146 131 161 171 27 172 
188 132 61 203 4 207 120 12 179 47 45 126 146 98 209 84 176 6 140 8 
192 128 97 171 176 101 42 39 58 143 142 94 27 36 76 152 176 6 184 39 
55 174 101 155 37 137 129 189 51 72 10 148 122 104 126 48 138 126 198 52 
20 105 75 158 180 198 122 81 29 85 66 54 106 121 169 22 75 73 6 12 
188 148 122 84 72 44 103 19 110 118 13 131 93 73 134 158 201 56 67 136 
120 39 181 163 146 87 163 7 110 33 186 4 76 169 13 24 169 142 71 94 
144 105 181 40 172 14 197 109 173 202 86 49 102 44 91 103 97 55 151 191 
52 77 164 163 197 172 203 42 55 16 111 23 69 103 202 29 77 18 158 0 
13 175 100 194 103 147 148 167 195 59 178 99 154 164 13 7 195 155 166 186 
142 192 141 81 13 182 171 146 160 51 154 43 129 44 50 88 100 100 38 201 
136 42 99 26 17 195 56 182 128 37 111 124 29 124 184 131 184 164 54 128 
13 9 100 194 103 147 101 167 195 43 178 99 178 164 13 7 195 155 147 186 
78 58 157 155 40 71 202 108 164 40 10 202 184 176 102 29 126 31 201 105 
81 178 196 66 192 81 113 194 69 84 52 152 14 192 100 195 46 3 39 13 
172 73 183 209 35 192 175 111 60 49 37 50 105 51 26 101 87 208 22 97 
202 127 129 17 202 176 24 83 190 192 197 146 134 142 130 39 78 24 37 39 
1 105 103 52 28 194 135 175 78 177 200 84 146 32 83 162 37 199 91 61 
38 112 11 163 103 107 13 150 94 106 171 111 27 85 33 112 4 87 210 117 
118 62 122 44 110 47 147 0 152 135 108 67 24 178 178 198 39 172 196 22 
67 71 13 60 79 104 78 82 142 188 50 17 132 51 92 17 122 198 167 138 
105 183 97 84 43 116 140 150 181 123 105 15 84 91 8 84 118 135 105 181 
51 122 139 47 21 44 131 138 103 103 199 98 113 144 20 91 121 167 150 121 
95 131 135 106 34 161 131 155 16 92 193 155 90 192 73 91 42 67 55 196 
60 194 199 202 13 46 107 162 125 123 194 140 130 135 196 19 47 25 77 69 
95 111 8 21 131 59 1 47 51 38 60 199 0 17 78 135 83 112 131 107 
135 37 134 19 133 133 174 194 22 50 160 123 146 32 39 5 3 124 128 147 
128 113 121 88 181 179 183 84 176 116 192 94 167 122 199 51 90 185 6 132 
185 62 20 58 168 107 136 50 139 176 67 188 194 178 92 85 107 116 188 37 
199 146 47 155 130 151 120 67 201 37 21 8 90 99 154 0 91 126 114 58 
192 179 97 171 176 101 42 39 58 34 142 206 27 36 107 152 82 91 184 39 
131 14 161 39 44 52 48 153 24 119 69 105 105 70 114 90 130 166 202 162 
27 60 122 19 61 149 172 90 199 50 101 175 171 64 8 84 134 176 131 42 
24 46 29 113 193 157 155 129 171 172 134 149 195 144 131 128 192 69 23 87 
47 175 24 184 97 59 78 201 1 104 13 7 6 24 171 37 194 42 146 125 
67 54 34 39 19 158 192 10 191 167 209 29 172 177 38 47 191 4 123 71 
180 65 111 147 4 84 77 113 200 119 161 6 158 97 94 128 141 108 37 183 
105 200 97 84 185 23 117 150 180 123 105 124 84 6 8 84 118 135 105 180 
195 28 169 133 194 72 101 110 146 166 152 92 11 27 103 172 80 92 6 171 
56 205 135 206 103 75 78 27 207 82 170 101 102 191 131 155 151 112 14 14 
78 85 14 4 106 140 182 103 118 12 11 24 59 34 22 42 187 181 4 177 
155 56 20 125 125 166 170 100 58 28 89 155 109 54 179 121 170 189 156 199 
51 125 68 79 44 173 129 205 185 96 197 189 207 158 41 88 74 70 65 52 
210 131 135 106 31 161 131 155 210 92 75 155 118 192 191 91 42 67 55 196 
115 68 144 209 98 203 25 29 83 124 120 135 13 172 50 28 42 195 110 5 
132 108 146 34 51 198 197 94 123 40 43 126 157 59 180 171 55 148 127 172 
161 68 35 192 176 119 171 204 36 162 171 44 9 165 187 154 52 41 133 117 
118 62 186 44 44 47 147 115 111 135 108 198 24 154 154 198 39 172 196 22 
77 7 201 142 126 37 22 135 164 23 209 61 56 179 13 126 22 20 145 178 
160 183 42 209 104 101 14 52 27 106 121 132 3 76 103 74 39 22 2 34 
194 94 77 202 90 171 133 29 41 171 4 80 49 2 144 103 179 147 185 49 
177 122 8 111 105 184 45 99 203 201 46 31 113 100 58 162 132 89 77 121 
152 68 27 52 105 89 4 153 102 88 146 6 202 93 42 52 142 42 201 44 
197 14 120 195 141 22 29 43 42 181 105 171 126 8 180 39 201 44 28 105 
118 25 50 43 194 27 160 168 126 47 48 139 105 169 19 209 80 194 149 164 
192 169 86 189 58 202 82 13 197 179 136 48 112 184 28 201 100 107 45 153 
133 209 42 13 50 144 23 190 194 54 75 135 30 185 6 180 178 54 109 71 
163 58 174 155 97 197 202 66 12 40 46 202 184 82 102 29 126 143 201 105 
190 192 203 81 13 167 171 146 153 51 154 43 63 44 104 10 100 100 120 201 
86 148 96 69 51 172 42 180 88 108 45 45 196 87 90 89 61 155 58 156 
11 165 108 76 121 158 111 132 145 195 157 58 148 21 198 39 8 209 78 152 
151 7 201 142 126 37 22 135 164 116 209 166 56 179 13 126 22 20 68 178 
21 39 146 157 87 125 178 42 154 45 5 131 146 3 34 122 25 176 146 171 
152 177 27 52 105 55 4 199 18 10 146 6 202 93 42 24 190 42 201 44 
131 14 125 39 110 52 48 160 24 119 69 105 105 70 150 90 130 166 202 162 
190 192 203 81 13 93 171 146 160 51 158 43 129 110 50 88 75 75 38 201 
128 194 153 202 13 88 76 162 125 54 194 140 17 135 196 19 5 25 77 41 
24 10 29 173 100 157 155 129 171 172 134 38 195 144 131 128 192 41 23 80 
194 94 77 202 90 171 133 29 69 171 4 32 188 132 144 103 60 166 59 188 
130 190 22 29 128 184 94 33 121 67 188 13 36 171 131 173 25 204 146 175 
46 144 145 80 193 189 81 9 178 202 25 105 27 186 111 99 45 81 58 186 
54 155 196 125 93 22 138 13 188 66 107 74 209 144 172 94 69 55 42 108 
49 129 159 0 182 62 144 22 194 85 190 56 30 84 117 111 103 140 27 210 
146 176 69 201 190 29 101 111 4 175 156 184 56 147 107 168 186 134 154 1 
163 99 14 4 106 140 167 103 118 164 11 24 59 34 22 42 132 180 4 145 
149 112 191 163 103 207 13 114 206 106 171 152 27 74 33 79 4 87 95 81 
95 131 135 106 34 125 131 155 16 137 193 155 72 192 11 91 42 67 89 196 
111 177 27 52 105 89 4 199 102 88 146 91 202 167 42 52 190 42 201 110 
197 64 120 195 141 22 29 185 42 180 105 171 126 8 180 39 201 44 139 105 
106 182 196 25 125 110 195 23 201 130 191 171 80 92 6 167 132 51 142 106 
106 42 85 106 130 195 1 167 179 37 152 15 29 15 184 131 184 164 54 60 
36 148 66 67 18 95 76 194 155 8 155 193 8 56 208 202 192 4 111 40 
59 62 20 58 40 207 26 50 139 176 133 49 194 178 92 85 107 23 49 37 
125 75 166 80 4 51 44 131 4 131 206 137 25 163 76 196 195 108 20 207 
20 105 193 158 181 198 186 81 29 74 108 54 136 116 169 22 100 73 6 12 
72 25 50 185 194 27 160 168 126 47 48 28 105 170 25 209 87 194 120 12 
115 68 144 209 45 141 25 29 109 15 120 135 13 172 104 139 42 195 110 5 
205 7 201 142 126 37 22 135 12 23 209 166 56 60 13 126 22 20 177 178 
51 186 28 47 21 44 131 169 103 103 199 45 173 144 150 6 116 167 150 23 
116 105 58 183 45 202 55 104 192 157 17 5 37 33 35 47 28 55 177 114 
163 58 174 155 97 71 202 66 164 97 10 202 184 82 18 29 126 143 201 105 
193 2 84 189 105 80 171 188 209 164 94 143 8 181 182 208 55 158 184 64 
51 160 122 67 89 20 4 131 64 70 188 39 209 115 148 90 51 42 84 201 
24 50 93 8 179 26 26 152 150 27 135 193 159 181 145 47 54 154 44 91 
49 187 61 7 4 207 38 12 60 5 98 126 146 65 209 84 82 91 117 8 
162 101 96 69 51 172 42 180 10 108 45 65 196 32 90 89 147 155 58 36 
194 94 205 202 72 171 133 29 41 171 4 32 49 187 144 103 128 166 59 49 
78 99 64 4 106 140 93 103 118 164 191 24 43 34 22 42 187 181 4 68 
202 174 63 17 202 176 24 70 190 192 197 146 134 142 17 39 78 24 37 39 
49 187 166 141 4 76 149 164 128 47 65 126 146 65 209 84 176 6 81 8 
115 146 36 36 150 102 19 107 40 208 13 130 84 155 0 61 176 68 128 56 
27 179 122 19 166 38 172 90 199 104 148 57 171 14 8 84 159 176 131 42 
135 37 159 19 67 67 157 194 22 50 160 54 146 32 39 5 200 15 179 147 
144 65 116 72 168 128 195 180 201 142 127 191 110 28 50 175 90 50 105 13 
8 113 91 154 154 124 27 74 154 135 49 84 79 148 16 167 105 15 84 64 
133 152 81 161 107 108 18 84 146 99 48 144 137 71 159 60 195 170 171 91 
195 139 170 133 194 90 101 110 146 166 111 137 73 27 103 172 32 137 6 171 
155 1 150 125 125 147 170 75 58 139 89 155 109 123 128 121 169 189 165 199 
169 42 200 202 184 196 51 110 69 186 94 20 66 130 66 99 77 143 22 84 
122 163 128 144 127 195 67 135 152 152 137 125 98 192 84 145 133 28 11 44 
25 159 210 125 166 95 8 196 93 27 192 207 144 48 199 50 46 70 107 93 
2 66 146 34 51 67 71 94 54 97 43 126 157 43 181 171 89 148 127 172 
131 161 137 21 192 105 210 44 17 75 204 191 90 17 18 116 61 173 29 194 
176 51 4 186 144 93 202 105 103 28 103 204 13 26 63 94 47 209 192 194 
20 105 75 154 180 133 122 81 29 74 108 123 26 116 170 22 193 11 6 12 
10 144 68 87 100 63 140 9 154 202 25 105 27 186 152 85 98 81 58 186 
173 81 51 79 27 145 100 109 113 51 107 126 42 180 84 34 143 12 46 201 
120 39 181 163 146 87 163 7 110 102 186 4 76 138 13 52 170 142 71 94 
86 101 119 41 51 172 42 181 46 108 65 98 196 32 72 55 166 155 58 165 
201 8 66 113 159 78 50 39 42 27 17 201 34 201 50 132 146 115 176 16 
4 50 171 56 109 95 10 9 148 178 32 155 196 35 95 174 156 27 57 49 
13 57 75 194 103 61 148 182 195 59 158 99 158 164 13 141 195 155 166 186 
8 196 133 19 29 41 143 105 180 181 56 111 56 200 97 175 16 126 131 139 
161 68 79 192 82 119 171 208 156 162 171 44 175 156 132 154 52 69 133 117 
123 182 140 202 196 42 128 22 42 171 22 42 56 182 176 197 196 30 204 177 
1 77 135 94 103 100 78 27 76 82 169 148 18 73 131 155 77 35 64 64 
136 182 196 19 125 44 195 23 201 17 73 171 80 92 6 182 187 51 142 26 
202 157 129 130 202 82 24 109 190 192 197 146 134 190 17 39 163 52 37 39 
51 160 186 67 89 114 4 131 64 83 49 39 209 115 101 90 51 42 84 201 
192 170 86 189 58 202 82 13 71 179 106 48 112 184 28 201 193 76 98 199 
23 105 58 3 98 202 89 50 192 127 130 47 37 33 112 47 139 89 68 150 
105 167 141 22 109 27 172 155 13 88 142 181 190 114 58 0 209 2 89 83 
195 53 126 85 134 180 138 193 184 209 13 27 168 4 199 182 171 16 84 93 
48 58 76 81 128 78 45 84 125 25 13 8 164 116 125 187 204 75 135 111 
117 158 196 66 192 81 113 194 69 84 24 152 64 192 193 195 46 183 39 13 
198 111 81 161 76 66 102 84 146 74 15 144 92 197 159 60 195 170 171 91 
195 162 126 85 159 180 170 193 184 209 13 27 168 4 199 167 171 210 84 182 
131 161 92 123 192 105 210 44 130 100 204 191 118 17 33 116 61 173 29 194 
105 167 7 22 109 27 172 155 13 88 190 180 190 150 58 0 209 187 89 83 
144 45 23 90 168 128 195 180 201 142 127 191 44 28 50 57 72 50 105 13 
131 64 125 39 44 24 15 153 52 119 41 105 105 70 150 90 17 61 202 162 
198 209 42 13 50 144 116 190 194 21 193 135 208 43 6 180 158 54 83 197 
72 31 149 170 136 144 103 91 178 121 92 164 56 3 164 42 7 109 172 151 
81 178 196 66 192 117 113 194 69 84 24 152 14 192 193 195 46 3 39 13 
1 77 135 94 103 193 163 27 107 176 169 101 102 11 131 155 77 35 14 14 
21 155 196 125 167 22 170 13 188 108 107 74 209 144 172 206 69 55 42 108 
120 35 73 163 103 207 13 150 206 136 171 111 27 85 102 112 4 32 95 117 
173 140 51 35 27 68 75 109 113 51 76 126 42 181 84 31 143 164 46 201 
173 140 51 112 27 68 100 70 113 51 107 126 42 181 84 143 31 12 88 201 
34 69 123 201 50 194 201 151 172 52 29 127 189 53 155 140 209 152 206 151 
24 32 69 201 13 79 93 87 37 170 145 153 58 156 14 41 205 142 64 8 
193 2 84 63 105 87 171 188 209 12 94 31 8 181 93 30 55 158 184 14 
133 111 117 125 107 66 33 84 146 99 15 144 137 71 134 128 195 169 171 6 
198 123 143 39 19 154 192 46 191 167 209 29 172 68 149 47 73 4 21 71 
191 165 66 207 121 154 111 2 145 195 174 58 101 123 133 39 8 209 78 152 
161 68 79 192 82 96 171 204 165 53 171 44 175 156 2 154 24 69 198 117 
195 53 126 74 134 181 170 193 184 209 13 27 40 4 199 182 171 16 84 167 
195 28 169 198 194 72 148 44 146 166 111 137 191 27 103 172 80 137 91 171 
64 88 103 105 77 100 100 110 29 10 75 58 20 88 142 83 94 180 192 56 
64 10 103 105 77 75 75 110 29 46 75 58 114 10 190 109 206 180 192 1 
54 155 196 125 93 22 169 13 49 108 76 85 209 144 172 206 69 55 42 108 
160 28 79 68 101 96 198 39 172 22 148 39 197 187 88 187 164 94 181 150 
188 2 93 133 106 33 72 39 22 205 184 118 71 61 38 170 60 21 130 175 
105 3 168 84 59 23 140 150 180 21 105 15 84 6 8 84 90 135 105 181 
0 146 156 165 20 102 19 107 40 30 13 17 84 155 0 166 176 68 60 56 
19 159 210 161 166 16 8 196 93 27 192 207 144 15 160 104 10 70 207 167 
128 173 116 10 181 60 183 84 82 23 192 206 182 122 160 51 72 185 91 132 
155 56 150 161 161 147 138 75 58 28 89 155 83 123 128 116 138 129 165 199 
4 50 171 1 109 210 10 175 101 158 87 155 196 35 16 127 36 27 9 49 
68 122 8 152 105 184 45 99 141 201 10 143 173 100 58 86 132 55 151 121 
12 82 110 105 186 115 75 202 172 153 58 46 49 22 158 25 43 67 140 82 
197 64 149 195 141 22 29 43 42 181 105 171 126 8 180 39 201 110 139 105 
54 16 133 146 146 171 151 17 202 63 144 92 103 51 210 161 196 123 13 89 
105 41 0 112 164 49 186 92 28 78 8 93 146 206 54 54 170 202 158 39 
185 184 40 124 173 29 88 66 37 66 202 22 148 14 195 196 28 14 86 8 
153 183 42 209 50 101 64 52 27 136 23 2 200 76 103 85 39 22 2 143 
2 66 146 34 51 67 197 94 123 168 59 126 157 43 181 171 89 148 127 172 
105 167 203 22 109 27 172 155 13 46 142 181 142 20 58 0 209 187 55 70 
199 28 112 177 148 96 67 39 172 22 101 39 71 2 88 132 12 206 181 150 
4 13 50 135 7 56 102 167 152 166 16 40 130 72 122 134 89 117 113 105 
99 138 41 56 157 195 181 91 196 9 25 88 174 195 170 172 96 115 165 146 
201 8 66 113 134 163 50 39 42 27 17 201 143 201 50 2 146 0 82 95 
24 205 12 78 71 172 203 42 55 16 111 116 41 103 202 29 205 102 158 0 
192 169 86 63 58 202 82 13 197 179 26 48 79 184 28 201 75 107 65 160 
188 189 134 115 93 119 144 22 194 99 142 56 208 84 117 152 103 117 27 16 
72 25 104 59 194 27 199 97 126 5 48 28 105 170 19 209 87 194 149 12 
24 77 12 78 71 172 7 42 55 210 111 116 69 103 202 29 77 102 154 0 
48 197 130 15 180 4 58 162 192 205 80 66 27 159 79 87 98 81 204 192 
146 82 41 201 190 29 101 152 4 175 156 184 1 61 76 40 122 134 158 56 
