126 1
59 
8 
80 
88 
85 
30 
25 
63 
58 
49 
86 
12 
70 
58 
95 
52 
49 
49 
34 
38 
25 
52 
31 
44 
4 
30 
96 
58 
103 
91 
96 
86 
9 
59 
114 
119 
80 
114 
66 
82 
2 
40 
49 
76 
90 
114 
69 
17 
42 
87 
86 
110 
35 
17 
40 
12 
122 
4 
30 
113 
70 
63 
103 
47 
10 
95 
99 
46 
49 
77 
83 
9 
116 
73 
102 
15 
86 
36 
44 
125 
113 
44 
91 
1 
9 
49 
32 
108 
36 
50 
82 
92 
110 
3 
102 
125 
116 
98 
114 
22 
55 
49 
66 
125 
1 
64 
113 
117 
102 
53 
15 
8 
4 
80 
91 
122 
116 
38 
117 
69 
42 
110 
72 
73 
109 
38 
