337 1
144 
7 
131 
303 
137 
291 
302 
53 
202 
11 
33 
16 
135 
103 
227 
11 
201 
123 
9 
233 
243 
264 
322 
83 
54 
13 
196 
261 
49 
303 
0 
200 
229 
201 
187 
97 
316 
284 
21 
257 
73 
295 
335 
79 
261 
18 
335 
183 
138 
201 
73 
51 
33 
167 
232 
193 
300 
322 
11 
215 
277 
84 
94 
200 
300 
331 
136 
27 
136 
44 
325 
277 
302 
261 
233 
23 
57 
133 
203 
246 
63 
102 
188 
160 
14 
252 
10 
49 
308 
331 
302 
152 
302 
143 
155 
186 
275 
255 
229 
252 
164 
53 
197 
161 
27 
301 
162 
167 
133 
192 
162 
54 
167 
292 
155 
47 
300 
47 
187 
186 
252 
135 
303 
250 
73 
106 
54 
13 
273 
35 
257 
336 
232 
310 
303 
277 
162 
194 
58 
146 
223 
202 
257 
14 
277 
310 
193 
302 
82 
186 
261 
187 
252 
277 
175 
15 
224 
168 
136 
238 
225 
333 
168 
94 
302 
149 
223 
139 
97 
232 
39 
302 
237 
257 
145 
227 
319 
186 
241 
81 
83 
295 
213 
122 
82 
237 
159 
209 
23 
1 
178 
278 
1 
225 
35 
277 
138 
193 
9 
233 
331 
174 
280 
36 
130 
250 
251 
319 
65 
108 
203 
250 
280 
192 
33 
104 
171 
237 
188 
308 
44 
285 
235 
52 
296 
49 
233 
233 
216 
96 
272 
251 
239 
46 
133 
122 
224 
180 
225 
282 
131 
112 
5 
171 
57 
119 
236 
106 
135 
282 
335 
302 
247 
119 
224 
22 
331 
252 
105 
275 
211 
320 
175 
316 
302 
233 
155 
49 
131 
216 
229 
132 
257 
302 
84 
35 
319 
103 
214 
9 
238 
150 
22 
89 
168 
233 
270 
13 
187 
8 
205 
328 
317 
302 
63 
181 
235 
187 
262 
132 
267 
180 
252 
277 
142 
277 
255 
192 
261 
261 
32 
322 
79 
10 
10 
27 
45 
70 
170 
331 
169 
79 
101 
31 
243 
238 
333 
98 
243 
332 
106 
263 
250 
139 
13 
73 
216 
