158 19
21 70 50 143 14 36 137 84 70 81 156 149 76 109 70 95 127 155 24 
91 16 107 135 156 30 149 63 20 79 149 102 0 150 79 127 130 94 140 
76 20 104 149 149 70 155 117 21 140 16 88 9 57 8 131 156 88 63 
143 6 74 150 77 128 152 20 133 44 108 100 156 93 81 130 70 63 107 
3 44 30 24 8 77 49 71 14 70 29 1 76 43 23 151 100 109 24 
18 147 143 129 44 35 16 120 40 29 97 8 76 131 89 141 153 39 125 
21 16 38 142 100 50 12 6 127 75 131 14 149 66 155 47 42 38 153 
34 6 46 14 18 70 152 55 98 87 30 65 57 69 141 76 8 40 143 
92 127 14 8 119 149 30 149 72 14 86 16 3 39 60 70 142 123 5 
124 35 40 145 133 143 29 39 153 47 89 70 71 67 136 14 39 3 30 
75 39 135 94 70 104 30 157 139 33 16 147 111 16 149 60 111 11 49 
126 16 105 92 156 30 149 119 127 147 149 102 150 150 79 127 99 109 140 
124 53 111 14 76 70 129 55 134 100 30 6 103 154 49 18 155 101 143 
70 156 121 155 33 117 155 13 157 156 75 16 156 70 14 111 147 59 17 
38 149 113 8 79 143 54 73 156 86 156 155 55 63 143 45 30 14 12 
75 39 54 91 70 83 55 60 45 33 16 147 106 16 149 144 10 1 73 
101 99 124 6 62 0 70 14 122 65 39 94 149 22 149 14 125 134 102 
18 79 0 64 22 35 16 56 101 132 113 8 18 35 21 49 5 39 63 
35 86 31 121 11 26 116 155 18 149 55 85 30 39 19 107 10 122 17 
45 22 30 113 155 107 99 122 14 70 132 11 18 61 67 110 34 91 86 
14 70 70 79 110 88 21 155 135 18 105 112 56 131 35 119 115 37 18 
52 16 77 54 156 55 149 119 20 79 149 44 150 150 79 127 99 126 140 
14 34 69 109 147 77 14 56 63 76 83 135 113 95 55 154 68 8 61 
69 105 77 63 75 154 16 79 155 112 147 137 124 155 30 71 148 14 94 
140 6 53 16 121 90 0 28 140 31 107 8 8 142 127 141 156 37 3 
63 127 116 94 2 81 76 149 30 22 0 135 64 149 84 107 6 39 131 
63 20 107 0 127 119 14 16 124 139 14 78 69 33 38 115 32 87 70 
4 100 70 156 14 80 48 76 147 123 39 16 96 70 137 150 34 51 35 
76 20 137 149 149 70 8 81 66 140 16 22 136 4 155 35 156 32 119 
19 7 70 156 14 80 53 18 79 123 39 16 106 70 137 0 7 87 131 
148 0 17 43 155 61 107 79 81 9 16 139 86 125 148 16 156 70 14 
63 127 59 143 127 63 14 16 124 45 14 9 25 36 122 115 32 87 70 
14 124 69 144 79 105 14 120 125 18 21 13 80 95 55 69 75 8 36 
154 107 77 125 78 154 16 79 8 56 147 66 12 155 30 122 28 14 126 
124 53 46 14 18 70 138 30 134 51 55 53 118 154 130 18 8 42 150 
93 71 136 47 52 138 71 21 127 58 140 8 3 137 16 109 119 35 108 
154 108 77 63 90 154 16 147 155 112 79 83 124 8 30 95 129 14 52 
63 20 54 94 28 135 18 149 55 102 0 13 64 149 41 59 48 140 35 
25 131 0 50 55 19 3 35 14 140 140 131 127 70 76 116 20 34 107 
59 14 55 55 59 127 76 25 13 27 105 149 5 72 79 48 89 84 20 
63 20 107 0 20 119 14 16 100 139 14 9 25 33 95 115 102 124 70 
68 140 81 144 70 83 55 60 3 36 16 79 41 16 149 109 106 89 130 
63 20 105 0 127 119 14 16 100 112 14 90 154 43 145 123 102 7 70 
37 107 105 125 75 154 16 147 8 139 79 83 87 155 30 71 151 14 109 
14 124 69 109 147 105 14 112 125 18 21 81 80 122 30 69 50 155 146 
150 123 74 0 108 118 2 20 153 32 105 7 156 62 92 130 70 63 108 
78 140 54 94 70 11 30 52 139 67 16 79 10 16 149 144 106 1 73 
103 12 70 156 14 97 115 76 147 48 39 16 111 70 104 143 51 7 35 
89 16 38 103 12 90 7 53 20 90 131 14 149 1 155 62 26 38 133 
113 69 39 3 128 152 34 66 14 149 152 156 53 18 121 35 155 14 91 
100 131 26 71 153 0 132 140 133 74 11 70 38 43 90 14 140 120 30 
7 53 41 14 18 70 110 55 40 51 55 6 118 154 141 18 155 101 0 
152 18 156 22 35 3 69 69 156 30 70 43 149 127 79 14 26 58 7 
83 16 95 142 51 9 124 53 20 136 131 14 149 83 8 27 98 145 153 
70 156 15 155 33 81 8 116 60 156 50 16 156 70 14 10 147 105 153 
28 0 5 36 8 72 107 147 13 136 16 112 80 63 152 16 156 70 14 
150 65 29 150 107 4 28 127 5 88 107 7 156 74 81 49 70 119 105 
56 44 30 24 155 105 99 38 14 70 74 104 76 43 67 129 7 157 113 
119 127 107 150 20 119 14 16 34 45 14 90 69 72 145 53 44 87 70 
75 84 95 0 156 126 40 47 120 69 122 18 76 18 80 85 7 16 103 
28 18 156 32 35 139 154 25 156 55 70 72 149 20 79 14 134 101 100 
37 107 107 63 136 25 16 79 8 120 147 83 51 8 55 122 138 14 157 
142 124 70 156 14 97 65 18 147 65 39 16 106 70 137 0 100 34 35 
14 71 99 16 25 25 106 143 125 63 127 5 143 68 15 133 42 16 59 
18 20 104 149 149 70 155 135 137 140 16 102 90 118 8 131 156 44 119 
89 16 95 103 124 136 124 53 127 78 35 14 149 21 155 29 31 95 17 
126 16 77 135 156 30 149 125 20 147 149 102 143 143 79 20 130 157 140 
69 105 107 63 9 25 16 79 155 3 79 89 7 8 30 71 138 14 109 
100 35 98 145 133 0 29 39 17 82 21 70 95 67 9 14 140 112 30 
63 127 81 126 148 117 18 149 30 22 143 13 148 149 96 107 115 140 131 
112 20 113 23 63 39 155 59 18 52 24 30 153 32 11 55 15 55 3 
154 35 150 114 55 142 112 35 14 39 39 131 20 70 76 13 20 100 105 
69 105 59 63 75 37 16 147 155 3 147 137 87 155 30 38 129 14 94 
24 69 39 45 4 129 124 11 14 149 28 156 6 18 121 35 8 14 126 
57 124 70 156 14 113 53 76 147 48 140 16 121 70 89 150 124 34 35 
100 35 101 145 133 143 93 39 5 82 137 70 122 61 136 14 140 45 30 
131 113 134 121 66 26 117 8 76 149 55 49 30 39 142 105 111 122 5 
136 41 122 0 156 91 40 47 3 69 95 18 76 18 86 49 12 16 103 
124 35 98 71 133 143 93 140 17 93 66 70 71 146 9 14 140 56 30 
76 39 41 0 81 145 128 33 24 76 108 25 131 18 71 149 156 140 8 
39 65 65 16 121 68 150 28 39 26 107 8 8 103 127 141 156 37 3 
70 156 15 8 61 81 155 13 144 156 90 16 156 70 14 10 147 59 133 
118 100 70 156 14 97 115 18 79 53 39 16 96 70 66 150 100 12 131 
60 16 59 116 156 55 149 125 20 79 149 44 150 150 79 127 99 109 39 
68 39 92 126 70 11 30 60 3 72 16 79 96 16 149 60 10 1 99 
113 37 140 3 118 110 100 1 14 149 110 156 53 18 10 35 155 14 52 
140 65 115 16 84 78 150 28 39 42 105 155 155 128 20 85 156 154 45 
51 123 46 14 18 70 152 30 31 34 55 53 142 25 99 18 155 101 143 
14 51 69 91 147 59 14 45 63 76 89 135 86 122 30 25 50 8 43 
126 16 77 13 156 55 149 119 20 79 149 44 150 150 147 127 85 94 39 
34 35 31 145 133 143 29 39 17 27 104 70 145 33 75 14 140 3 30 
152 76 156 88 35 3 25 69 156 55 70 23 149 20 147 14 26 98 100 
70 156 121 155 61 81 155 92 144 156 9 16 156 70 14 111 147 107 153 
103 7 70 156 14 24 6 76 147 53 39 16 46 70 83 0 12 100 131 
148 76 156 32 35 3 37 69 156 30 70 36 149 20 79 14 42 31 12 
69 131 0 75 30 4 3 131 14 140 39 131 20 70 76 116 20 100 105 
50 39 81 94 70 104 55 126 120 23 16 79 46 16 149 94 106 83 130 
140 123 123 16 96 136 0 152 140 31 108 155 155 128 127 85 156 37 112 
63 20 108 150 20 125 14 16 51 3 14 75 69 61 145 115 88 51 70 
113 37 39 120 19 64 100 137 14 149 138 156 123 76 41 131 155 14 126 
87 123 106 14 18 70 152 55 58 12 55 48 142 25 85 18 8 98 143 
119 127 59 150 127 125 14 16 34 56 14 75 37 33 71 48 22 34 70 
14 87 25 52 79 77 14 139 125 76 83 81 80 71 30 25 114 155 33 
45 102 55 97 155 105 73 145 14 70 93 11 76 61 72 148 124 94 113 
60 16 77 81 156 55 149 119 127 79 149 102 143 143 147 127 49 91 39 
136 96 122 150 156 157 31 29 112 37 145 76 18 76 80 99 7 16 19 
9 39 116 94 70 83 30 109 120 67 16 79 10 16 149 60 41 1 49 
68 15 145 143 156 109 134 27 120 69 122 76 76 18 86 141 51 16 103 
78 111 71 0 156 91 58 29 120 69 38 18 18 18 80 99 34 16 19 
110 18 156 102 35 45 69 69 156 30 70 23 149 127 147 14 42 58 34 
18 127 89 149 149 70 8 81 1 140 16 102 75 19 155 131 156 32 125 
50 140 135 109 70 21 55 126 3 146 16 79 41 16 149 109 121 104 85 
150 115 74 150 108 4 152 127 5 102 105 51 156 82 117 73 70 125 107 
140 65 48 16 111 75 143 148 140 98 108 8 155 103 20 141 156 37 56 
100 35 58 38 17 143 29 140 153 132 1 70 71 23 75 14 140 139 30 
66 16 71 118 100 78 87 53 20 9 35 14 149 21 155 47 42 145 5 
70 156 121 155 36 117 8 135 52 156 68 16 156 70 14 41 147 108 133 
70 156 121 8 33 135 155 116 144 156 90 16 156 70 14 41 79 107 5 
3 32 30 24 155 59 99 95 14 70 82 89 76 72 146 64 87 109 97 
14 95 99 16 25 69 96 143 63 63 20 5 0 9 41 17 40 16 105 
143 115 29 150 105 57 110 127 153 22 59 7 156 93 135 73 70 63 108 
136 140 135 60 70 89 55 157 120 72 16 147 96 16 149 126 111 104 130 
37 131 143 75 30 4 56 131 14 39 39 131 127 70 18 81 20 87 77 
83 16 71 128 87 114 100 123 20 9 35 14 149 66 155 132 134 122 5 
124 48 46 14 18 70 2 30 58 124 55 53 19 25 99 76 155 98 150 
14 95 141 16 37 154 15 0 119 63 127 153 150 9 41 5 26 16 105 
28 76 156 22 35 139 154 25 156 30 70 72 149 20 147 14 98 40 34 
14 70 70 79 110 88 1 155 13 76 107 3 56 35 131 119 6 25 18 
112 88 55 97 155 108 130 71 14 70 93 11 18 23 146 64 100 94 80 
18 20 21 149 149 70 8 135 11 39 16 102 50 57 8 35 156 102 125 
113 25 140 139 4 129 12 1 14 149 138 156 115 76 96 131 155 14 144 
29 38 50 27 52 28 122 83 20 58 39 8 120 1 16 144 63 35 77 
103 51 70 156 14 97 123 76 147 115 140 16 46 70 1 0 100 100 131 
18 147 143 138 32 131 16 45 58 82 24 8 18 131 83 73 153 140 63 
125 20 77 143 20 125 14 16 51 112 14 78 25 67 145 65 22 34 70 
70 156 121 155 36 116 8 117 109 156 136 16 156 70 14 111 147 77 133 
12 35 40 95 133 150 74 140 17 47 89 70 38 61 78 14 39 112 55 
126 16 107 135 156 30 149 119 127 79 149 44 143 0 79 20 85 52 39 
18 20 137 149 149 70 8 54 11 140 16 44 50 142 155 35 156 102 125 
0 115 74 150 105 4 148 20 153 44 107 124 156 132 54 141 70 119 77 
59 14 30 55 108 20 76 25 13 47 107 149 17 146 147 6 104 41 20 
97 154 39 3 128 28 51 83 14 149 110 156 65 76 106 131 8 14 126 
56 88 30 97 8 107 130 38 14 70 93 1 18 33 36 129 7 94 86 
21 70 114 143 14 61 11 10 70 81 156 149 18 60 70 71 20 155 86 
28 18 156 102 35 112 154 37 156 55 70 23 149 127 147 14 42 101 7 
154 35 0 136 55 118 45 131 14 39 140 131 127 70 76 117 127 124 107 
69 105 107 119 78 25 16 147 8 139 79 89 87 8 30 38 110 14 52 
76 140 84 0 81 71 57 23 113 76 107 154 131 76 122 149 156 140 8 
18 127 104 149 149 70 155 117 89 39 16 22 50 128 155 35 156 44 125 
35 16 30 18 107 155 140 12 0 153 19 97 79 30 14 151 70 39 110 
66 70 136 143 14 33 137 96 70 117 156 149 76 144 70 145 20 155 113 
76 20 104 149 149 70 155 13 89 140 16 88 9 142 8 35 156 32 125 
76 127 66 149 149 70 8 13 137 140 16 32 9 118 8 131 156 44 125 
76 79 0 129 44 35 16 56 58 47 86 155 18 35 11 99 153 140 125 
63 127 54 144 148 116 76 149 30 22 0 81 148 149 111 108 48 140 131 
54 20 14 155 119 149 30 149 72 14 97 16 56 39 109 70 118 48 153 
119 143 155 16 106 131 39 18 116 16 155 10 105 115 156 145 137 79 76 
129 76 156 32 35 112 69 154 156 30 70 33 149 20 147 14 31 40 51 
