184 16
19 94 162 136 10 118 62 172 18 25 51 3 95 109 179 45 
89 66 35 46 63 5 181 166 153 142 68 107 59 163 22 109 
88 24 54 73 50 16 72 114 96 3 2 173 137 59 89 28 
55 140 83 104 168 59 156 106 2 127 67 46 182 5 27 74 
41 129 98 117 38 92 17 1 27 37 127 180 75 1 140 67 
8 139 89 10 38 137 99 7 134 60 165 168 11 118 183 22 
104 69 37 173 134 149 84 55 88 183 57 112 72 77 90 114 
54 56 155 101 114 61 175 26 90 22 46 148 82 144 99 155 
134 111 20 85 37 105 15 71 182 55 82 83 26 91 62 74 
135 129 114 180 10 26 97 7 172 39 11 76 88 136 103 157 
94 176 134 46 84 37 112 132 107 140 168 20 134 139 160 84 
175 168 64 150 146 82 113 68 80 96 131 98 170 92 107 58 
19 94 162 136 10 118 62 172 18 148 70 3 95 109 179 91 
123 39 48 144 51 179 153 73 141 7 50 131 167 129 40 57 
136 95 52 33 140 174 86 67 56 175 73 93 81 39 180 173 
19 93 20 90 1 79 22 160 19 133 59 91 176 104 171 73 
124 52 171 32 171 136 103 6 100 158 28 101 104 40 171 92 
62 13 113 73 121 115 72 114 96 3 17 71 137 59 89 102 
30 100 143 120 99 97 84 134 167 94 21 81 173 93 23 48 
98 2 55 40 150 140 56 126 183 22 74 105 30 65 155 78 
77 109 112 183 164 168 68 126 97 112 73 30 115 1 26 3 
102 89 148 161 59 32 128 56 37 22 60 73 125 164 115 8 
57 28 88 66 139 182 154 70 183 113 164 38 117 74 30 146 
30 46 181 104 159 30 120 97 37 90 97 56 15 38 45 159 
120 39 48 144 51 179 63 73 14 7 50 131 64 129 40 57 
111 80 36 5 35 147 173 37 31 46 43 26 92 175 46 171 
136 172 72 176 83 51 43 5 29 60 168 86 172 94 176 129 
53 43 152 112 181 171 6 92 107 1 46 78 162 73 169 102 
0 55 157 78 39 16 114 147 33 37 0 175 106 108 97 165 
55 113 146 24 82 21 126 182 183 75 18 140 87 172 86 3 
140 168 142 52 72 132 177 6 43 26 66 74 68 7 28 88 
74 128 135 10 92 180 40 101 102 147 79 124 97 164 8 125 
175 27 48 117 99 88 91 26 134 6 127 160 90 63 42 53 
9 93 66 114 80 72 28 132 175 59 17 54 74 131 82 108 
9 10 104 117 105 83 90 174 48 18 171 72 61 139 27 9 
96 65 17 90 73 9 137 82 135 10 131 15 137 171 156 60 
175 112 2 55 45 29 129 83 82 44 57 146 34 99 112 80 
19 30 105 58 181 15 182 59 22 163 123 120 74 100 24 5 
172 9 129 110 86 132 63 170 127 50 4 176 13 101 181 43 
29 135 175 163 0 111 173 82 180 147 137 113 171 65 74 5 
158 138 51 34 104 119 161 73 33 46 180 146 56 83 154 0 
97 40 27 136 173 133 180 12 9 56 133 102 19 142 154 170 
18 74 71 176 168 11 154 90 166 143 40 78 35 136 2 142 
12 59 73 40 5 36 37 168 71 9 107 1 176 92 78 26 
40 90 10 160 156 23 59 40 30 42 28 0 12 145 168 76 
9 117 37 183 140 82 5 74 130 118 157 63 173 39 43 84 
99 182 55 142 120 8 61 20 175 89 6 174 143 105 176 65 
107 39 60 89 61 13 53 147 27 49 55 3 69 30 97 128 
61 180 17 17 137 32 180 27 118 53 146 33 3 123 5 179 
22 20 11 64 38 44 2 116 126 156 55 158 73 170 96 109 
125 1 68 19 141 11 146 37 114 87 142 87 135 58 76 75 
71 140 89 126 27 73 81 9 7 71 38 47 90 40 60 141 
32 14 114 83 74 162 46 181 107 166 72 68 75 154 133 2 
55 5 177 179 55 123 14 140 7 13 55 56 48 6 92 72 
181 49 115 110 118 42 104 49 141 105 30 116 27 124 178 137 
22 169 123 85 40 18 6 56 65 72 100 32 8 96 158 120 
55 54 146 13 82 165 126 182 183 75 18 140 87 172 149 3 
0 127 167 28 102 96 183 48 58 18 36 27 59 17 131 127 
97 183 114 162 37 139 166 101 148 75 83 67 115 96 41 145 
6 46 37 93 43 125 135 77 157 30 163 38 25 74 90 107 
30 48 164 94 74 26 172 30 160 143 172 67 129 60 131 101 
39 66 27 76 182 0 68 133 177 145 175 114 179 112 89 157 
151 148 183 168 74 141 177 104 120 132 60 73 47 0 156 151 
164 135 97 171 123 39 181 62 182 30 0 94 138 62 39 41 
19 145 67 95 56 178 140 89 155 150 18 178 138 111 82 68 
72 52 165 46 3 148 10 100 177 39 83 50 98 60 17 155 
23 37 108 90 119 120 173 175 145 63 146 86 150 124 19 41 
84 37 57 96 173 157 34 171 181 173 128 28 38 5 127 159 
58 178 121 30 90 40 182 143 167 83 93 48 38 183 25 34 
158 92 22 39 32 157 10 28 34 8 41 44 96 38 100 78 
173 140 131 126 27 73 151 9 7 71 38 103 90 40 60 141 
161 79 135 157 125 177 23 148 81 6 157 45 135 153 31 97 
79 45 11 100 151 143 155 5 33 146 65 2 136 107 2 107 
73 54 48 44 106 140 73 183 181 59 136 1 135 24 13 118 
19 181 141 158 96 47 19 166 162 32 97 46 40 56 42 126 
117 25 3 140 43 35 132 114 173 56 177 119 65 24 144 168 
39 66 27 76 182 0 68 133 78 145 175 114 179 112 131 157 
180 26 53 55 33 38 40 32 180 157 26 166 169 8 10 83 
82 168 90 142 7 146 78 183 171 58 146 145 113 6 38 6 
10 102 7 79 78 107 82 176 31 24 135 149 71 91 76 166 
134 27 124 40 8 181 64 61 90 92 9 165 19 101 146 11 
140 7 66 158 87 131 166 169 177 168 139 98 90 100 70 59 
31 33 22 39 32 157 10 102 34 8 41 156 96 38 34 78 
72 80 139 133 91 129 172 26 60 7 2 30 172 41 135 82 
107 8 168 136 167 48 139 102 32 48 49 85 113 132 135 176 
83 129 74 167 30 96 37 168 49 176 179 168 160 54 27 54 
146 32 96 1 177 179 60 57 135 96 180 115 148 89 41 31 
38 102 102 162 29 129 150 62 68 166 178 104 47 98 157 67 
81 25 183 168 74 14 177 104 123 132 60 73 47 12 44 151 
142 154 132 159 138 97 17 73 23 165 182 167 136 40 44 101 
112 141 176 4 65 88 49 69 183 135 44 32 94 182 172 0 
9 117 37 183 140 69 5 74 77 133 157 153 71 39 43 84 
9 93 110 114 80 72 28 132 175 59 2 54 74 131 82 108 
130 134 9 159 133 32 63 20 39 146 180 16 169 132 80 57 
142 106 11 120 111 83 93 132 14 68 48 141 118 27 154 112 
150 43 81 36 46 60 116 87 180 9 50 79 123 176 118 162 
118 41 59 157 122 9 121 29 173 11 181 39 155 183 13 57 
30 179 57 145 133 8 59 35 122 162 80 178 103 32 59 129 
112 83 47 71 19 171 146 129 146 144 115 84 101 126 88 21 
40 139 126 20 129 137 111 34 166 85 22 33 96 79 87 63 
9 10 104 150 105 83 90 174 48 18 171 72 61 139 27 9 
84 37 119 96 173 157 34 171 181 71 128 28 38 5 143 159 
12 55 157 78 39 115 114 4 92 37 0 175 106 180 97 21 
84 39 60 131 76 13 53 147 27 49 55 3 82 30 97 65 
22 36 127 35 125 42 90 18 17 4 80 66 133 38 31 157 
150 43 151 36 46 60 116 87 108 9 121 170 123 176 118 162 
30 46 181 104 159 30 123 97 37 90 97 56 15 38 91 122 
107 8 168 136 167 48 139 28 32 48 109 85 54 132 135 176 
30 103 170 91 142 119 166 171 123 138 80 49 12 106 37 53 
22 20 11 64 38 156 17 116 126 44 55 158 73 79 96 49 
23 37 180 90 57 123 173 175 145 153 146 86 117 124 19 41 
132 150 166 130 70 112 73 37 114 6 79 90 17 58 5 37 
3 36 131 14 55 95 53 89 73 171 61 60 38 122 114 97 
181 109 16 110 133 137 104 109 141 95 30 116 27 124 178 137 
22 146 51 96 56 154 172 146 93 162 37 39 151 34 146 118 
124 52 171 32 171 136 103 6 100 31 28 67 104 40 171 33 
19 93 20 90 1 79 22 160 19 118 59 91 176 104 171 73 
136 46 158 105 28 112 112 152 23 94 142 68 74 52 93 166 
97 42 46 53 168 11 5 136 24 134 126 126 37 12 8 32 
0 127 167 102 28 96 183 48 58 18 36 27 59 2 131 143 
140 151 23 131 27 62 7 22 93 68 5 85 176 36 60 71 
18 1 68 19 141 11 146 37 114 87 142 87 135 58 76 75 
120 69 27 81 134 15 110 125 29 4 156 46 70 84 27 22 
140 151 106 131 27 88 7 22 93 68 5 85 176 36 60 173 
75 41 19 4 104 13 138 62 40 5 166 64 80 160 113 138 
30 100 127 123 138 97 107 134 64 94 165 151 71 93 106 48 
108 24 87 136 84 75 1 166 96 100 41 132 135 97 72 102 
12 139 0 65 134 104 176 0 114 34 32 1 7 75 144 47 
72 178 165 46 3 25 10 100 177 39 83 50 98 60 2 155 
145 126 173 73 57 38 65 112 91 148 178 120 154 41 36 37 
108 26 152 55 33 38 40 32 108 157 26 166 169 8 10 83 
142 43 132 122 138 97 17 73 23 165 182 167 136 40 156 67 
82 46 3 86 78 8 20 65 40 93 135 79 33 134 61 109 
97 42 46 53 168 11 5 136 13 134 126 126 37 0 8 32 
134 65 134 66 168 138 10 96 178 177 26 13 129 132 65 163 
171 21 176 179 19 98 81 2 151 7 140 131 6 116 27 9 
150 1 23 142 11 147 79 142 146 179 127 175 177 94 57 179 
18 74 173 176 168 11 154 90 166 143 40 78 144 136 2 142 
40 139 126 20 129 137 111 34 166 85 22 33 96 79 87 63 
134 1 18 40 60 90 112 182 134 37 132 106 86 22 37 102 
130 53 151 130 30 0 93 84 100 32 70 93 39 107 46 80 
136 95 52 92 140 174 149 101 29 175 73 93 151 39 108 71 
157 147 162 48 5 140 171 45 111 110 30 176 142 77 112 27 
12 139 0 128 134 104 176 12 114 34 32 1 7 75 35 103 
96 65 17 90 73 9 42 82 135 10 89 116 137 171 156 60 
11 115 126 121 94 95 173 135 104 18 60 181 93 92 58 8 
37 112 183 98 135 5 54 114 10 179 177 97 73 172 72 26 
41 129 98 150 38 33 17 1 27 37 143 180 75 1 140 101 
155 80 36 5 144 4 173 37 31 46 154 26 92 175 46 171 
146 32 96 1 177 179 60 57 135 96 180 16 25 89 41 31 
136 46 158 105 102 112 112 53 23 94 142 68 74 52 93 166 
140 7 66 158 87 89 166 163 177 168 139 98 90 34 51 59 
55 5 78 179 55 120 14 140 7 24 55 29 48 6 33 72 
145 135 97 171 120 39 181 88 182 30 0 94 99 62 39 41 
12 59 73 40 5 36 37 168 71 9 107 1 176 33 177 26 
132 117 166 77 51 112 73 37 114 6 79 90 17 58 5 37 
40 90 10 75 156 23 59 40 30 42 28 0 12 164 168 76 
66 132 133 62 39 64 110 82 46 98 122 32 24 57 13 46 
74 128 135 10 92 180 40 101 28 147 170 124 97 164 8 125 
120 82 27 151 134 116 110 125 56 4 44 46 51 84 27 22 
150 148 3 140 43 35 132 114 71 29 177 119 65 13 144 168 
15 47 98 99 163 85 72 145 157 26 124 167 3 32 48 93 
17 104 93 164 175 139 10 111 94 181 112 67 24 148 25 24 
11 175 57 90 160 34 88 170 53 146 51 43 130 162 86 41 
11 115 126 50 94 95 71 135 104 18 60 181 93 92 58 8 
28 89 25 174 59 32 65 29 37 22 60 73 18 145 16 8 
38 2 108 96 126 136 180 78 44 23 180 12 98 114 29 45 
19 164 101 105 56 52 140 131 155 117 125 52 138 155 82 68 
17 124 138 132 30 11 2 15 11 171 17 40 173 24 16 73 
11 175 57 90 75 34 88 79 152 146 51 154 130 162 86 41 
10 28 7 79 78 107 82 176 31 24 135 86 71 91 76 166 
125 95 164 64 90 25 96 97 93 110 113 8 124 52 131 127 
38 92 117 175 51 41 133 171 180 64 40 26 29 144 17 42 
161 170 135 157 125 78 106 148 151 6 157 91 135 63 31 97 
116 103 98 138 169 85 72 145 157 26 124 167 3 32 48 93 
56 36 143 34 166 127 121 56 139 70 145 90 17 117 94 82 
112 173 65 168 182 111 161 120 93 126 146 26 9 171 11 40 
82 168 90 142 7 146 78 183 171 58 146 145 54 6 38 6 
32 14 114 83 74 162 46 181 107 166 72 68 160 154 133 2 
93 88 41 176 146 162 62 170 31 8 138 48 166 116 42 118 
30 103 79 45 142 119 166 171 120 99 80 49 12 23 37 152 
88 19 7 175 171 41 142 144 166 156 94 173 164 40 112 149 
92 36 180 146 124 168 92 159 114 48 160 55 59 85 112 110 
113 115 22 34 0 6 70 2 55 46 154 40 141 114 27 169 
