103 10
78 82 29 81 20 50 21 74 74 37 
41 40 40 12 28 60 18 38 11 99 
84 81 37 84 73 102 65 17 100 43 
32 47 19 5 22 5 15 84 88 69 
93 73 15 3 98 11 29 37 40 13 
29 55 84 99 11 72 43 48 49 54 
72 65 30 49 91 15 76 5 86 93 
23 66 47 0 16 37 62 47 88 85 
45 93 68 11 48 58 54 91 26 83 
68 82 29 92 20 45 21 74 74 37 
41 77 21 78 30 14 84 54 50 3 
46 67 21 61 55 53 34 41 17 23 
41 77 21 68 30 14 84 54 85 89 
41 77 21 78 30 88 84 54 45 49 
47 20 78 32 86 34 43 86 12 81 
11 49 29 33 47 102 10 66 38 57 
78 31 69 46 22 5 46 26 94 74 
35 31 35 75 31 53 93 1 80 14 
2 18 24 93 53 76 26 24 94 54 
84 92 37 84 73 102 64 17 100 43 
21 62 59 18 37 2 21 91 16 100 
54 50 87 88 53 12 93 44 60 50 
72 1 30 89 91 15 59 96 86 93 
28 73 15 35 43 17 17 56 34 95 
70 82 11 41 95 76 86 26 93 40 
77 57 47 102 11 26 73 54 57 18 
85 72 83 31 37 41 83 7 14 22 
17 36 101 55 79 53 17 61 63 50 
4 41 47 102 11 44 73 54 57 18 
5 37 86 74 5 94 102 95 34 55 
47 40 95 53 95 14 41 61 33 86 
32 91 54 51 87 73 36 45 20 94 
95 47 47 52 17 24 39 91 62 24 
1 93 57 29 40 94 37 81 93 86 
75 36 47 9 16 37 62 47 14 85 
78 90 29 81 20 50 21 74 74 37 
59 81 87 66 47 76 48 41 43 84 
16 72 40 20 44 16 56 39 51 74 
26 53 54 41 2 98 17 86 32 85 
51 67 84 17 39 27 74 40 31 76 
91 94 42 86 65 82 20 32 95 81 
85 93 78 11 59 60 54 91 26 83 
31 28 33 37 92 54 57 15 91 30 
47 37 47 39 62 93 15 58 17 5 
85 33 70 31 37 57 70 7 14 22 
68 29 88 31 3 38 30 32 65 92 
18 37 28 31 54 63 84 93 74 18 
42 81 83 98 29 15 62 54 10 20 
63 47 6 9 73 87 6 29 63 87 
32 47 97 5 22 5 55 84 14 87 
68 29 88 31 3 51 30 32 65 81 
26 53 54 41 19 98 17 86 32 45 
93 73 55 49 98 11 29 37 40 12 
32 78 102 54 81 53 21 11 79 95 
40 18 54 94 74 88 71 70 83 18 
11 49 29 33 47 26 10 66 51 57 
44 72 17 95 68 73 32 93 85 94 
50 93 68 11 48 71 54 91 44 70 
91 67 55 45 22 29 21 14 86 63 
63 47 6 9 73 87 6 29 63 87 
91 67 15 50 22 29 21 88 86 63 
48 81 87 66 47 59 48 57 43 84 
18 37 25 31 54 63 84 93 74 18 
68 72 41 11 95 68 61 14 68 95 
8 40 40 12 25 58 18 38 11 99 
57 40 40 12 28 58 18 51 11 101 
76 92 87 61 47 76 59 57 43 84 
83 56 11 41 95 59 86 102 93 40 
7 15 87 89 31 31 34 20 42 18 
95 6 16 1 22 77 98 31 91 88 
38 79 84 17 83 99 74 40 31 48 
91 67 15 85 22 29 21 14 86 63 
65 93 41 29 40 94 37 81 93 86 
85 102 83 28 98 25 90 29 47 54 
77 56 54 94 43 59 41 59 29 26 
25 73 55 0 43 17 17 82 7 95 
63 47 22 9 73 87 22 29 63 80 
93 73 15 3 98 11 29 37 40 10 
34 55 69 3 31 31 7 20 42 18 
39 56 11 8 95 59 86 102 93 40 
95 6 16 64 22 52 98 31 91 88 
82 23 3 74 33 68 8 98 78 0 
44 72 17 95 78 73 32 93 45 94 
38 24 84 17 39 27 74 40 31 76 
43 35 33 38 79 93 62 92 87 54 
68 29 88 31 49 38 30 32 1 81 
94 38 1 84 5 53 7 25 21 20 
95 22 16 65 22 52 98 31 91 14 
47 20 68 32 86 7 43 86 10 92 
32 47 19 96 22 5 55 84 88 69 
26 33 17 95 68 73 32 93 85 94 
91 63 22 42 54 96 53 88 44 65 
82 75 3 74 72 78 57 98 78 0 
57 28 28 16 79 102 11 20 74 81 
42 17 22 95 91 20 92 32 74 101 
7 68 46 23 74 63 40 88 86 37 
29 15 84 27 11 33 43 48 3 54 
84 92 37 84 73 102 65 17 75 43 
11 37 40 85 30 89 82 10 24 42 
17 66 101 15 67 53 17 66 63 45 
25 73 55 9 43 17 17 82 34 95 
17 61 101 55 24 53 17 61 63 45 
85 33 70 31 37 8 39 7 88 6 
