510 1
312 
494 
128 
223 
77 
146 
34 
52 
335 
57 
315 
21 
489 
220 
462 
342 
214 
88 
363 
352 
450 
287 
283 
76 
73 
10 
349 
431 
265 
52 
307 
312 
196 
292 
332 
148 
148 
236 
76 
387 
118 
100 
67 
265 
444 
94 
135 
323 
482 
309 
220 
123 
283 
423 
303 
15 
286 
313 
294 
291 
244 
266 
454 
408 
265 
265 
255 
23 
296 
408 
499 
307 
101 
410 
232 
226 
104 
346 
462 
128 
312 
210 
283 
323 
465 
78 
410 
26 
73 
78 
135 
194 
320 
450 
435 
487 
444 
363 
135 
67 
23 
345 
290 
423 
23 
231 
318 
283 
140 
124 
105 
141 
274 
320 
148 
439 
57 
468 
337 
352 
220 
148 
356 
359 
283 
368 
355 
365 
220 
273 
220 
486 
220 
57 
226 
217 
377 
265 
59 
394 
21 
482 
41 
175 
353 
17 
274 
486 
400 
33 
366 
43 
52 
357 
306 
39 
443 
97 
283 
233 
450 
275 
67 
124 
343 
215 
107 
214 
255 
138 
42 
16 
377 
197 
22 
283 
341 
95 
206 
95 
14 
465 
462 
128 
432 
47 
232 
24 
94 
312 
214 
43 
406 
96 
17 
355 
128 
371 
52 
175 
179 
113 
371 
26 
206 
124 
342 
100 
312 
113 
76 
146 
140 
274 
23 
153 
278 
274 
503 
265 
232 
206 
12 
175 
226 
345 
336 
232 
339 
345 
377 
410 
319 
214 
289 
386 
57 
206 
37 
67 
265 
301 
25 
261 
271 
44 
94 
341 
402 
303 
288 
449 
12 
43 
275 
320 
175 
43 
6 
95 
288 
196 
217 
432 
289 
270 
90 
138 
185 
146 
431 
426 
268 
342 
301 
462 
509 
116 
10 
17 
274 
185 
499 
55 
255 
373 
342 
73 
270 
1 
76 
15 
375 
451 
196 
146 
385 
294 
229 
15 
385 
138 
368 
283 
323 
182 
294 
43 
468 
363 
52 
499 
441 
138 
202 
116 
344 
359 
288 
290 
43 
179 
60 
400 
182 
344 
176 
398 
14 
390 
450 
398 
363 
373 
22 
487 
104 
499 
217 
17 
124 
27 
334 
244 
270 
462 
202 
274 
387 
274 
267 
300 
34 
365 
250 
17 
202 
363 
465 
75 
214 
197 
210 
220 
306 
196 
400 
273 
359 
76 
217 
229 
377 
371 
247 
270 
443 
359 
493 
283 
128 
118 
241 
220 
289 
380 
371 
175 
366 
223 
220 
323 
296 
118 
477 
25 
335 
492 
287 
208 
43 
220 
117 
220 
282 
286 
296 
295 
197 
210 
386 
206 
402 
464 
94 
17 
86 
410 
98 
183 
150 
257 
366 
43 
231 
146 
346 
202 
289 
231 
417 
484 
217 
346 
235 
128 
468 
273 
72 
231 
231 
387 
82 
436 
422 
194 
25 
377 
317 
359 
359 
335 
12 
152 
312 
368 
432 
366 
138 
323 
14 
202 
135 
360 
288 
135 
15 
232 
220 
235 
188 
390 
426 
140 
190 
82 
451 
363 
501 
77 
503 
148 
47 
41 
385 
286 
94 
128 
138 
288 
241 
355 
231 
98 
474 
423 
367 
119 
135 
10 
323 
464 
295 
320 
82 
320 
377 
341 
422 
369 
