207 16
7 3 30 141 187 178 89 177 14 117 45 144 115 46 26 181 
129 133 4 8 202 87 88 58 85 164 126 93 189 152 32 156 
168 9 153 71 157 199 157 35 93 76 8 101 93 41 57 127 
93 34 201 86 141 7 56 38 177 101 202 149 34 95 198 149 
156 32 143 44 29 177 149 58 86 64 116 86 180 110 39 71 
100 0 14 3 116 48 189 71 119 5 68 140 29 73 79 26 
25 70 129 34 152 149 88 178 93 202 32 189 162 9 141 64 
21 127 50 68 73 166 151 15 14 117 144 188 135 1 3 97 
200 71 193 26 95 130 202 44 87 119 148 70 131 13 158 64 
92 114 26 83 96 198 4 69 51 16 90 132 138 202 153 7 
173 13 58 59 34 44 149 86 188 101 20 110 96 27 196 119 
96 13 143 77 69 20 3 135 129 93 59 24 167 35 96 115 
7 119 36 13 206 203 153 177 87 7 45 144 115 188 26 181 
63 19 129 64 72 128 123 184 84 42 124 15 177 177 13 138 
105 131 24 198 37 162 128 29 184 121 175 9 157 131 124 32 
103 181 177 96 32 146 95 61 125 86 47 64 182 183 199 117 
29 53 29 136 68 73 161 141 12 171 100 81 115 119 9 196 
108 149 57 102 70 13 109 194 32 11 4 143 199 144 129 95 
193 175 194 4 32 200 112 93 151 115 142 129 112 5 77 46 
23 154 37 29 103 83 160 157 188 58 148 146 113 44 129 135 
43 149 162 190 29 20 141 38 141 95 81 44 132 131 38 157 
116 43 71 202 178 109 21 123 44 68 29 198 189 193 127 116 
29 73 29 206 68 73 185 13 0 101 100 167 115 3 66 196 
96 92 91 186 123 117 62 149 105 30 103 41 205 181 157 201 
97 180 92 58 193 27 81 60 3 113 131 186 56 151 95 30 
183 15 177 96 32 176 95 61 125 86 47 64 205 103 199 7 
206 196 20 124 57 24 143 119 155 150 89 153 44 173 102 34 
115 183 155 149 30 116 169 164 116 125 107 25 143 102 143 56 
173 180 87 44 34 107 144 108 33 5 138 200 42 203 168 102 
3 16 102 198 83 75 141 161 58 96 37 157 131 15 115 115 
129 106 4 8 202 14 117 79 16 164 128 93 189 152 32 104 
9 134 36 109 62 75 120 24 116 164 105 58 160 137 184 53 
202 29 12 24 202 135 135 116 153 87 195 34 63 196 175 151 
30 104 76 4 132 167 178 86 170 127 181 28 102 205 163 145 
23 17 159 115 130 134 76 143 64 40 164 177 135 4 4 31 
91 143 120 143 0 33 35 102 1 53 149 68 4 52 37 13 
129 106 4 8 202 14 7 79 22 164 126 93 51 152 32 11 
36 156 76 4 107 19 203 86 28 127 15 170 102 182 172 145 
53 125 139 156 57 1 101 89 147 45 127 158 14 32 153 75 
101 24 58 163 4 153 192 4 35 39 108 101 199 175 165 4 
150 0 14 3 116 69 189 71 119 56 68 16 29 73 58 175 
90 151 170 183 196 127 45 24 177 120 102 202 70 176 32 185 
189 187 15 154 8 19 178 70 165 175 76 122 154 180 178 196 
0 62 39 70 115 146 126 107 120 146 202 29 75 191 95 59 
189 37 105 35 12 46 193 133 57 190 169 92 141 168 120 26 
110 68 85 154 81 44 119 17 57 45 160 70 163 21 24 24 
34 44 23 10 178 96 28 174 204 133 182 177 96 86 29 58 
26 52 149 62 162 73 69 66 97 81 14 101 2 158 185 52 
95 27 126 191 64 155 3 116 194 105 183 13 189 121 146 57 
127 36 19 87 167 56 151 17 34 24 79 129 107 35 32 101 
70 177 175 202 20 142 126 51 0 90 115 34 141 68 127 26 
29 159 153 95 143 50 197 200 164 149 157 167 172 29 116 21 
34 44 72 205 178 96 28 117 41 106 205 177 96 86 29 79 
143 198 135 127 157 70 21 88 39 68 199 115 128 145 95 133 
132 79 116 120 38 84 60 129 102 3 64 44 76 99 184 129 
166 149 162 190 29 163 141 176 13 95 81 44 132 62 38 157 
49 125 14 119 90 139 189 71 119 56 68 16 29 53 79 26 
40 138 34 122 83 185 186 96 175 143 202 156 68 15 185 157 
135 24 67 206 23 64 23 141 142 172 157 96 134 95 168 156 
26 56 122 110 203 128 58 73 81 29 90 37 76 95 196 45 
120 57 57 156 124 54 87 60 5 110 149 199 57 76 106 14 
23 17 114 115 130 145 76 143 64 5 164 177 135 4 4 75 
126 111 190 82 30 109 104 86 13 120 102 3 13 123 129 4 
33 182 48 142 149 164 6 86 129 127 93 81 49 7 149 21 
110 68 140 137 19 44 119 168 57 64 160 70 172 21 24 24 
26 52 149 131 138 73 67 159 122 81 87 171 2 11 161 46 
93 66 175 83 96 198 4 139 189 16 90 132 138 202 153 88 
95 124 126 89 45 155 3 90 194 105 183 141 189 197 146 57 
45 83 199 4 155 110 3 164 180 155 109 102 128 26 91 109 
95 27 128 191 64 83 74 90 194 39 183 13 51 77 38 57 
149 19 196 174 17 155 62 4 24 127 89 129 75 171 68 65 
164 4 163 65 135 34 142 27 120 6 95 41 179 120 136 164 
96 93 18 35 2 7 62 149 105 36 183 193 10 25 157 181 
143 21 135 127 157 70 198 88 39 68 110 115 128 134 95 179 
93 61 181 86 13 7 40 176 177 101 202 149 34 95 21 149 
159 65 30 109 131 75 120 24 90 164 105 58 23 192 6 73 
70 44 140 97 79 184 115 104 11 128 190 4 192 153 58 166 
135 134 131 142 43 94 20 12 92 129 172 120 99 180 198 83 
96 93 161 35 152 7 131 149 39 1 183 204 205 201 157 25 
135 24 48 136 23 45 78 141 142 163 157 96 145 95 17 156 
115 103 173 149 1 90 179 164 90 125 132 15 143 102 143 5 
160 192 33 29 103 173 78 157 46 58 38 38 43 44 129 135 
6 73 89 44 200 151 183 186 87 86 205 106 6 59 102 157 
150 164 95 4 21 144 202 72 117 38 152 24 109 168 82 63 
135 41 126 49 180 129 72 68 38 32 34 89 40 154 154 128 
29 53 29 200 68 73 18 13 0 101 150 81 115 3 9 196 
70 4 177 125 82 27 14 164 23 24 35 2 178 88 27 167 
105 62 24 21 33 63 126 29 112 77 175 66 157 131 124 32 
21 127 50 68 73 43 188 201 14 117 144 151 135 1 119 97 
107 58 90 120 38 192 108 129 102 3 64 44 76 99 6 129 
110 70 3 70 82 143 184 112 203 152 113 116 185 26 40 201 
204 26 194 4 32 187 112 93 151 115 82 129 184 56 197 52 
88 76 202 32 17 110 195 22 68 177 204 168 66 129 120 24 
174 76 202 32 168 110 43 16 68 177 193 168 9 129 120 24 
173 109 14 44 34 8 203 111 37 40 162 206 42 144 17 102 
87 135 155 70 25 143 102 56 145 139 195 64 159 110 73 95 
70 158 128 183 32 85 171 187 70 107 129 203 43 57 131 9 
68 163 120 192 7 189 57 46 185 7 4 198 174 180 127 68 
120 57 57 11 80 89 87 111 56 199 149 199 57 76 169 87 
159 145 36 109 62 165 120 24 90 164 105 58 72 84 112 73 
127 30 81 87 81 5 46 17 61 24 58 129 8 186 32 101 
189 200 181 192 107 81 203 70 165 26 76 122 154 180 203 196 
149 102 21 76 204 102 84 44 24 32 166 32 183 80 84 85 
123 201 76 111 167 94 32 177 87 102 95 0 97 123 86 186 
96 141 143 130 67 20 3 135 129 92 59 24 19 35 96 115 
42 24 58 20 4 54 154 4 186 105 108 42 110 26 165 4 
86 93 129 193 45 157 95 4 115 157 132 108 194 206 20 182 
187 71 41 26 95 197 202 44 14 3 176 70 62 13 11 64 
120 57 57 156 27 153 14 98 5 199 149 110 57 76 179 87 
160 1 121 29 131 38 157 33 72 79 28 111 204 197 95 103 
185 175 203 51 162 70 4 31 85 178 24 124 122 96 77 6 
120 57 57 104 80 153 14 98 56 199 149 199 57 76 179 14 
181 70 129 34 2 149 7 144 93 202 32 51 63 66 141 64 
125 62 105 70 115 176 128 107 120 148 202 29 31 191 95 59 
93 159 26 173 96 198 4 69 189 16 90 132 63 202 191 117 
177 24 152 157 114 115 206 17 129 90 129 52 39 177 101 115 
110 70 74 70 142 143 6 184 178 123 166 116 185 175 40 201 
21 127 50 68 53 195 188 25 14 88 178 52 135 1 3 122 
29 9 153 95 143 194 130 136 164 149 157 19 20 29 116 21 
93 34 201 86 141 88 5 176 177 42 202 149 61 95 198 149 
102 96 202 43 68 82 45 198 184 115 121 35 71 18 153 88 
135 65 62 142 113 170 172 0 92 129 20 120 31 180 21 83 
68 163 120 154 174 51 57 52 161 117 4 21 7 180 127 68 
168 66 191 71 157 110 157 35 92 76 8 42 92 41 57 127 
115 183 155 149 36 116 106 164 90 125 132 181 143 102 143 40 
174 3 36 13 200 178 54 177 87 117 64 203 115 151 175 201 
166 28 90 29 177 96 89 105 132 183 93 150 17 110 119 136 
159 5 149 155 26 175 1 4 68 128 131 64 14 32 184 90 
195 28 90 29 177 96 54 39 107 103 93 100 168 199 74 136 
205 105 133 186 87 182 172 205 37 177 124 177 157 136 92 72 
135 65 131 142 195 94 20 0 92 129 55 120 99 180 21 155 
128 108 50 82 30 109 104 86 141 120 102 119 141 2 129 4 
187 71 41 26 95 197 202 44 14 74 38 70 62 141 156 45 
86 93 129 193 64 157 95 4 115 157 8 111 50 136 163 205 
26 151 149 62 63 73 67 66 122 167 87 101 2 11 161 188 
205 86 23 96 149 26 15 165 56 2 4 111 73 177 42 51 
180 96 54 32 20 93 24 191 103 176 50 142 112 30 175 71 
135 204 128 150 180 129 160 68 176 32 34 191 56 154 192 126 
33 182 69 142 149 164 112 86 129 127 93 167 100 88 149 198 
95 80 128 89 45 173 3 116 194 39 103 141 189 77 148 57 
29 73 29 206 68 53 18 13 12 171 49 81 115 3 66 196 
63 19 129 64 160 126 123 6 154 101 124 181 177 177 141 138 
6 73 191 44 206 188 183 35 87 86 10 106 6 59 102 157 
129 131 188 6 53 177 126 2 64 41 26 53 194 24 165 158 
117 79 196 71 109 140 203 172 62 35 135 201 183 127 33 8 
26 52 149 131 63 53 48 114 122 19 14 42 152 156 91 188 
73 12 139 104 57 36 101 89 147 64 127 104 87 32 153 99 
155 13 58 59 61 44 149 86 188 171 163 199 96 27 196 3 
53 12 69 11 57 36 101 89 10 64 127 11 14 32 54 31 
29 24 96 58 15 4 93 82 63 59 35 178 149 60 66 9 
127 30 81 14 19 56 151 168 34 24 58 129 107 186 32 42 
61 44 23 147 203 96 28 7 41 133 205 177 96 86 29 79 
17 114 191 71 157 199 157 186 92 76 8 101 93 193 57 127 
8 58 90 120 146 154 60 129 102 3 64 44 76 165 6 129 
135 193 126 150 180 129 160 68 146 32 61 191 56 154 192 128 
150 164 95 4 21 203 202 78 117 146 123 24 109 168 82 162 
96 13 143 130 139 55 74 135 129 92 59 24 167 35 96 115 
70 132 177 0 135 64 183 4 127 149 164 175 64 150 96 168 
96 13 143 77 139 20 3 135 129 92 59 24 81 186 96 115 
92 66 175 83 96 21 4 139 51 22 116 107 162 202 153 88 
96 93 18 186 123 174 131 149 105 1 183 193 10 181 157 201 
204 175 190 4 32 206 184 92 151 115 82 129 184 56 130 46 
33 10 67 142 149 164 112 86 129 127 93 167 150 174 149 21 
195 149 162 190 29 20 13 146 141 95 19 44 132 131 38 157 
178 64 32 90 30 194 11 180 45 109 192 32 49 0 113 42 
9 47 36 109 62 165 120 24 116 164 105 58 160 84 6 73 
0 131 105 70 115 38 126 8 120 38 202 29 31 89 95 59 
23 192 37 29 183 173 72 157 188 79 38 176 195 44 129 135 
60 149 57 102 70 141 180 190 32 158 4 143 110 178 129 95 
86 92 129 41 64 157 95 4 115 157 132 111 190 206 163 10 
173 180 14 44 34 8 144 60 33 56 138 200 101 178 17 102 
189 200 25 154 107 19 144 70 165 26 76 122 137 180 203 196 
195 149 63 190 29 55 13 148 141 95 167 44 107 131 146 157 
49 164 95 4 198 144 202 23 7 146 152 24 180 168 82 63 
198 127 190 68 73 195 151 181 14 7 203 52 135 30 3 122 
187 196 163 27 57 24 143 119 83 49 191 89 44 155 102 34 
53 12 69 156 57 1 42 54 147 64 127 104 14 32 89 165 
57 7 158 112 56 100 55 146 20 143 105 6 110 150 128 91 
7 79 196 71 180 22 144 55 62 186 135 201 103 127 37 132 
86 92 129 204 64 157 95 4 115 157 132 60 194 200 172 205 
72 36 77 29 131 146 157 37 160 58 28 111 204 197 95 183 
183 15 177 96 32 38 95 34 125 86 65 45 205 183 110 117 
173 141 79 59 61 44 149 86 52 171 55 199 96 27 196 3 
123 15 76 111 167 170 32 177 87 102 95 12 122 152 86 35 
15 70 129 34 2 149 7 178 93 202 32 51 138 66 141 64 
41 26 190 4 32 136 6 93 52 115 82 129 6 5 197 151 
91 143 120 143 125 33 186 102 36 73 149 68 4 46 37 13 
109 96 89 32 163 93 24 191 183 148 50 142 184 1 175 71 
34 44 160 205 178 96 28 117 41 179 10 177 96 86 29 58 
29 114 89 95 143 50 197 136 164 149 157 81 55 29 90 198 
70 177 175 202 163 82 128 189 125 116 115 61 13 68 127 26 
107 79 90 120 148 154 108 129 102 119 64 44 76 31 184 129 
135 41 126 150 109 129 72 68 146 32 34 54 5 137 192 128 
116 188 28 103 196 127 64 24 177 120 102 202 70 176 32 161 
70 177 175 202 55 82 128 118 125 116 115 34 13 68 127 175 
12 131 105 70 115 148 126 107 120 176 202 29 99 89 95 59 
117 36 79 38 184 127 4 44 127 40 146 28 175 194 193 150 
135 145 62 82 195 28 163 0 92 129 55 120 99 109 21 173 
116 113 71 202 178 109 21 123 44 68 29 21 118 193 127 90 
161 26 144 51 138 70 4 31 85 203 24 80 97 96 77 112 
180 96 54 32 20 92 24 191 183 38 190 142 6 30 26 71 
183 15 177 96 32 176 95 61 125 86 65 64 147 183 110 117 
141 202 71 164 23 167 143 8 74 167 202 142 166 178 141 141 
88 79 196 71 109 140 144 163 62 35 135 25 183 127 33 132 
90 52 170 103 196 127 45 24 177 120 102 202 70 146 32 18 
173 13 58 59 34 44 149 86 188 101 172 110 96 27 196 74 
180 96 191 32 163 92 24 54 103 176 50 82 184 30 175 71 
