50 18
44 10 14 3 6 3 3 34 11 41 30 3 48 31 36 13 11 35 
6 37 4 30 26 5 34 21 41 36 37 36 17 18 34 10 24 16 
17 15 41 12 24 11 19 27 33 12 30 36 13 33 17 20 18 22 
21 43 37 44 39 0 15 36 40 11 28 44 39 30 17 6 10 37 
44 5 1 23 33 35 16 38 30 18 13 21 46 41 13 18 18 1 
46 8 45 8 30 8 13 7 3 24 18 37 26 35 29 3 9 25 
26 37 30 6 2 15 28 11 47 29 30 3 31 12 13 13 3 10 
3 33 4 34 8 11 45 39 7 30 43 18 43 6 18 8 4 30 
44 10 28 3 35 3 3 34 11 41 30 3 48 39 41 13 44 35 
35 37 4 30 24 19 34 18 36 36 37 16 17 18 34 10 24 12 
39 0 48 21 45 30 34 37 28 17 13 24 45 35 32 17 14 23 
37 34 15 17 22 6 35 5 10 30 10 8 25 37 31 14 34 35 
31 8 36 12 37 34 30 18 16 14 10 7 13 16 38 40 31 4 
14 2 10 10 4 21 48 11 33 46 1 6 8 22 36 11 24 0 
44 19 46 2 33 6 12 23 30 21 13 18 1 36 13 18 21 46 
46 0 45 8 30 0 13 40 3 24 21 37 40 35 29 3 46 25 
39 0 41 12 37 34 30 18 41 14 10 7 13 41 23 7 39 14 
16 11 11 25 6 34 30 3 31 44 48 20 31 6 44 33 21 0 
36 44 21 34 21 1 30 13 3 18 10 11 30 0 44 13 27 6 
1 0 45 0 30 8 13 7 3 26 21 37 26 33 29 3 46 25 
37 17 48 13 48 1 21 34 1 17 34 32 34 49 3 33 31 21 
36 11 21 34 18 9 30 13 3 21 10 11 30 0 11 13 27 35 
6 37 14 30 7 15 34 21 16 16 37 12 43 21 34 10 26 36 
43 15 41 12 24 44 19 23 35 41 30 41 13 6 17 42 18 9 
3 35 14 34 8 44 31 31 24 30 17 21 17 6 21 0 14 30 
37 43 48 13 49 46 18 34 46 43 34 15 34 49 3 6 31 18 
3 33 14 34 8 44 39 39 40 30 43 21 17 35 21 8 14 30 
43 15 41 41 40 44 19 27 35 12 30 41 13 33 17 42 18 9 
44 32 22 2 33 6 41 27 30 18 13 21 1 41 13 21 21 46 
3 37 10 32 7 41 23 37 43 10 26 13 23 44 24 39 3 0 
20 37 30 11 11 3 14 44 13 6 25 28 35 45 38 27 25 30 
11 32 9 37 44 40 30 3 15 35 39 33 39 10 35 5 22 11 
46 0 31 8 30 0 13 26 3 26 21 37 24 6 47 3 22 42 
40 37 30 6 27 19 28 11 49 49 30 3 31 12 13 13 3 10 
44 2 23 37 16 34 30 14 10 24 28 31 13 46 17 25 41 3 
40 37 30 6 38 19 4 11 29 29 30 3 39 16 13 13 3 10 
31 8 41 16 37 34 30 18 36 4 10 7 13 16 38 40 45 14 
8 47 0 25 15 33 3 47 15 10 3 34 40 46 35 44 11 34 
17 5 12 36 7 44 15 23 6 36 30 12 13 33 43 20 21 1 
44 5 1 37 44 40 30 3 5 6 45 6 31 10 6 32 46 44 
3 6 4 34 0 44 31 45 24 30 43 21 17 35 21 0 28 30 
39 8 36 16 37 34 30 18 12 4 10 24 13 36 2 26 45 4 
37 17 47 13 47 1 21 34 1 43 34 19 34 47 3 33 45 18 
12 44 11 25 6 34 30 3 31 44 29 42 45 33 11 33 18 0 
37 34 15 17 22 35 6 32 10 30 10 0 42 37 45 4 34 35 
44 19 46 37 44 7 30 3 19 33 45 33 45 10 35 19 46 11 
33 37 14 30 24 15 34 18 16 41 37 16 17 18 34 10 26 36 
3 37 10 32 40 41 2 37 17 10 26 13 38 11 7 39 3 8 
3 37 10 32 40 12 27 37 43 10 24 13 23 11 7 31 3 0 
3 37 10 5 7 12 23 37 17 10 7 13 38 44 24 39 3 0 
