33 20
26 30 32 26 5 32 26 26 17 5 1 22 4 26 4 21 17 2 30 17 
32 25 0 31 8 24 31 25 6 0 30 14 30 2 10 2 27 0 30 22 
22 1 27 14 3 22 29 26 20 23 13 26 23 26 3 10 28 14 12 20 
5 6 11 13 24 29 29 29 20 9 14 1 0 15 6 21 32 8 5 18 
7 6 16 16 6 11 28 9 14 16 24 25 29 17 14 25 30 32 22 27 
16 27 5 19 25 22 25 3 11 11 22 24 7 16 5 28 16 1 23 1 
30 17 7 4 18 2 13 9 20 2 13 23 0 17 29 21 3 32 1 9 
17 21 7 6 28 3 9 20 5 15 3 23 16 18 24 0 14 29 22 21 
32 24 1 19 32 21 18 15 18 3 2 9 17 20 9 15 10 31 30 8 
2 13 32 27 10 32 26 31 23 25 17 15 21 7 20 1 32 29 14 9 
4 8 14 28 18 19 18 6 24 24 17 26 10 21 21 22 12 26 5 8 
18 4 12 28 13 9 31 10 8 27 9 31 7 14 12 17 15 0 3 28 
31 27 10 30 4 18 29 25 31 12 5 0 16 7 4 27 22 17 29 6 
10 32 9 5 13 30 16 20 20 0 21 23 16 25 25 23 24 21 19 20 
27 27 7 2 26 29 22 16 4 16 11 5 27 21 9 22 15 25 25 0 
10 31 32 20 12 30 30 31 8 16 1 31 26 3 0 4 29 28 15 1 
5 10 19 11 10 20 13 11 24 27 7 18 14 0 20 14 11 4 25 20 
25 30 5 11 22 28 9 1 0 14 26 13 20 11 8 27 3 23 30 5 
13 10 25 14 6 27 18 11 2 12 15 32 19 17 4 19 12 24 7 27 
14 21 14 0 6 1 15 23 12 2 27 2 32 6 3 30 8 0 21 8 
13 22 25 16 6 21 21 19 9 2 17 10 14 32 30 19 17 25 19 28 
24 32 18 17 12 29 18 7 21 15 3 26 15 0 18 20 9 6 24 9 
16 9 29 0 2 4 17 32 23 26 4 1 2 29 1 25 32 25 15 32 
21 0 17 20 16 19 23 6 22 19 17 19 5 22 4 20 4 22 7 18 
4 23 10 26 0 28 11 31 8 19 1 21 6 15 20 9 27 2 24 9 
30 28 29 5 6 15 14 0 5 4 2 25 17 32 9 11 27 15 10 30 
29 0 16 12 20 13 15 7 7 13 32 1 4 9 31 5 32 16 3 15 
21 18 5 9 20 20 4 22 25 7 29 28 20 21 20 3 9 6 0 28 
23 16 20 23 19 17 6 2 14 17 10 25 31 19 32 6 2 3 23 14 
5 10 21 4 32 1 0 4 24 23 15 29 17 13 18 12 12 12 14 14 
28 11 6 8 19 23 3 15 17 20 15 20 0 9 26 11 12 16 20 3 
25 13 22 3 10 3 19 23 2 1 27 11 15 1 31 27 6 6 24 12 
5 12 2 5 23 31 18 13 7 26 20 30 5 8 17 19 13 16 16 27 
