796 13
743 481 455 558 765 728 357 419 735 401 463 424 497 
357 334 774 458 69 608 565 571 455 257 82 277 217 
638 171 55 484 654 570 630 113 648 442 100 330 141 
358 720 588 228 115 591 236 391 524 327 429 794 510 
663 447 327 513 405 758 45 556 581 203 738 567 282 
37 555 409 389 286 475 194 236 245 283 2 480 387 
432 44 745 482 101 84 116 236 574 203 458 139 424 
224 148 763 516 38 591 726 316 542 425 429 794 256 
721 502 560 407 670 743 354 727 477 337 669 724 203 
130 288 473 15 365 543 371 359 528 408 504 574 566 
36 373 478 15 742 277 602 235 432 438 733 344 676 
203 50 251 692 194 63 47 324 697 115 182 680 621 
137 55 171 102 203 130 22 434 647 548 235 418 227 
590 535 447 391 706 229 619 19 364 528 620 72 698 
746 254 642 230 81 139 15 182 206 401 654 194 591 
737 65 111 315 720 186 614 235 725 743 665 493 255 
705 741 275 17 442 738 516 571 598 387 276 692 272 
603 83 648 234 620 547 235 475 687 618 791 307 675 
479 377 84 676 390 178 665 525 622 504 425 15 759 
535 22 18 504 309 697 400 316 493 405 137 227 473 
167 207 665 384 315 410 545 742 567 193 94 765 20 
582 222 318 574 92 494 123 218 28 574 77 259 161 
358 641 189 766 759 290 302 23 448 327 19 641 57 
224 371 82 346 675 630 555 225 593 601 772 183 15 
438 289 327 439 374 528 742 409 458 118 424 290 548 
420 687 209 601 230 17 36 154 69 70 402 492 241 
547 142 574 505 697 550 345 320 780 136 15 382 117 
304 299 321 190 621 621 466 97 768 428 446 322 289 
513 55 67 672 675 574 722 133 420 755 770 248 287 
208 638 499 535 506 439 603 214 607 729 410 608 762 
302 681 346 713 29 601 730 629 22 548 761 277 535 
2 585 142 206 631 56 12 160 697 645 387 631 587 
686 316 310 521 732 399 562 731 75 558 641 437 476 
124 365 399 382 320 648 484 633 124 318 420 765 773 
636 53 387 560 176 395 562 685 255 400 433 441 607 
50 248 376 482 182 421 455 490 309 773 608 661 793 
535 22 689 493 309 697 128 620 493 94 741 355 319 
699 194 522 448 528 567 612 755 487 742 587 695 587 
621 179 384 609 566 340 34 134 389 258 357 136 7 
670 735 144 197 371 348 358 414 449 342 203 515 368 
302 744 548 8 355 289 365 63 320 752 219 144 568 
535 457 649 160 117 324 336 142 603 113 784 419 612 
277 503 535 458 73 76 20 697 407 594 22 256 120 
475 619 535 665 547 199 744 242 460 124 66 577 429 
375 32 196 534 705 556 780 678 441 428 560 122 143 
391 407 399 88 599 96 287 191 603 349 180 723 765 
194 111 36 502 188 489 482 478 138 634 156 39 552 
633 590 89 750 78 555 447 501 776 603 407 447 310 
277 281 535 458 342 359 776 697 407 346 22 795 120 
71 558 22 122 296 123 697 255 294 754 619 32 456 
180 252 390 111 527 163 741 467 650 479 176 661 721 
574 558 22 542 555 123 697 21 478 362 462 409 578 
327 404 1 420 526 355 395 697 17 458 265 72 450 
291 48 36 407 130 562 159 286 364 434 67 655 236 
274 672 400 620 67 635 701 369 384 516 682 428 137 
124 466 371 398 320 648 566 687 265 299 420 765 169 
500 32 258 33 593 556 283 222 728 428 482 614 550 
401 84 470 544 665 130 661 334 674 225 710 535 12 
48 497 588 695 149 730 407 345 112 275 280 429 547 
390 547 716 411 774 513 203 373 383 715 443 312 371 
660 780 450 84 182 593 335 214 789 415 261 587 144 
155 595 505 109 417 139 246 689 358 341 71 293 778 
224 399 372 663 129 180 271 358 243 601 165 145 15 
687 327 449 472 703 646 229 13 400 150 645 523 182 
334 672 77 620 200 13 248 369 384 228 727 428 137 
390 442 468 218 695 218 320 537 15 147 178 117 109 
670 735 517 691 371 645 224 439 184 427 203 469 298 
25 794 504 10 700 412 149 777 201 196 601 171 17 
559 658 407 113 659 760 604 599 355 618 399 518 637 
626 413 505 37 728 380 143 89 225 650 71 43 523 
699 194 91 337 528 567 612 11 688 742 81 429 587 
385 554 654 447 742 265 309 238 50 603 405 109 144 
224 286 588 228 198 329 749 620 542 327 570 794 334 
401 84 307 773 402 130 661 256 427 744 785 535 374 
288 708 489 542 547 320 558 655 386 544 316 628 400 
587 524 556 320 665 760 617 38 667 171 694 475 403 
642 539 420 541 745 782 484 752 567 39 316 461 575 
176 742 493 360 135 496 493 103 208 527 55 673 130 
153 784 458 420 440 481 376 105 421 656 759 122 361 
315 784 458 420 240 125 491 139 353 597 178 122 25 
516 274 542 777 628 15 203 143 194 693 21 608 665 
462 477 607 535 741 598 428 318 618 477 755 632 1 
194 111 36 239 83 136 560 60 706 701 156 66 495 
237 5 742 571 572 3 139 137 671 21 697 719 322 
513 790 528 691 362 484 277 218 570 562 670 665 203 
638 283 164 118 555 354 59 194 194 234 72 653 783 
639 540 676 76 81 132 428 225 502 766 128 576 165 
166 404 58 244 36 630 744 17 166 88 180 313 429 
141 320 213 224 738 758 557 486 228 752 653 203 153 
479 693 618 641 576 761 665 509 246 504 327 15 178 
0 467 228 35 791 260 147 182 17 263 466 19 385 
681 532 597 76 371 406 730 318 327 182 35 344 262 
638 171 55 374 680 570 630 113 364 768 100 511 644 
474 311 556 284 792 105 246 89 744 341 574 434 276 
181 379 181 110 795 458 514 548 458 407 765 287 765 
747 615 263 275 341 412 149 250 763 196 601 171 17 
277 454 535 458 73 76 262 697 407 346 765 379 120 
203 175 197 531 194 63 47 207 697 198 182 654 621 
705 479 15 130 162 43 125 218 384 327 203 605 302 
695 384 137 386 570 373 714 720 502 612 1 50 104 
708 127 187 241 373 319 247 340 654 455 110 328 696 
676 127 0 448 373 319 337 340 654 455 213 328 480 
702 52 556 284 457 139 143 292 744 650 71 293 523 
500 686 589 55 593 505 717 568 792 428 560 524 502 
775 123 540 635 770 601 730 629 765 548 759 277 535 
7 299 317 463 261 778 316 216 420 311 312 105 669 
84 135 380 661 526 770 195 628 339 357 33 686 322 
744 483 588 228 115 329 236 391 614 327 695 208 379 
304 44 220 560 101 618 116 726 71 203 458 139 788 
562 194 91 247 638 773 612 755 688 742 587 570 587 
697 63 433 315 548 171 0 555 439 642 361 320 781 
382 187 417 21 287 214 141 339 142 94 633 68 192 
166 646 648 518 36 630 744 17 126 778 781 522 429 
395 205 213 210 516 424 172 457 302 148 194 699 113 
466 779 102 422 773 660 276 292 603 124 535 574 464 
621 213 384 226 484 604 476 83 136 258 357 177 629 
269 585 26 206 734 44 566 608 697 41 387 675 587 
319 188 701 313 69 453 276 217 194 327 370 134 599 
98 419 425 163 566 638 742 252 458 24 788 369 548 
638 171 55 566 151 429 583 621 443 442 767 64 141 
304 270 321 375 621 113 365 377 278 428 446 53 354 
84 135 105 752 526 29 533 444 545 206 197 32 464 
490 89 133 217 545 309 462 735 679 304 258 120 87 
513 691 95 672 734 71 722 355 420 11 770 150 287 
697 141 433 315 420 171 187 555 414 300 361 320 173 
164 84 617 127 280 466 252 414 462 466 111 596 231 
180 686 390 111 205 163 137 67 650 461 639 752 54 
549 472 728 784 722 357 177 593 329 724 684 742 473 
639 742 263 118 135 572 504 56 794 509 33 661 130 
313 568 724 637 535 113 422 761 199 387 447 649 785 
626 127 125 277 742 686 522 20 268 98 504 275 227 
131 713 354 471 157 433 111 209 580 686 252 219 351 
715 272 29 248 207 652 612 200 692 661 441 547 126 
576 87 81 652 557 143 151 290 535 685 424 694 496 
85 5 742 212 714 72 105 759 152 255 697 572 322 
194 111 36 550 134 389 482 478 564 150 713 39 552 
133 28 663 13 29 601 86 3 22 420 741 277 535 
15 621 197 482 636 123 714 27 70 193 311 111 135 
429 384 741 386 570 373 660 720 437 536 1 50 104 
3 299 317 690 536 272 316 498 548 413 312 105 343 
182 314 535 759 391 199 665 203 491 241 185 442 703 
687 327 142 716 625 790 552 635 233 701 460 771 182 
547 449 71 556 697 268 166 320 589 177 15 152 658 
469 723 553 749 368 779 399 390 764 338 257 414 453 
316 407 371 272 623 740 287 219 90 375 781 253 22 
224 371 46 647 418 630 296 224 643 601 9 62 15 
316 407 371 778 245 659 287 191 90 190 630 215 22 
32 571 315 406 795 311 106 535 291 65 506 750 587 
458 353 34 507 742 231 316 735 384 287 218 781 332 
513 33 95 119 412 574 666 490 548 693 29 634 287 
244 260 200 315 212 612 162 632 175 563 661 371 222 
315 632 458 548 718 785 145 380 353 311 759 524 747 
639 540 641 242 81 547 428 224 268 157 233 576 9 
373 52 421 197 384 15 284 674 182 371 579 34 384 
163 357 734 154 580 410 522 203 760 517 635 133 113 
672 23 26 206 129 56 566 160 697 348 387 129 81 
100 535 447 391 204 344 314 19 756 638 316 107 42 
263 285 333 17 390 594 758 314 156 111 442 420 753 
490 225 420 8 490 354 466 141 320 752 737 273 285 
284 113 378 218 196 332 390 473 770 542 218 384 471 
36 373 388 15 742 277 549 235 432 431 733 229 746 
32 736 153 459 795 311 729 535 291 687 89 333 81 
429 384 761 386 695 373 660 774 246 261 193 126 136 
642 428 627 53 55 762 21 707 408 153 697 654 76 
4 472 392 632 722 206 177 578 329 520 579 742 735 
130 170 319 15 466 593 371 76 528 609 504 574 484 
180 32 576 111 509 163 137 385 650 667 639 328 64 
428 776 645 645 205 15 16 142 603 25 161 689 315 
137 26 192 125 720 447 633 312 691 287 19 274 552 
771 665 420 91 243 246 428 194 53 116 184 85 444 
618 716 649 770 427 263 620 419 669 551 5 29 466 
226 15 156 161 584 35 681 665 699 134 81 393 177 
746 254 642 792 587 380 15 182 357 142 79 194 529 
18 373 531 185 422 447 713 513 481 43 765 601 621 
574 558 22 542 497 471 697 255 232 754 381 252 543 
724 252 390 111 205 414 759 200 650 461 395 752 54 
9 319 410 648 324 237 726 60 323 540 595 353 485 
133 28 540 713 29 601 671 107 765 548 761 277 535 
15 113 691 482 1 471 660 503 70 321 311 111 46 
697 63 424 315 548 171 0 296 163 606 361 320 520 
762 373 436 598 361 447 713 670 710 308 765 601 621 
306 354 327 163 566 528 742 32 458 118 788 496 548 
294 427 53 65 353 306 64 309 673 739 3 729 15 
744 399 135 594 631 180 497 224 47 601 507 183 15 
132 449 574 556 697 239 50 320 589 389 15 707 117 
574 384 482 386 399 734 558 15 407 15 164 573 365 
225 286 201 5 625 329 726 620 586 425 570 615 379 
284 481 218 558 765 441 357 419 319 184 530 424 271 
237 5 742 492 714 629 139 741 707 21 697 660 53 
207 649 22 70 515 601 289 77 727 35 162 93 321 
587 524 505 320 402 760 35 625 549 171 757 117 481 
131 713 715 28 157 433 111 737 312 409 32 209 351 
324 680 22 109 339 601 289 725 426 266 564 538 1 
206 274 712 458 538 160 611 212 218 540 46 277 291 
572 228 466 589 314 544 514 790 433 328 178 728 192 
620 673 674 214 319 263 309 95 742 399 179 699 301 
137 142 192 403 286 447 633 312 55 287 19 379 512 
179 466 371 707 320 756 566 65 124 318 548 22 779 
113 110 384 408 12 651 733 134 104 258 357 136 234 
795 92 128 620 467 713 248 369 384 228 49 428 178 
361 140 263 275 700 394 28 250 588 168 601 171 17 
15 33 265 426 189 387 243 360 164 192 697 525 5 
224 148 588 5 625 329 317 620 122 327 429 526 256 
374 57 105 105 365 40 369 240 727 730 251 455 14 
695 384 137 386 695 373 369 286 622 254 321 175 30 
466 569 61 25 567 719 523 762 603 265 535 574 322 
535 143 181 19 313 353 304 417 620 221 180 767 591 
205 445 150 267 560 598 305 87 371 661 359 127 692 
182 462 535 741 316 54 665 203 62 448 669 442 332 
219 635 677 28 416 788 111 537 575 252 32 209 582 
324 649 765 109 411 601 715 128 694 335 138 546 1 
133 358 548 498 775 677 365 141 320 328 209 273 303 
228 795 122 777 628 15 203 437 194 755 21 275 402 
697 141 424 153 420 171 187 555 439 39 361 320 520 
428 262 348 41 509 15 367 142 90 747 161 18 315 
50 121 648 442 36 583 358 17 126 88 180 624 695 
721 622 482 407 670 109 715 694 477 241 368 781 203 
142 84 307 567 665 130 752 256 291 225 785 535 488 
640 768 699 682 513 393 523 560 466 467 113 203 744 
131 13 715 28 766 788 111 209 312 686 252 737 351 
676 261 39 732 81 105 15 182 357 221 151 194 529 
547 221 574 581 697 502 175 320 589 489 15 730 117 
439 206 631 303 575 34 91 203 460 517 156 775 113 
593 178 160 17 782 605 5 736 343 558 523 436 276 
171 407 618 219 784 505 569 255 658 407 407 4 63 
171 407 84 209 632 581 468 21 117 407 407 602 63 
175 701 376 560 182 421 455 490 514 567 160 752 325 
576 87 81 370 235 143 680 496 535 685 424 174 572 
109 555 686 30 720 658 194 317 351 589 323 401 558 
663 655 298 620 272 697 624 113 139 206 445 625 627 
12 429 130 482 435 457 259 250 391 255 277 770 561 
263 751 472 17 390 508 604 381 156 111 782 420 216 
714 258 597 618 182 593 617 214 326 341 536 587 611 
639 742 493 118 46 719 504 44 615 525 251 673 130 
358 720 588 228 625 664 637 316 614 425 695 140 159 
304 459 486 560 101 618 626 452 71 203 458 139 788 
94 433 768 260 459 21 185 147 245 560 420 371 603 
528 196 164 360 271 677 591 194 194 629 3 444 783 
113 656 24 234 320 102 595 171 99 539 457 337 430 
709 350 553 452 298 295 399 390 98 436 594 439 14 
621 595 24 72 320 546 413 171 685 208 417 241 379 
703 26 232 228 17 399 693 24 795 265 130 674 272 
300 794 548 541 453 782 12 661 779 300 316 667 580 
633 100 18 472 78 296 447 623 262 603 407 447 310 
606 178 371 204 382 644 702 536 193 520 273 531 399 
770 767 213 393 321 287 111 533 203 315 324 351 454 
515 87 108 236 298 468 399 390 306 531 663 163 559 
38 221 232 516 17 371 693 118 274 124 130 427 272 
768 35 67 315 571 612 162 85 345 711 328 371 751 
268 638 501 351 601 657 80 601 213 429 672 643 458 
119 62 26 357 412 459 484 160 697 760 558 394 587 
110 365 371 707 320 756 12 687 124 318 420 765 468 
409 391 526 710 728 371 562 363 75 387 708 550 579 
345 106 364 782 19 583 224 17 166 778 173 91 570 
220 135 24 784 13 423 304 343 137 666 482 454 127 
351 154 270 574 269 147 681 455 28 574 233 784 147 
743 621 209 455 589 625 390 319 29 542 218 384 471 
642 529 602 223 710 60 173 121 63 700 776 242 458 
137 221 210 403 720 447 65 312 534 287 19 510 552 
528 589 127 360 296 419 664 194 194 107 3 211 783 
175 470 491 482 182 421 455 355 514 773 10 673 503 
220 135 24 784 635 774 432 598 741 722 560 454 127 
214 207 402 384 153 684 339 742 773 321 655 765 776 
580 228 536 384 228 54 373 520 166 698 526 428 130 
695 384 137 754 695 373 496 148 143 612 321 166 489 
697 63 424 315 420 171 0 296 163 39 616 320 583 
175 634 280 560 182 353 218 355 514 567 160 673 454 
362 94 514 575 400 120 355 544 74 596 525 199 259 
339 253 235 726 368 295 371 390 98 338 508 414 14 
528 171 251 374 680 695 630 113 58 442 605 54 63 
182 453 68 395 588 574 286 53 61 213 218 639 274 
623 55 450 442 504 428 581 111 92 664 164 167 387 
644 320 265 744 101 267 235 172 228 328 158 203 153 
316 407 399 272 623 740 287 279 603 349 583 253 22 
743 113 378 455 283 703 576 319 770 122 455 384 28 
36 373 388 15 742 277 667 445 533 764 410 512 746 
63 320 110 224 605 604 553 14 228 661 158 203 153 
127 333 21 218 586 94 175 732 180 270 448 586 139 
66 761 399 564 398 644 626 254 321 583 146 288 371 
737 156 289 149 416 433 111 537 575 409 686 191 582 
224 371 82 346 394 781 271 744 705 601 652 145 15 
304 318 193 75 113 621 466 755 244 428 446 322 289 
437 528 245 351 601 356 397 601 213 429 2 643 458 
761 401 189 125 712 447 687 786 55 287 19 510 344 
562 194 313 247 528 544 254 693 590 742 81 570 81 
439 206 418 568 575 579 522 203 348 273 156 490 621 
458 421 733 366 742 416 316 735 384 287 455 583 198 
770 102 578 407 528 65 601 133 21 716 600 458 699 
618 750 680 770 57 263 316 677 368 559 228 770 466 
504 287 482 391 146 187 351 541 365 107 514 309 152 
692 676 104 586 383 320 387 655 754 773 391 653 400 
184 618 150 544 665 130 328 334 668 225 125 535 484 
461 97 84 746 390 178 402 347 437 263 425 15 761 
475 619 535 402 132 721 224 76 41 265 39 109 429 
369 258 297 84 182 543 408 214 249 700 536 81 144 
276 402 420 624 243 143 428 194 464 777 184 784 444 
245 534 297 244 263 428 505 111 92 329 164 167 387 
425 106 1 548 539 355 176 697 17 458 265 3 595 
574 384 482 362 399 734 558 15 407 15 127 406 365 
182 486 704 395 613 71 483 322 546 124 455 639 379 
513 735 144 197 371 41 744 163 449 427 203 709 185 
1 464 387 482 176 176 699 706 255 400 788 732 43 
576 592 81 366 445 437 151 74 535 706 433 727 719 
163 357 412 751 575 476 91 203 645 144 13 133 113 
391 661 217 167 473 493 309 467 742 399 179 562 579 
543 4 15 130 162 607 785 218 384 327 203 605 227 
705 461 15 130 685 607 521 218 384 425 203 590 227 
518 335 385 315 80 261 162 632 446 525 661 399 568 
475 619 535 402 132 54 358 359 645 265 606 743 429 
292 687 421 618 226 171 19 5 683 110 139 294 161 
182 619 535 178 620 64 402 203 62 337 669 278 38 
425 121 1 548 310 227 395 697 17 458 213 72 52 
83 362 48 328 277 21 224 785 791 632 365 348 367 
28 532 297 359 371 56 152 299 425 182 335 495 262 
347 765 14 281 617 558 203 298 5 210 214 795 671 
373 52 421 33 384 15 109 57 182 399 476 733 384 
519 209 666 36 500 637 645 217 438 420 83 496 631 
405 433 442 266 103 255 465 494 245 482 420 371 603 
182 220 68 639 532 71 148 53 93 110 218 176 334 
773 644 72 649 242 421 661 132 641 215 164 770 181 
335 117 419 130 182 237 747 771 742 747 22 620 421 
206 256 148 458 538 608 273 80 455 257 46 277 73 
668 96 19 407 130 699 256 483 364 293 95 405 726 
528 171 691 484 654 429 583 113 364 244 767 330 644 
563 445 307 651 560 669 431 87 371 328 242 164 692 
304 270 636 190 113 113 466 97 278 428 345 464 419 
550 638 582 351 601 769 736 601 265 570 323 593 458 
153 752 117 19 365 139 603 291 285 574 405 357 479 
173 176 255 630 531 306 185 195 669 130 193 297 566 
576 132 367 339 720 513 203 373 383 419 648 312 371 
430 2 400 316 67 713 470 496 384 228 727 428 741 
113 595 24 629 320 102 595 171 685 539 230 337 430 
621 179 384 408 484 267 476 188 104 780 357 136 72 
543 741 275 17 518 487 516 571 669 558 88 531 771 
109 621 737 455 589 115 390 319 29 614 218 384 123 
50 248 491 560 182 421 218 302 309 169 10 673 325 
396 252 780 197 578 581 196 678 728 428 560 586 437 
584 142 232 516 17 399 693 181 379 179 130 342 778 
618 716 79 29 427 504 316 677 669 745 516 770 365 
227 747 193 740 591 575 265 143 432 201 377 32 742 
362 405 514 580 400 27 133 544 572 530 114 54 85 
137 433 112 17 731 88 461 6 214 597 237 141 789 
184 84 634 567 402 130 673 510 427 744 785 535 12 
574 384 482 362 399 412 558 15 407 15 127 44 365 
663 405 739 316 771 697 522 113 105 206 108 115 756 
724 686 390 111 205 439 137 385 700 461 395 661 199 
66 664 602 472 403 388 630 646 63 700 262 242 458 
466 569 546 747 569 496 523 292 90 179 535 71 464 
535 728 78 608 117 324 103 142 603 113 259 289 261 
81 614 581 320 665 41 617 115 549 171 757 658 710 
126 646 364 278 36 630 224 17 446 272 781 313 429 
29 767 213 8 193 287 111 195 203 315 207 582 454 
195 299 321 748 113 621 365 693 768 428 50 464 677 
111 618 678 341 686 563 363 11 22 377 58 536 154 
263 287 482 391 146 0 582 0 365 107 514 309 730 
390 215 81 9 108 550 151 369 535 204 424 682 660 
621 450 24 202 320 93 311 171 204 310 392 448 510 
535 143 360 19 91 421 432 417 391 26 781 100 329 
171 407 618 191 259 505 569 255 475 407 407 667 644 
642 526 420 0 745 518 374 673 544 606 391 479 786 
431 715 327 414 374 638 742 686 458 181 424 496 420 
548 65 191 601 392 17 19 303 69 284 402 492 247 
218 287 587 633 218 706 182 315 219 196 419 721 57 
721 437 560 407 513 743 419 727 477 241 368 630 203 
740 271 763 570 471 707 407 50 112 275 62 429 132 
21 760 428 595 380 68 576 607 574 766 565 712 294 
130 288 735 15 466 456 399 76 528 408 263 574 566 
543 759 275 17 278 487 228 492 368 558 272 531 272 
71 384 482 362 371 734 558 15 407 15 127 56 466 
692 708 489 586 132 320 558 94 386 779 620 211 77 
130 288 473 15 466 705 399 242 528 226 263 71 566 
428 636 437 161 408 538 595 97 577 85 130 287 449 
194 111 19 246 134 136 482 478 204 248 156 300 344 
428 621 447 642 695 768 571 383 384 53 436 13 263 
761 55 171 102 203 130 22 434 540 548 445 675 490 
81 519 505 320 402 645 335 625 479 171 51 475 403 
358 371 372 540 129 781 296 224 643 601 366 280 15 
203 126 33 338 194 644 643 324 697 332 182 654 113 
378 713 419 681 231 788 111 219 575 686 686 737 582 
284 621 219 218 780 198 576 473 29 586 455 384 471 
202 299 749 326 612 771 316 363 420 311 312 380 669 
509 765 220 281 260 558 203 368 5 210 214 334 730 
639 346 641 242 81 547 428 225 246 766 233 576 366 
677 778 770 307 207 507 254 95 170 661 792 383 166 
420 340 464 476 587 654 761 76 68 130 62 467 644 
361 208 493 608 700 412 123 31 201 717 601 171 17 
218 287 587 687 455 564 182 153 219 258 715 199 342 
555 693 549 468 82 247 82 505 341 273 548 140 30 
572 258 656 618 182 243 35 214 530 700 261 587 45 
490 471 257 13 770 601 152 107 765 548 759 277 535 
265 389 427 784 330 51 562 513 448 61 84 558 182 
614 279 666 36 349 749 348 57 306 548 188 496 394 
566 695 130 482 698 392 259 777 391 21 277 29 106 
64 502 560 407 670 284 715 49 477 448 343 583 203 
522 285 781 452 535 113 25 759 330 558 447 79 785 
366 319 733 756 207 259 749 388 672 647 450 353 529 
81 519 505 320 402 460 408 332 461 171 49 117 521 
5 334 542 702 158 15 203 246 194 693 255 160 402 
639 647 708 76 587 547 428 224 268 416 725 390 507 
428 193 143 494 408 538 297 755 284 237 130 287 142 
176 742 263 118 46 660 504 406 140 205 55 328 130 
132 221 574 581 697 550 126 320 168 104 15 671 475 
715 461 316 324 514 14 493 398 177 518 773 572 428 
127 84 266 127 280 365 32 163 314 466 111 596 766 
84 372 105 328 526 29 533 158 411 357 55 252 53 
181 334 118 124 510 458 514 548 458 407 22 287 22 
75 252 283 534 578 581 283 303 792 428 560 519 622 
127 357 191 428 384 81 665 752 681 353 277 295 119 
50 701 280 482 182 353 218 490 514 295 160 752 503 
32 391 539 403 792 399 699 498 349 558 641 143 579 
636 464 558 482 395 395 699 564 255 233 433 732 434 
355 361 636 698 59 575 213 550 432 763 755 409 742 
313 303 630 637 535 113 422 178 54 387 447 649 125 
425 561 636 420 310 490 395 697 17 458 124 629 450 
606 428 627 322 691 506 21 707 408 315 697 680 359 
759 433 215 17 393 276 479 235 214 595 237 644 282 
504 678 16 17 390 647 340 381 156 111 782 420 216 
374 570 130 560 48 732 237 155 391 255 277 29 561 
522 285 583 726 535 113 422 741 330 387 447 654 521 
263 287 482 620 517 541 351 541 365 234 309 309 730 
168 15 90 1 428 277 373 27 432 710 621 491 645 
111 84 678 700 409 525 393 755 22 477 627 254 303 
420 687 219 601 230 17 36 285 93 577 665 492 247 
458 421 410 165 742 416 391 473 384 287 455 630 332 
461 89 316 485 180 255 562 788 285 331 779 742 555 
315 661 117 36 365 380 603 57 285 71 655 357 461 
574 387 22 122 296 123 697 21 294 754 381 32 243 
26 618 701 779 665 130 752 256 342 358 403 535 12 
758 428 194 28 306 560 324 673 132 775 207 225 399 
421 319 654 474 592 192 157 742 716 160 556 382 452 
109 621 219 218 196 703 576 319 770 524 455 384 123 
47 602 15 130 99 434 521 218 384 327 203 590 490 
391 752 57 214 319 504 514 95 742 371 110 562 733 
602 689 391 59 180 21 562 424 154 331 567 742 555 
475 314 535 665 132 54 224 76 348 265 39 109 429 
277 454 535 458 73 359 262 697 407 663 22 334 503 
84 333 680 29 217 263 620 289 465 486 5 29 365 
709 253 235 452 465 468 399 390 305 531 663 414 486 
456 4 15 130 204 293 785 455 384 327 203 738 775 
300 428 648 53 534 683 255 398 408 315 697 78 359 
113 52 360 234 320 538 52 171 138 615 457 337 795 
12 695 130 560 499 441 85 31 316 255 277 29 121 
66 759 399 564 671 63 702 254 1 781 144 338 399 
48 296 613 429 123 152 407 166 350 160 491 429 132 
133 224 420 8 227 677 466 63 320 328 219 146 678 
432 56 172 482 688 84 155 236 71 203 458 105 788 
781 32 576 111 527 414 761 95 415 479 395 661 511 
478 160 558 53 75 560 680 167 341 767 309 459 473 
115 401 294 516 17 371 11 360 256 265 130 57 88 
132 184 71 505 697 143 345 320 589 104 15 382 117 
425 729 193 420 526 490 639 697 17 458 265 202 413 
227 358 420 731 490 677 466 63 320 661 378 146 303 
94 433 782 226 459 21 739 161 245 482 420 399 90 
708 261 606 392 587 139 15 182 357 26 78 194 485 
195 318 321 75 621 113 365 477 768 428 446 322 715 
552 278 699 757 670 393 88 560 466 67 113 203 358 
65 738 89 16 654 497 447 245 262 90 407 447 794 
374 695 130 482 659 417 632 777 391 255 277 770 790 
307 15 228 309 331 207 770 704 574 661 560 32 742 
75 32 717 197 578 505 168 154 392 428 560 542 143 
535 792 680 275 117 207 103 184 90 621 784 354 261 
647 447 327 670 655 267 517 581 581 203 590 169 282 
527 22 745 454 609 558 203 598 228 189 214 334 671 
239 528 582 582 601 356 571 601 265 570 92 593 458 
57 698 19 407 130 699 379 720 443 293 467 94 749 
574 384 482 754 371 418 558 15 407 15 164 44 365 
255 645 428 597 139 68 390 607 71 231 565 423 294 
747 794 504 275 415 129 28 626 613 780 601 171 17 
771 665 548 91 47 246 428 194 322 155 221 85 653 
302 422 321 96 664 786 179 437 432 613 477 409 742 
768 260 200 315 571 612 564 237 166 563 752 371 751 
670 691 95 672 412 71 722 355 420 11 29 307 287 
243 741 608 17 244 605 228 736 298 387 88 531 276 
468 63 186 78 359 353 752 547 676 592 127 29 24 
672 376 449 357 418 459 374 10 697 645 387 412 587 
473 188 701 91 69 745 523 342 194 425 507 188 582 
193 464 558 482 395 176 562 99 21 77 433 392 607 
203 126 197 288 194 644 543 324 697 584 182 649 113 
74 589 595 618 182 47 609 167 789 650 254 81 273 
663 447 425 670 405 604 45 505 556 203 101 773 596 
547 26 574 581 697 550 50 320 258 389 15 382 475 
127 84 266 127 62 466 32 163 619 466 111 690 766 
188 130 258 41 162 538 0 638 758 164 444 16 513 
458 353 301 370 742 766 391 735 384 287 455 173 38 
178 251 171 69 203 130 22 434 508 420 6 631 227 
390 547 333 411 148 670 203 373 132 354 58 786 399 
708 612 642 230 81 105 15 182 206 449 151 194 662 
676 127 187 337 373 473 448 758 654 455 124 673 142 
759 534 171 61 203 130 22 293 647 420 557 734 355 
133 681 257 635 770 601 86 234 22 548 741 277 535 
390 592 587 772 108 268 151 74 535 162 433 682 719 
225 371 46 594 675 583 271 224 243 601 9 145 15 
228 795 524 155 653 15 203 246 194 97 21 10 665 
786 5 612 384 228 199 373 583 175 96 140 428 130 
252 397 153 103 510 297 106 535 217 687 18 367 587 
647 94 739 316 778 697 522 113 380 206 108 584 443 
531 708 104 586 132 320 387 655 386 468 620 628 787 
599 33 450 278 493 428 556 111 92 591 164 167 387 
511 239 482 407 513 109 677 757 477 247 368 630 203 
277 352 535 458 217 242 262 697 407 540 22 256 27 
587 586 505 320 402 760 226 703 549 171 174 658 403 
770 590 213 8 193 287 111 533 203 315 324 623 281 
515 112 108 236 739 779 371 576 305 692 594 414 172 
304 270 193 75 621 113 365 377 518 428 166 53 419 
786 516 536 384 228 330 373 520 166 48 794 428 130 
88 519 449 782 19 576 732 670 402 697 302 387 478 
4 693 618 641 576 137 665 525 268 493 425 15 137 
130 531 473 15 466 456 371 359 638 609 493 574 566 
39 529 602 472 521 478 520 404 63 415 262 359 458 
365 468 538 422 773 369 272 89 603 179 535 71 322 
577 621 378 218 283 625 390 319 770 519 218 384 471 
256 2 787 620 95 635 470 660 384 228 727 428 759 
647 405 739 391 272 697 91 113 139 357 6 703 648 
494 203 36 29 183 467 287 377 85 425 667 659 311 
689 633 421 84 260 171 36 5 689 213 139 294 494 
227 422 636 740 485 312 110 502 533 613 477 252 742 
577 497 252 489 286 475 194 726 599 780 92 184 558 
316 407 371 523 501 499 287 279 90 396 724 253 765 
66 178 399 162 398 63 155 612 636 781 45 288 399 
133 292 227 674 339 309 619 319 561 432 258 325 215 
689 373 531 465 422 447 713 670 125 43 765 601 113 
127 84 266 127 62 365 252 163 462 466 111 326 766 
471 613 595 242 371 573 382 318 327 182 226 552 776 
63 320 179 358 688 340 235 486 228 752 40 203 315 
775 506 490 674 545 514 619 735 404 195 258 352 350 
365 169 546 747 544 660 276 89 603 110 535 71 464 
182 314 535 759 316 511 665 203 23 337 739 244 610 
365 567 102 616 779 572 272 89 603 265 535 574 464 
49 51 480 139 425 323 610 706 790 791 563 204 306 
576 132 16 709 712 670 203 373 383 419 648 575 399 
550 638 351 599 601 238 80 601 124 695 119 47 458 
618 716 649 770 342 504 391 715 598 220 516 29 466 
15 251 213 426 210 387 705 24 164 192 697 525 516 
620 752 217 167 735 263 309 467 742 399 179 562 476 
110 365 399 707 320 648 12 65 179 270 420 22 779 
230 428 699 437 215 434 721 722 639 357 384 433 588 
559 46 360 85 13 720 432 368 741 666 482 352 164 
737 156 354 123 231 788 111 209 575 32 409 537 351 
250 656 581 743 230 105 550 18 225 415 574 607 272 
182 314 535 761 620 64 402 203 62 337 343 768 703 
66 662 479 750 785 478 583 646 644 650 20 76 458 
109 125 218 387 22 732 206 715 473 26 789 433 271 
490 762 133 217 411 514 314 473 561 304 283 120 215 
65 767 683 750 649 296 447 623 20 90 407 447 526 
88 402 420 313 643 550 428 194 322 474 401 784 628 
133 616 193 48 664 580 124 268 533 613 97 32 742 
116 52 556 70 392 105 239 506 358 700 574 434 276 
354 272 770 307 324 507 612 95 436 752 457 547 50 
717 15 603 1 428 277 373 454 195 481 621 491 760 
663 447 425 670 655 604 144 556 581 203 487 779 282 
554 112 445 317 368 567 399 576 431 288 508 414 220 
641 254 66 732 81 139 15 182 357 184 78 194 529 
540 405 598 620 272 697 313 113 105 357 108 115 648 
432 573 220 560 688 84 474 236 71 203 458 105 424 
355 361 1 499 662 312 213 550 304 763 11 409 742 
599 691 311 768 493 428 556 111 269 529 164 167 558 
276 614 401 244 36 576 392 670 665 697 133 387 232 
304 103 559 482 688 84 626 637 71 203 458 380 433 
296 755 667 544 82 247 372 581 700 517 420 615 389 
746 261 606 728 81 105 15 182 357 449 151 194 591 
134 130 258 645 685 69 0 638 651 164 158 472 513 
84 135 105 673 794 770 304 628 554 206 197 686 53 
163 437 122 407 239 621 29 111 415 658 494 206 354 
466 569 69 422 468 74 523 762 603 213 535 71 322 
695 384 741 386 570 373 74 720 143 612 193 166 389 
391 407 399 523 245 48 287 378 603 500 630 87 765 
761 691 171 546 203 130 765 607 647 420 553 129 490 
523 665 420 91 643 239 428 194 322 702 142 632 451 
439 206 412 285 580 684 522 203 645 611 13 302 113 
276 402 420 624 47 437 428 194 322 31 449 237 653 
421 319 649 777 592 192 157 742 750 160 581 398 637 
5 274 122 116 653 15 203 502 194 11 255 275 402 
436 708 389 524 132 320 387 405 386 544 391 444 233 
375 686 717 33 593 581 283 303 417 428 482 519 268 
385 545 649 447 742 179 309 718 166 90 655 577 273 
83 386 435 673 277 255 358 481 68 237 365 460 750 
110 489 291 85 54 51 699 670 241 61 84 558 182 
562 194 313 247 528 295 612 693 101 742 587 695 587 
633 688 506 750 78 271 447 245 20 90 407 447 794 
1 464 558 560 176 639 562 706 255 725 433 441 308 
188 362 435 661 277 21 224 481 791 784 365 460 716 
272 524 449 518 19 576 417 513 402 697 355 558 232 
29 738 124 753 193 287 111 195 203 315 324 582 454 
89 373 338 185 747 447 13 670 403 43 22 601 621 
621 124 384 35 12 604 579 188 389 283 206 389 107 
225 371 82 508 129 724 555 224 643 601 652 183 15 
227 689 302 73 411 514 619 319 404 195 168 352 592 
462 693 43 535 759 298 428 299 618 11 693 85 321 
15 197 110 694 189 387 47 181 164 210 697 205 228 
761 26 189 481 712 447 633 580 251 287 19 334 229 
676 164 0 247 373 735 448 604 151 218 124 673 142 
390 547 716 554 148 670 203 373 547 354 627 575 399 
166 404 443 442 36 520 358 17 175 272 583 91 695 
687 100 506 16 680 271 447 501 776 90 407 447 310 
606 591 461 333 710 294 180 561 141 650 262 242 458 
327 106 193 548 794 302 395 697 17 458 124 107 297 
622 638 599 623 601 769 80 601 110 570 92 456 458 
425 404 193 420 140 302 639 697 17 458 179 107 597 
574 384 560 386 399 734 558 15 407 15 164 573 466 
29 101 265 753 321 287 111 533 203 315 324 582 352 
513 319 146 197 399 460 224 439 401 427 203 515 739 
505 201 62 676 384 365 227 381 458 759 364 420 313 
540 447 425 670 94 651 565 581 556 203 738 295 596 
0 385 5 617 791 35 494 182 17 263 466 36 67 
362 94 514 575 77 793 227 295 74 249 563 721 85 
708 127 541 448 373 735 247 758 79 218 213 752 401 
670 319 517 197 399 645 225 414 221 217 203 469 185 
117 619 535 665 132 511 225 242 348 110 66 577 429 
19 373 60 15 742 277 667 108 432 764 301 344 708 
175 248 280 482 182 421 455 355 309 567 608 752 352 
113 265 384 35 566 340 301 83 30 258 357 136 107 
620 407 371 88 501 698 287 737 90 375 781 215 765 
14 46 360 632 156 720 195 739 178 666 560 120 164 
15 534 213 49 192 558 593 118 164 192 697 347 516 
133 292 133 57 554 514 462 735 646 533 780 454 592 
182 619 535 741 391 54 665 203 376 247 739 768 610 
548 633 537 601 728 17 19 751 546 37 665 736 337 
50 307 491 560 182 353 218 775 514 773 275 661 793 
513 729 638 55 754 484 277 218 570 699 670 402 203 
205 765 745 325 408 558 203 598 228 189 167 159 398 
542 209 666 19 748 317 348 217 764 548 188 369 412 
176 711 265 192 5 433 559 792 302 148 194 699 113 
339 112 235 726 739 779 399 576 431 531 594 163 559 
770 101 213 498 636 287 111 533 203 315 324 582 27 
149 201 595 242 399 56 671 299 327 182 226 495 776 
113 179 384 408 484 758 410 134 177 717 206 389 107 
92 376 401 357 734 56 12 275 697 41 558 129 81 
698 271 201 570 681 730 407 175 723 275 183 695 132 
775 744 420 753 355 289 365 63 320 661 219 611 678 
225 774 201 516 38 662 749 316 614 425 570 615 159 
292 373 170 298 361 447 635 670 125 308 22 601 621 
624 285 520 637 535 621 747 741 54 558 447 79 403 
528 780 164 360 497 354 664 194 194 7 3 628 568 
390 278 468 455 429 455 320 737 15 161 761 475 284 
278 260 67 315 80 536 138 784 166 205 673 399 568 
738 535 447 316 564 495 462 36 364 528 620 234 659 
357 379 774 458 546 10 144 397 218 647 82 277 217 
655 433 782 335 56 255 343 147 351 560 420 399 90 
49 727 401 105 327 119 610 564 790 68 527 138 305 
9 319 34 648 207 259 236 294 323 508 656 353 329 
540 94 598 620 778 697 522 621 139 357 108 38 756 
425 552 314 603 371 326 364 132 706 407 648 182 633 
670 735 146 33 399 348 224 414 184 668 203 545 669 
633 101 18 367 151 296 447 599 20 90 407 447 310 
687 425 184 750 610 646 344 713 787 307 760 88 182 
535 230 79 160 658 207 406 480 603 621 784 354 536 
618 82 139 752 140 770 533 211 554 357 197 409 322 
66 662 461 750 481 232 180 679 644 700 262 359 458 
659 296 588 570 28 730 407 446 592 275 183 570 383 
315 784 458 420 718 125 62 380 353 413 761 542 25 
137 424 112 17 731 771 602 557 214 311 259 644 282 
362 405 514 575 128 352 302 569 719 249 509 64 237 
130 338 473 15 365 705 399 76 638 408 263 574 374 
227 225 548 498 355 289 466 141 320 752 537 144 285 
153 259 458 548 240 125 62 380 421 656 178 122 361 
24 379 181 179 159 458 514 420 458 407 765 287 22 
425 729 321 548 539 490 176 697 17 458 124 72 656 
113 52 360 7 320 69 52 171 99 208 457 337 256 
473 83 701 522 61 559 771 427 194 327 366 134 501 
277 793 535 458 217 359 262 697 407 346 22 510 27 
338 641 177 542 132 320 558 94 386 169 391 653 77 
583 176 21 781 338 438 343 432 598 130 193 311 484 
390 383 750 554 423 670 203 373 547 677 756 580 399 
600 529 461 367 403 60 520 121 644 341 262 242 458 
576 547 16 469 712 670 203 373 383 289 627 575 371 
354 667 316 207 514 559 263 730 177 768 773 572 428 
548 601 167 284 114 502 15 373 387 134 314 42 622 
346 447 425 513 405 758 45 556 581 203 738 544 282 
696 618 307 779 402 130 661 510 57 744 521 535 566 
574 384 560 386 399 734 558 15 407 15 127 406 365 
161 203 36 29 376 67 287 377 632 327 667 659 595 
176 257 641 242 587 547 428 744 550 766 128 390 165 
528 171 251 488 79 570 173 621 627 278 688 199 141 
583 176 21 180 288 438 185 432 298 130 193 656 566 
696 84 470 295 665 130 328 430 342 358 785 535 12 
313 154 520 452 535 113 616 178 199 387 447 151 403 
327 512 619 90 399 789 756 132 204 407 364 182 687 
493 287 560 391 144 187 623 541 466 202 514 514 86 
414 357 394 285 580 733 313 203 348 144 713 355 621 
84 135 139 328 310 770 304 158 545 357 691 32 53 
315 632 458 548 718 710 376 105 421 297 761 519 361 
513 251 467 269 129 574 722 133 420 693 770 701 287 
574 558 22 614 271 28 697 21 294 754 381 252 243 
667 477 84 641 576 178 402 509 502 263 425 15 759 
636 322 387 482 639 395 562 204 255 725 433 417 434 
570 384 178 386 429 373 496 774 268 254 636 345 30 
409 620 526 785 728 371 562 753 748 387 708 550 733 
576 768 773 455 570 218 320 537 15 161 759 658 284 
641 164 541 247 373 473 241 267 78 218 110 328 449 
479 97 618 708 576 759 665 525 143 493 425 15 178 
550 528 351 582 601 657 571 601 179 695 92 243 458 
110 365 371 730 320 648 484 687 213 299 548 765 295 
618 223 680 770 291 263 316 354 598 14 5 29 466 
203 175 55 170 194 63 543 324 697 703 182 151 621 
71 558 22 122 296 123 697 21 478 362 381 409 243 
353 735 680 250 87 210 231 742 750 10 581 152 637 
132 696 574 556 697 622 175 320 196 489 15 671 117 
302 176 144 208 365 358 132 220 338 699 447 205 603 
277 454 535 458 217 242 262 697 407 594 22 256 281 
414 550 586 407 246 621 770 111 650 117 494 357 354 
137 433 592 17 216 778 479 445 214 597 259 644 249 
278 609 95 153 492 261 99 784 345 527 673 371 568 
92 585 142 206 734 573 488 10 697 348 387 129 587 
621 179 384 35 12 758 410 134 389 168 206 489 202 
172 658 407 621 698 41 267 623 355 618 371 442 749 
65 767 89 16 680 497 447 599 20 603 407 447 615 
695 384 137 362 695 373 290 483 622 536 1 175 104 
395 540 676 76 587 547 428 358 437 157 400 390 366 
327 512 619 603 371 789 364 132 99 407 648 182 687 
133 25 193 435 529 312 265 622 195 613 97 32 742 
164 84 408 127 23 365 409 163 462 466 111 530 416 
365 773 69 25 569 290 272 762 603 110 535 71 53 
458 353 34 370 742 231 391 473 384 287 218 173 703 
738 535 447 620 706 512 462 36 364 638 620 7 42 
170 746 136 519 132 320 558 94 362 773 316 211 233 
263 287 560 620 517 0 599 541 466 107 514 309 671 
705 178 10 17 782 605 5 571 298 387 272 531 771 
178 184 189 710 148 447 65 312 55 287 19 379 229 
621 413 24 107 320 538 311 171 162 794 792 247 510 
531 708 389 122 132 320 558 655 754 295 391 451 725 
458 353 34 772 742 231 391 319 384 287 218 173 332 
430 323 233 316 200 156 150 290 384 228 426 428 741 
548 601 214 284 525 550 15 373 558 134 381 435 502 
126 679 443 518 19 583 358 17 50 88 781 522 570 
762 373 436 598 25 447 13 670 481 607 765 601 621 
639 742 504 24 82 572 263 459 526 205 691 661 130 
94 788 782 260 44 21 465 147 599 560 420 399 603 
574 387 765 614 555 149 697 21 232 754 462 409 643 
488 695 130 560 435 392 85 116 316 21 277 29 646 
618 46 105 673 526 29 432 451 709 357 691 409 322 
395 540 676 76 587 383 428 744 246 157 725 390 772 
721 268 482 407 513 284 289 694 377 241 298 180 203 
12 570 130 482 698 732 632 31 316 255 277 770 729 
1 464 387 482 176 395 562 204 21 77 424 732 293 
522 678 724 637 535 113 747 759 64 387 447 151 521 
773 141 202 649 76 421 328 547 708 87 127 770 24 
228 274 519 116 158 15 203 550 194 97 21 608 665 
279 713 677 123 157 788 111 209 786 252 32 279 351 
746 127 187 241 373 319 337 604 79 218 213 661 401 
71 384 560 362 371 129 387 15 407 15 127 103 365 
277 352 535 458 73 242 776 697 407 594 22 334 454 
15 113 534 560 636 681 74 281 577 636 311 111 46 
446 5 443 358 658 117 324 617 601 770 386 22 762 
562 194 313 241 638 569 536 477 738 742 81 570 81 
171 407 84 279 237 556 468 21 117 407 407 602 644 
708 612 600 441 587 139 15 182 206 401 78 194 59 
327 640 619 90 399 282 627 383 138 407 58 182 687 
548 633 219 601 230 17 36 222 102 284 665 80 337 
587 586 505 320 665 41 260 584 479 171 51 117 403 
655 788 244 260 103 21 298 161 582 560 420 371 90 
593 178 10 17 782 590 228 80 343 387 272 436 771 
414 206 734 285 580 410 91 203 760 146 713 490 621 
520 176 21 173 338 305 669 432 465 130 193 311 488 
64 502 560 407 513 577 354 727 97 448 739 630 203 
455 287 587 65 218 99 182 315 737 589 419 511 342 
203 50 691 170 194 63 543 324 697 38 182 680 113 
42 296 201 570 149 152 407 175 215 10 183 570 383 
574 558 765 519 296 28 697 21 60 754 314 409 243 
362 655 514 580 725 27 227 779 290 530 711 199 259 
15 621 691 482 1 28 572 27 70 1 413 111 46 
535 441 680 10 658 207 56 142 603 621 632 677 612 
15 621 534 560 193 149 496 454 70 321 413 111 372 
667 97 84 746 576 759 402 711 437 263 327 15 137 
15 691 179 694 210 558 47 24 127 189 697 711 516 
578 479 15 130 706 308 403 455 384 327 203 688 227 
358 641 210 157 761 496 133 183 247 425 19 708 217 
263 154 716 17 576 257 604 314 635 111 244 420 363 
676 164 187 337 373 473 247 651 79 455 110 752 449 
66 759 399 685 398 63 702 254 193 180 144 170 371 
621 413 181 629 320 102 656 171 99 539 230 241 159 
615 638 499 535 89 414 603 167 43 404 733 275 762 
63 320 265 358 767 340 235 220 5 752 158 203 315 
130 288 319 15 466 543 399 359 528 617 493 71 566 
523 665 420 91 705 268 428 194 53 702 449 237 653 
458 421 579 652 742 157 620 735 384 287 218 583 198 
576 253 587 165 6 268 680 660 535 706 433 51 660 
167 324 402 384 315 301 709 742 779 193 405 22 262 
672 23 221 357 631 459 566 275 697 760 558 418 81 
63 320 265 224 738 340 553 551 5 328 211 203 153 
276 402 420 91 456 268 428 194 322 155 221 237 158 
178 26 189 710 423 447 687 575 534 287 36 510 229 
89 373 531 465 747 447 635 670 521 293 22 601 113 
39 741 399 162 730 644 31 254 636 583 45 288 371 
163 357 675 751 312 34 522 203 645 517 13 133 113 
638 168 127 118 271 419 59 194 194 72 72 653 568 
127 618 226 127 62 466 32 414 462 365 111 530 416 
83 362 42 752 277 255 744 403 68 784 365 348 472 
395 742 263 181 82 74 493 56 794 509 534 661 130 
4 689 620 529 630 21 562 788 783 356 773 742 296 
502 638 582 245 601 331 492 601 110 429 92 543 458 
618 46 139 752 140 29 533 653 545 206 251 32 322 
172 117 407 113 740 760 604 245 302 84 399 518 637 
488 695 130 482 659 728 259 626 391 21 277 29 121 
195 270 321 375 113 113 365 11 518 428 166 464 677 
182 381 535 137 620 64 402 203 491 448 368 244 198 
109 113 209 218 283 584 576 319 770 524 455 384 681 
